2457474	1867828	589646
2475541	1857264	618277
2453871	1838525	615346
2424546	1836020	588526
2409820	1819866	589954
2502995	1872319	630676
2440616	1833396	607220
2535345	1904100	631245
2517980	1819036	698944
2419627	1876355	543272
2567046	1846915	720131
2437988	1827483	610505
2457033	1830427	626606
2498615	1841610	657005
2359397	1810650	548747
2419251	1850442	568809
2434865	1865672	569193
2490072	1838587	651485
2365190	1838930	526260
2453754	1814831	638923
2486344	1871356	614988
2412319	1811814	600505
2581474	1877848	703626
2414645	1833675	580970
2440212	1858935	581277
2505845	1858357	647488
2500770	1834687	666083
2465462	1865134	600328
2422854	1769779	653075
2474963	1876755	598208
2500521	1877276	623245
2478246	1844130	634116
2566463	1849111	717352
2475655	1849398	626257
2438918	1826655	612263
2475089	1870681	604408
2439903	1835859	604044
2481506	1811796	669710
2582692	1905645	677047
2450178	1810839	639339
2449576	1813881	635695
2501568	1823704	677864
2441382	1831428	609954
2397011	1837678	559333
2458334	1857155	601179
2449645	1843582	606063
2450626	1847034	603592
2532651	1868617	664034
2485022	1837731	647291
2401327	1820972	580355
2476161	1838016	638145
2582216	1873823	708393
2571578	1862792	708786
2488246	1879641	608605
2452774	1854460	598314
2546468	1882127	664341
2458783	1839186	619597
2473752	1864569	609183
2454989	1857300	597689
2477324	1869601	607723
2481743	1816453	665290
2446071	1822586	623485
2444413	1807447	636966
2513441	1858451	654990
2537906	1847961	689945
2500397	1840966	659431
2471879	1879155	592724
2391087	1819188	571899
2551121	1869542	681579
2583319	1870683	712636
2474833	1820137	654696
2484137	1831972	652165
2421760	1839086	582674
2409138	1851398	557740
2545005	1885944	659061
2492228	1837094	655134
2451459	1802498	648961
2500855	1823225	677630
2567213	1857035	710178
2458925	1824745	634180
2408236	1840571	567665
2468379	1831023	637356
2402551	1833518	569033
2540109	1840072	700037
2450336	1838748	611588
2511598	1833813	677785
2518587	1838217	680370
2559897	1860293	699604
2454213	1813313	640900
2458413	1867626	590787
2443749	1869807	573942
2524776	1857628	667148
2470128	1863106	607022
2588981	1854687	734294
2504568	1813166	691402
2538014	1864406	673608
2500007	1880129	619878
2452528	1832399	620129
2456244	1880379	575865
2487931	1830059	657872
2529775	1837203	692572
2475571	1887519	588052
2501029	1865448	635581
2421290	1859460	561830
2449920	1862758	587162
2470243	1809595	660648
2520397	1846783	673614
2556353	1852426	703927
2439760	1833511	606249
2524291	1844437	679854
2517209	1851869	665340
2488117	1852332	635785
2434022	1813015	621007
2449495	1815906	633589
2455327	1793375	661952
2452728	1828430	624298
2532104	1887767	644337
2450708	1859844	590864
2533000	1888270	644730
2517685	1898202	619483
2373621	1800262	573359
2423877	1854246	569631
2433884	1832563	601321
2504613	1825111	679502
2409054	1799322	609732
2501240	1906105	595135
2548441	1889941	658500
2563948	1832540	731408
2429970	1868442	561528
2504869	1881500	623369
2474462	1883388	591074
2441851	1834818	607033
2527896	1856648	671248
2398241	1802960	595281
2508883	1906180	602703
2546658	1842024	704634
2424532	1809194	615338
2458362	1858681	599681
2573876	1877758	696118
2461649	1838705	622944
2497947	1847195	650752
2442026	1824659	617367
2506707	1867043	639664
2508091	1852407	655684
2443661	1839470	604191
2459655	1860046	599609
2507860	1879243	628617
2441192	1836882	604310
2478863	1850625	628238
2405721	1876281	529440
2512017	1837061	674956
2554363	1861933	692430
2465589	1865360	600229
2425420	1862431	562989
2524522	1876712	647810
2507237	1848665	658572
2457820	1812254	645566
2617997	1870319	747678
2402179	1816360	585819
2522693	1808064	714629
2549363	1856826	692537
2487679	1850598	637081
2506265	1854208	652057
2469372	1809498	659874
2515209	1874830	640379
2499751	1889005	610746
2492954	1844951	648003
2512118	1885408	626710
2511383	1841560	669823
2486466	1836026	650440
2506259	1846817	659442
2472683	1850807	621876
2447946	1817899	630047
2489575	1840582	648993
2488574	1817573	671001
2449718	1821459	628259
2475209	1853055	622154
2505311	1855556	649755
2582985	1906889	676096
2415981	1859613	556368
2444924	1791243	653681
2379721	1822994	556727
2411993	1791485	620508
2416097	1841524	574573
2596325	1903450	692875
2497794	1828679	669115
2445387	1820134	625253
2500404	1858995	641409
2473078	1849676	623402
2470778	1865495	605283
2499301	1821811	677490
2450958	1860763	590195
2461732	1871376	590356
2507414	1833815	673599
2433930	1868658	565272
2521389	1848922	672467
2420211	1809304	610907
2433580	1842647	590933
2535956	1861507	674449
2541734	1854712	687022
2495566	1825866	669700
2531202	1876070	655132
2459880	1832755	627125
2466232	1888325	577907
2418956	1824632	594324
2551154	1885097	666057
2440663	1843467	597196
2446920	1835064	611856
2456004	1797278	658726
2495654	1855721	639933
2510979	1849364	661615
2436428	1841787	594641
2502036	1843184	658852
2536412	1851335	685077
2455035	1817521	637514
2514514	1832863	681651
2587406	1876616	710790
2547005	1882852	664153
2486480	1865966	620514
2475449	1823468	651981
2606745	1890517	716228
2543004	1899787	643217
2431716	1854262	577454
2438698	1799807	638891
2412799	1847283	565516
2571668	1839385	732283
2468303	1832749	635554
2466340	1841391	624949
2508528	1830721	677807
2515747	1859878	655869
2462590	1797855	664735
2496573	1840933	655640
2490177	1882680	607497
2435374	1833360	602014
2514797	1861232	653565
2494250	1884604	609646
2468288	1843148	625140
2550779	1885026	665753
2558296	1858529	699767
2474794	1884807	589987
2372054	1819113	552941
2557776	1826099	731677
2549779	1872754	677025
2460185	1866666	593519
2411971	1830714	581257
2479492	1844769	634723
2419417	1821125	598292
2522663	1851427	671236
2500407	1833006	667401
2458033	1841318	616715
2404426	1842395	562031
2473367	1829113	644254
2497778	1850517	647261
2561703	1882442	679261
2449302	1850244	599058
2431485	1837814	593671
2570125	1866051	704074
2521775	1823459	698316
2490908	1867439	623469
2526020	1832405	693615
2468807	1858606	610201
2565948	1873449	692499
2452371	1855282	597089
2481375	1807902	673473
2448787	1821588	627199
2433186	1844566	588620
2547801	1826385	721416
2511208	1842225	668983
2424842	1799574	625268
2473204	1836573	636631
2482924	1853721	629203
2476886	1851981	624905
2501868	1875201	626667
2374246	1820805	553441
2462973	1850348	612625
2437532	1807975	629557
2494413	1850838	643575
2587453	1859326	728127
2563820	1846850	716970
2505043	1911372	593671
2507932	1818816	689116
2563377	1872214	691163
2426576	1845797	580779
2492489	1863671	628818
2458220	1846080	612140
2542574	1881441	661133
2516984	1863233	653751
2590377	1895371	695006
2496480	1816050	680430
2524258	1835549	688709
2416221	1839048	577173
2495000	1860428	634572
2417512	1827598	589914
2529618	1889246	640372
2542385	1857972	684413
2481240	1838024	643216
2494775	1821442	673333
2547283	1838201	709082
2420223	1787213	633010
2457055	1874217	582838
2544225	1831281	712944
2405595	1829221	576374
2507082	1831372	675710
2480271	1862107	618164
2559176	1848761	710415
2443131	1813121	630010
2453172	1837345	615827
2514708	1826784	687924
2473931	1876085	597846
2474363	1860881	613482
2459109	1825840	633269
2383850	1800446	583404
2524508	1852961	671547
2425645	1811894	613751
2510169	1873002	637167
2456811	1857188	599623
2456679	1809432	647247
2492730	1863637	629093
2504618	1843347	661271
2626388	1895140	731248
2489569	1845185	644384
2529596	1864951	664645
2519013	1884927	634086
2480406	1824520	655886
2561809	1865310	696499
2420214	1836503	583711
2497190	1868324	628866
2471829	1878052	593777
2431222	1849221	582001
2476780	1826927	649853
2451905	1821182	630723
2401666	1805215	596451
2510590	1846174	664416
2550757	1879130	671627
2486644	1864839	621805
2463285	1814284	649001
2514146	1868463	645683
2489512	1820803	668709
2564649	1862192	702457
2585112	1856704	728408
2542252	1846843	695409
2496919	1849468	647451
2510140	1864021	646119
2443137	1827543	615594
2559274	1859012	700262
2448410	1855760	592650
2511364	1836505	674859
2450974	1811284	639690
2498102	1826954	671148
2446231	1858149	588082
2442849	1808707	634142
2432941	1796641	636300
2362546	1798953	563593
2505538	1861215	644323
2448239	1818832	629407
2488701	1838970	649731
2613492	1886208	727284
2476357	1835802	640555
2441412	1842578	598834
2482746	1817068	665678
2608414	1847884	760530
2446989	1850138	596851
2501082	1858282	642800
2454570	1818772	635798
2393245	1823980	569265
2540043	1855562	684481
2552218	1880646	671572
2499911	1836350	663561
2473455	1829411	644044
2442421	1835832	606589
2548379	1879688	668691
2530051	1870840	659211
2499670	1875098	624572
2614171	1902347	711824
2404392	1819668	584724
2488851	1843565	645286
2436023	1864207	571816
2556256	1843122	713134
2518415	1840464	677951
2572427	1845132	727295
2412276	1815484	596792
2442495	1817374	625121
2540149	1840345	699804
2341058	1808496	532562
2546677	1866560	680117
2495800	1867972	627828
2553609	1856096	697513
2373795	1836263	537532
2393961	1800086	593875
2518949	1857467	661482
2491793	1877538	614255
2519661	1860924	658737
2457880	1878077	579803
2439642	1831164	608478
2503939	1826595	677344
2526419	1803002	723417
2497243	1843214	654029
2378491	1823104	555387
2476199	1841310	634889
2453950	1851801	602149
2463854	1843230	620624
2638058	1845869	792189
2413176	1821605	591571
2493054	1844148	648906
2479403	1843991	635412
2433191	1848756	584435
2422793	1833251	589542
2522859	1832581	690278
2478048	1844464	633584
2460073	1842557	617516
2659040	1900204	758836
2560276	1868293	691983
2466355	1823580	642775
2457879	1833760	624119
2541124	1876919	664205
2417197	1843234	573963
2500124	1880449	619675
2490910	1845185	645725
2541056	1881334	659722
2486011	1785371	700640
2532830	1862114	670716
2543152	1864935	678217
2430044	1886948	543096
2411575	1842427	569148
2401663	1859198	542465
2522408	1858740	663668
2465390	1864439	600951
2382422	1794508	587914
2536508	1846110	690398
2415020	1829662	585358
2420035	1844573	575462
2465327	1857445	607882
2436250	1820162	616088
2473410	1813775	659635
2482887	1848778	634109
2535995	1857763	678232
2462116	1869120	592996
2359611	1776848	582763
2582899	1875559	707340
2485196	1845685	639511
2579389	1852237	727152
2560327	1887795	672532
2457855	1818135	639720
2484308	1812607	671701
2528589	1835312	693277
2457781	1820456	637325
2505105	1832447	672658
2369020	1797449	571571
2566306	1882884	683422
2662821	1906149	756672
2430398	1827111	603287
2416442	1829675	586767
2535198	1843084	692114
2408647	1825095	583552
2554332	1854159	700173
2465295	1812001	653294
2512504	1868556	643948
2498038	1883244	614794
2462858	1860987	601871
2442838	1835219	607619
2511303	1865625	645678
2423347	1834326	589021
2457113	1831540	625573
2410811	1831225	579586
2425156	1831428	593728
2410807	1819826	590981
2491193	1846992	644201
2553236	1851678	701558
2481035	1848498	632537
2488513	1822543	665970
2481319	1827519	653800
2511597	1866325	645272
2467943	1855227	612716
2580470	1857572	722898
2504200	1863357	640843
2501520	1844231	657289
2523714	1831022	692692
2530968	1864689	666279
2520180	1818973	701207
2499485	1825680	673805
2464646	1852576	612070
2522274	1850947	671327
2490923	1859781	631142
2424006	1828864	595142
2495630	1856258	639372
2445664	1833234	612430
2448843	1859782	589061
2416247	1789322	626925
2491584	1859340	632244
2521198	1844298	676900
2460837	1819716	641121
2538597	1898431	640166
2475060	1838504	636556
2497148	1835406	661742
2545299	1837236	708063
2399934	1797690	602244
2551966	1886735	665231
2417289	1834825	582464
2433408	1886372	547036
2585666	1828007	757659
