7167366
7194573
7171338
7172050
7192429
7177648
7206683
7173990
7189153
7188311
7204725
7182644
7200621
7188447
7212945
7168203
7182883
7185532
7207142
7200241
7191423
7180306
7180206
7191414
7177200
7175262
7165980
7156111
7189915
7174449
7184724
7195878
7194166
7197496
7170452
7170917
7165636
7178795
7170675
7201200
7183986
7154328
7199796
7188436
7181825
7191154
7164477
7186743
7198791
7183350
7213670
7177554
7163149
7185671
7195117
7170148
7150980
7193136
7176514
7163750
7185430
7194581
7200865
7174702
7178015
7174646
7171544
7203673
7185356
7159968
7178158
7210641
7194518
7179946
7182579
7170778
7180474
7209063
7167864
7196692
7176266
7187483
7180580
7171953
4688288
7164371
7195200
7187094
7195703
7179668
7176476
7191528
7189404
7198236
7211428
7189737
7207971
7132541
7170510
7179559
7174805
7178943
7209451
7192348
7183405
7198055
7182448
7180723
7205134
7181693
7185065
7151493
7189792
7207598
7194987
7185789
7197364
7179813
7180039
7181458
7186211
7173020
7183325
7210830
7198950
7170867
7186094
7205171
7183769
7190255
7172522
7168723
7196539
7186250
7181673
7201793
7171677
7178972
7183702
7174510
7178872
7204565
7195206
7216569
7197104
7186847
7190248
7174849
7209527
7209494
7171922
7190753
7174225
7199233
7199896
7185114
7180258
7189444
7182433
7191939
7191250
7194079
7191881
7183478
7195312
7204981
7187103
7209672
7200601
7191829
7193216
4557962
7193166
7176710
7185284
7186950
7182063
7197316
7179635
7180779
7185142
7199729
7208740
7201719
7193455
7189794
7176289
7211532
7196195
7168320
4481444
7192007
7184107
7190523
7203989
7195650
7206579
7191340
7202597
7176339
7188585
7173079
7198490
7162068
7191679
7180987
7203436
7201735
7178099
7172413
7181861
7174894
7184924
7186718
7205385
4571881
7173444
7202511
7184080
7175732
7187147
7191117
7191106
7212771
7181433
7187117
7118228
7192979
7180183
7181659
7177198
7201683
7204985
7168070
7201418
7182567
7178080
7209910
7155251
7177346
7186921
7173234
7180524
7181190
7194115
7195112
7181995
7212423
7173162
7189074
7152335
7181876
7207696
7190071
7207940
4799029
7184226
7189773
7184563
4762242
7209648
7182966
7172901
7172035
7162754
7150787
7202766
7195994
7189879
7176169
7201467
7174409
7171742
7166692
7174089
7182779
7161216
7178242
7187765
7215026
7213114
7170576
7192469
7181698
7190692
7179919
7178431
7193174
7192873
7167225
7193684
7194173
7196862
7093602
7185996
7180975
7195957
7160499
7175440
7159636
7171476
7180211
7189023
7165483
7167570
7115203
7195032
7240718
7186736
7164769
7186831
7170631
7174860
7202807
7175498
7194951
7179468
7178868
7204552
7192796
7169383
7195250
7180810
7184245
7189960
7177508
7197612
7167901
7190903
7169827
7179111
7192331
7175611
7179838
7159792
7173537
7195042
7179940
7199137
7185394
7190916
7169806
4548980
7177083
7191882
7187386
7183768
7167124
7193411
7177056
7180311
7206100
7195547
7171928
7175489
7200783
7188296
7179485
7188205
7162442
7184507
7197034
7192128
7183922
7196874
7194017
7195489
7179069
7210597
7172729
7183158
7206737
7167748
7195635
7204032
7189529
7194776
7208456
7168147
7160046
7205698
7199003
7204076
7193990
7175294
7171841
7197328
7173134
7176090
7172682
7175630
7202400
7176179
7193796
7195630
7200181
7132402
7194727
7205100
7181245
7180347
7115268
7173975
7168171
7197961
7182538
7184535
7190853
7174454
7178753
7177550
7218177
7201353
7198190
7202109
7187266
7166314
7209729
7204043
7208133
7206559
7196042
7189817
7199226
7210506
7194126
7205078
7208224
7174792
7191702
7144438
7182925
7184482
7196485
7187072
7199021
7195975
7162091
7197007
4544685
7177447
7158199
7175792
7202953
7184017
7180540
7195353
4482864
7203616
7178946
7187149
7203215
7213194
7174357
7193556
7197520
7179973
7177788
7189423
7194939
7159213
7162285
7214544
7187347
7195732
7170751
7204204
7209115
7168842
7213356
7189363
7200191
7197817
7203341
7179293
7185804
7180295
7209106
7208952
7198932
7170849
7199103
7183409
7204607
7168094
7196284
7211026
7159160
7189259
7163318
7196306
7173997
7185684
7172174
7170058
7192628
7214603
7205245
7116068
7177394
