7472778
7471470
7472428
7472730
7471872
7473152
7472565
7472347
7472584
7471802
7472719
7471658
7472851
7472959
7471958
7471961
7472822
7472923
7472864
7473148
7472877
7472631
7471800
7472831
7472455
7471688
7472880
7472653
7472881
7472910
7471916
7471714
7472874
7471874
7472550
7470991
7472788
7471734
7472723
7471750
7472921
7472642
7472585
7472753
7472390
7472336
7472456
7471839
7472895
7472469
7472754
7472783
7473038
7471345
7472296
7472706
7472740
7472820
7471750
7472903
7472873
7472823
7472768
7471564
7471804
7473085
7472750
7472340
7472946
7471524
7472804
7468020
7471561
7472729
7471916
7472740
7472928
7472994
7473064
7472769
7472186
7472791
7472944
7472907
7471900
7472424
7472810
7472719
7468862
7472635
7472627
7471613
7472614
7472959
7472956
7471649
7472646
7471495
7472720
7471880
7472541
7473129
7473089
7471697
7472942
7472722
7472723
7472998
7471957
7472061
7472965
7472560
7472757
7472890
7472854
7472627
7472743
7471361
7472942
7472714
7471675
7472461
7472368
7471918
7472283
7471753
7473171
7472802
7472872
7472502
7472615
7471851
7473101
7472967
7472962
7471399
7472549
7471746
7471699
7472571
7472843
7471418
7473142
7472442
7472652
7471260
7472607
7472090
7471734
7472368
7472817
7471856
7473111
7473035
7473054
7471273
7472715
7472971
7472654
7472414
7472561
7472430
7472483
7472647
7471237
7471425
7471945
7472946
7472594
7472411
7471858
7472225
7472600
7471674
7473110
7471790
7472916
7471845
7472792
7472797
7473138
7472807
7471824
7472833
7472657
7472377
7472414
7472852
7472784
7471858
7473190
7472096
7471385
7472227
7471845
7472823
7472735
7472544
7472765
7471733
7472888
7472934
7471848
7472696
7471990
7473095
7471624
7472593
7472561
7471349
7472840
7472748
7473145
7472681
7472318
7472787
7471527
7472875
7472761
7472835
7472358
7471697
7472668
7471889
7471556
7471781
7472882
7471855
7471608
7472992
7472981
7472817
7472987
7472797
7473116
7471752
7473027
7472827
7471362
7471831
7473114
7472409
7472820
7471791
7472252
7472856
7471981
7472872
7472450
7473022
7472713
7472892
7472645
7472782
7472630
7472787
7471670
7468347
7472931
7472774
7471937
7472790
7471328
7473070
7472684
7473143
7472741
7472005
7472691
7472674
7471394
7471180
7472509
7472162
7473096
7472670
7472914
7471318
7471973
7471788
7472854
7473043
7472738
7472980
7471686
7472699
7472967
7472420
7472552
7472087
7472735
7472601
7471894
7471743
7472789
7472856
7472012
7472975
7472892
7472665
7472566
7472757
7472906
7472562
7471644
7471851
7472865
7472736
7473023
7472803
7471816
7472882
7472931
7472048
7471328
7471780
7472696
7471459
7472599
7472442
7471464
7472724
7471507
7471604
7471971
7472841
7472962
7472999
7473229
7471708
7472776
7472423
7472712
7472939
7472184
7472820
7472764
7472475
7471456
7473120
7472564
7472816
7472916
7472591
7472390
7471601
7472763
7472640
7472603
7471430
7472618
7472584
7472887
7472525
7472988
7472568
7471940
7472608
7473047
7472374
7472735
7472477
7472613
7472797
7472534
7472812
7472597
7472944
7473108
7472713
7472730
7472596
7472823
7471443
7471273
7472608
7472592
7472466
7471780
7472759
7473098
7471340
7472010
7471943
7472926
7471742
7471688
7473151
7472975
7472578
7473085
7472834
7472886
7472963
7472657
7471588
7471591
7471892
7471616
7472749
7472967
7472557
7472876
7472755
7473035
7472377
7472921
7472701
7471564
7472364
7472690
7472932
7472525
7472592
7472459
7472964
7472740
7471338
7472789
7472738
7472327
7472687
7472937
7473055
7472467
7472823
7471855
7472765
7472459
7472772
7472612
7471332
7471871
7472505
7472535
7471432
7472770
7472942
7472791
7472021
7472585
7472411
7472609
7472782
7471812
7472556
7472369
7472440
7471374
7472587
7472959
7473171
7472913
7471762
7471896
7472419
7472841
7473058
7473153
7471975
7473137
7472660
7472583
7471706
7472754
7473234
7472936
7472774
7472436
7472624
7472819
7473024
7472668
7472978
7472678
7472739
7472696
7472732
7471496
7471485
7472861
7471796
7472960
7472633
7471948
7472306
7472769
7472922
7472992
7472558
7472390
7471400
7472874
7472974
7471530
7471494
7471767
7471828
7472394
7471430
