415459
134862
414484
525748
343142
386247
251295
529262
83877
112354
417089
524317
380909
572064
277428
353590
498875
544750
146587
396710
449577
506668
469285
129132
346851
374598
522782
413838
201985
319318
490374
470543
363041
354425
123199
145935
102407
536137
140148
222169
243514
366629
552320
121878
336115
270193
128185
155503
418688
510975
116263
147139
566728
533532
344046
178985
471728
483682
118234
343788
232378
186108
500554
517027
558735
297054
115084
186593
136400
567735
457627
480652
362405
372040
490646
189963
377131
502787
280646
155603
308068
524520
534762
424195
490699
312119
350879
463669
117413
69471
184460
77707
512281
60169
464163
369381
517730
529252
352134
121869
161487
179514
242683
539749
507393
140478
317820
65599
527191
474103
80675
467380
286352
322319
103444
550384
89198
185984
464873
147793
351695
91783
203006
268744
208986
134167
437744
103275
568526
462622
133273
480693
141186
80221
121924
450680
397166
178760
512943
65342
395462
254493
504091
402857
276582
442089
445661
404682
253446
450843
531841
484731
168735
303388
503862
169604
133013
530987
432619
383438
290478
350400
366541
135380
472646
520228
244888
566844
563963
496237
554133
541526
572355
379512
358896
131309
126117
526969
415114
181966
248193
433465
145932
370229
509353
146418
46279
146647
130644
546939
458747
172027
132271
67162
130824
462666
479313
87883
232036
508392
164868
153013
219945
436152
490616
331073
545329
222865
469808
439888
462288
141401
143177
89132
132867
445226
104820
100681
127791
222203
234630
467019
489679
543789
125561
96657
61726
423238
78497
532120
328003
312674
540371
139412
222780
98949
463233
91303
166939
420489
518326
532461
225210
511469
136214
239514
119161
123159
624803
110928
310789
291471
117750
243627
119847
522549
464354
538017
542379
364831
425429
317492
236771
114390
150993
114459
310513
410779
364650
153612
117006
569221
171203
150089
221870
467337
487364
444845
478929
127119
322188
386296
231889
566885
510825
110119
124495
65449
484540
163006
117314
335548
310977
314066
271411
30775
184401
498831
538276
477972
368090
626848
470575
384663
341700
98232
359148
451320
467873
133443
429606
210097
560746
111391
592425
315291
507737
216040
124416
376793
510120
369575
575739
100814
312359
107010
136892
492530
490930
477930
411817
555001
414693
267808
199316
478003
388087
153900
491214
470670
66653
130340
536536
492714
510740
346972
399731
396068
79534
259049
579560
450611
531078
347822
216187
354477
293895
53232
170224
127069
462440
392968
535499
131407
531465
274459
397572
178353
391054
286837
611041
447250
333384
548122
539092
69142
595106
395030
365041
76527
142204
174050
481697
462584
449507
495032
465270
136467
115452
462789
470566
164277
56020
486361
57215
433136
547174
118989
68528
548081
133743
527636
366493
78139
340970
408179
473148
340751
470280
594948
110886
106815
327183
279723
137639
504089
469820
322284
430240
486062
463959
528086
99644
312096
400521
401806
540609
474913
86664
542951
324147
393585
204227
111999
219687
108538
418261
507597
421627
388845
85669
468984
343874
451184
99169
430394
396878
555242
538422
506582
438770
104134
391232
137772
243024
508534
418006
399918
555937
454155
147442
272570
171886
462957
531849
286808
127375
95715
548062
363851
280822
157742
166568
431864
151238
441019
439796
314695
153904
369683
423683
481812
281643
253797
520116
296124
211778
599633
488709
585016
481771
433531
546718
133024
368681
127272
327822
535730
169030
485600
