7471853
7348285
7463330
7352442
7467230
7460471
7464650
7352021
7461205
7460943
7461553
7457867
7462641
7464413
7355550
7459653
7465636
7345144
7462607
7460645
7465585
7464014
7457321
7468521
7458135
7458535
7463618
7467203
7461927
7352604
7461928
7461500
7351969
7352776
7369625
7460857
7459403
7352827
7354982
7466525
7462004
7352544
7356207
7456959
7351816
7463987
7461239
7350648
7352105
7464155
7362727
7459967
7470426
7458751
7459112
7461880
7469998
7461086
7459671
7463036
7468464
7355750
7354100
7461994
7463230
7361706
7359418
7459709
7351103
7369451
7460696
7457939
7462776
7461245
7355563
7458929
7461599
7461231
7456759
7349188
7459115
7467471
7462525
7459415
7460468
7467115
7360922
7463772
7355091
7351127
7464195
7461819
7465771
7352814
7465986
7457488
7355133
7460986
7358362
7458371
7463327
7460532
7352169
7460537
7463641
7459304
7353957
7457489
7462473
7460155
7354419
7461278
7355292
7346961
7458297
7460228
7354239
7462964
7457302
7460139
7368849
7462264
7460487
7350352
7462182
7361220
7463575
7352478
7357873
7360720
7360416
7461972
7459957
7471552
7459235
7457063
7460464
7468895
7468491
7461548
7463375
7356109
7463245
7463029
7349068
7463778
7458993
7464980
7462276
7463033
7348241
7465501
7462216
7350460
7460131
7465907
7354587
7361993
7463425
7362869
7459591
7460843
7352811
7458031
7461184
7459413
7355615
7351143
7461853
7462638
7463408
7462277
7459339
7461071
7463047
7352163
7350901
7350989
7467536
7459426
7467227
7458161
7456870
7464909
7462223
7465302
7463116
7367824
7362554
7458740
7461455
7348639
7458291
7462533
7459067
7458743
7463446
7353526
7463332
7465715
7356789
7347807
7461630
7466742
7464434
7354060
7459938
7354369
7460635
7461032
7462825
7462708
7347356
7459625
7457925
7358678
7460826
7353225
7458866
7460134
7461526
7350962
7348937
7462699
7461254
7460130
7461430
7460383
7457761
7464022
7467189
7460254
7460544
7461613
7461599
7461960
7462802
7461460
7458848
7468701
7355305
7458356
7463579
7463968
7466912
7352906
7458267
7461911
7461109
7463610
7463647
7465846
7460124
7461263
7459889
7458873
7464760
7369187
7459792
7457940
7467212
7461456
7461425
7353454
7461757
7463208
7462934
7463787
7465775
7468538
7394055
7353431
7465407
7461942
7463069
7463861
7458382
7353550
7460806
7468321
7463045
7459872
7463485
7355962
7458327
7460346
7457758
7352398
7462024
7462823
7351373
7353737
7461894
7353425
7461436
7351106
7463897
7460216
7352625
7459219
7467347
7351822
7467096
7357985
7370225
7463936
7468501
7461978
7460771
7460720
7465853
7459317
7462724
7347930
7464974
7468233
7357931
7465197
7356259
7463752
7369117
7350140
7354439
7462014
7350585
7347537
7352792
7357102
7461533
7458317
7358720
7346612
7462218
7461981
7459361
7461457
7458416
7459737
7461416
7353537
7459232
7461950
7362552
7460181
7463154
7466279
7458317
7358584
7462372
7458203
7353580
7461992
7463208
7458007
7359992
7461695
7462422
7462009
7458151
7354559
7352694
7355173
7457494
7460812
7463835
7459843
7460237
7350802
7361455
7457809
7459606
7460039
7357375
7460992
7473058
7459656
7459403
7459034
7365523
7462311
7462952
7458196
7457468
7462776
7458792
7465178
7466269
7460359
7462146
7389239
7458081
7357282
7353214
7461382
7461265
7460042
7348567
7463423
7363434
7458123
7458715
7461509
7461626
7460641
7349036
7462487
7458948
7461382
7349354
7459098
7350222
7468087
7461208
7464549
7462217
7461375
7461983
7462183
7461010
7467282
7464111
7349306
7370556
7462668
7457882
7361627
7458297
7352609
7461427
7460007
7458635
7469618
7463378
7459145
7472101
7461070
7464820
7460973
7459623
7462560
7366491
7458989
7458889
7461903
7461726
7461185
7461407
7461982
7461294
7348127
7462717
7462544
7461427
7460831
7352402
7361607
7465078
7458408
7461696
7355290
7463726
7465311
7461911
7364086
7460945
7467410
7462774
7464667
7347317
7462065
7462336
7462120
7462001
7351819
7351551
7352797
7462150
7462224
7461313
7463163
7351010
7458746
7461877
7456157
7461473
7458582
7464174
7350237
7462434
7458625
7466544
7353878
7460184
7459919
7348098
7462388
7461450
7460460
7459765
7467408
