7471618
7472489
7472968
7473139
7472304
7473364
7472886
7471503
7471859
7472804
7473062
7472638
7472589
7472357
7471330
7471547
7472321
7473112
7472731
7472920
7472911
7472601
7472900
7471741
7473071
7471972
7471811
7472686
7471610
7473057
7471952
7472636
7471671
7472426
7472444
7473047
7471482
7472948
7472474
7472681
7467620
7472716
7471780
7471894
7473189
7472874
7472754
7472607
7472937
7471718
7472483
7472530
7472488
7471156
7472799
7472841
7472872
7472378
7472470
7472706
7473022
7472777
7472418
7472667
7472232
7472621
7472636
7473077
7473016
7473033
7472868
7471894
7472742
7472780
7472274
7472069
7471952
7473002
7471938
7471669
7472789
7472827
7471529
7471327
7471356
7472205
7472664
7472473
7471696
7472876
7471503
7472297
7472806
7471188
7473245
7472653
7472705
7472867
7472880
7472450
7472242
7472541
7471483
7471767
7472955
7473051
7471547
7472670
7472306
7471817
7472644
7472989
7472528
7472713
7471802
7471690
7472306
7472646
7472711
7471948
7473033
7472590
7473009
7472960
7472923
7472409
7471565
7471584
7471691
7471980
7471497
7471552
7471747
7473128
7472883
7472391
7472037
7472676
7472801
7472311
7471540
7471627
7472661
7471962
7472761
7472741
7472527
7472714
7472185
7472685
7467917
7471407
7472565
7472624
7472659
7472643
7472893
7472983
7472761
7472812
7472252
7472856
7472488
7471491
7472681
7472837
7471639
7472986
7471787
7471392
7473137
7473257
7472697
7471862
7473143
7472372
7473258
7472927
7471831
7472907
7472677
7472814
7472233
7472800
7472985
7473087
7472730
7471752
7471903
7472700
7472609
7472821
7472636
7471662
7471791
7471332
7472319
7471648
7471876
7471693
7471906
7472992
7471820
7472949
7472385
7472930
7471480
7471525
7471421
7471775
7471603
7472120
7471482
7473194
7473106
7471580
7471837
7472648
7471785
7472990
7472602
7472846
7472576
7472053
7471625
7473001
7472652
7471630
7471477
7471701
7472514
7472583
7472879
7472088
7471374
7472929
7473130
7472771
7473037
7472754
7472667
7473042
7471380
7472239
7471886
7471584
7472943
7472774
7472628
7472734
7472625
7472895
7472604
7472903
7473064
7472795
7473057
7472434
7472710
7472883
7471675
7471603
7472639
7472647
7471948
7471672
7473189
7472779
7472881
7472766
7472718
7472623
7472380
7471935
7471863
7472882
7472986
7472773
7473083
7473040
7471756
7473173
7472935
7472686
7471415
7472784
7472998
7472955
7472858
7472757
7472892
7472433
7472054
7472573
7472952
7473028
7473047
7473120
7473092
7472010
7472781
7472876
7471588
7471476
7472753
7472650
7472402
7473068
7472250
7472477
7472576
7472957
7472991
7471775
7472735
7473084
7471711
7472656
7472951
7472762
7473074
7473057
7472882
7471605
7472612
7473084
7472804
7473049
7472938
7472838
7472470
7472768
7472425
7471822
7472167
7472822
7472489
7472986
7472789
7472527
7472734
7471892
7472988
7473161
7472905
7472851
7473118
7472490
7472738
7472312
7472645
7473090
7472137
7473026
7472862
7472795
7472772
7471286
7472856
7471809
7473292
7472833
7473108
7472877
7472895
7472870
7472936
7473036
7472548
7471815
7472733
7473312
7472750
7472600
7472883
7472591
7472869
7471282
7472880
7472567
7472569
7472913
7472805
7472965
7472982
7473020
7473033
7471942
7471494
7472884
7472347
7471557
7472474
7471816
7471813
7471719
7472771
7471839
7471426
7472776
7472746
7473066
7472617
7472664
7472747
7472273
7472924
7472412
7471271
7471614
7472776
7472648
7472751
7473017
7471715
7471699
7472685
7471411
7471842
7472914
7472913
7472831
7472688
7472941
7471732
7472595
7473039
7471512
7471586
7472892
7472695
7472570
7473280
7472666
7472637
7472702
7472745
7471749
7472929
7472835
7471563
7472569
7472700
7472983
7471791
7472537
7473110
7472820
7473063
7472813
7473066
7471703
7471689
7472441
7472868
7472683
7471551
7472883
7472718
7472817
7471695
7473104
7472673
7472276
7472991
7471418
7473070
7471876
7472935
7472846
7471380
7472838
7472783
7471309
7472911
7473117
7472619
7471847
7471978
7472700
7472767
7472919
7473158
7472832
7472827
7472789
7472852
7471363
7471906
7472435
7472784
7472925
7472656
7473087
7472601
7472972
7472416
7472696
7471042
7472817
