5594457
5607568
5574869
5576172
5592614
5592132
5573467
5563540
5618844
5583829
5615070
5581284
5587957
5568159
5650151
5585643
5598583
5592256
5627134
5622553
5592760
5628892
5588115
5610158
5548851
5583473
5576090
5600175
5635292
5534603
5588204
5622382
5591654
5555365
5634928
5593710
5593461
5619191
5558324
5624851
5620892
5585565
5576151
5594620
5549058
5600282
5589569
5593734
5597862
5618817
5600645
5589233
5602965
5586322
5608363
5556862
5576429
5601509
5580445
5591754
5618976
5613916
5630266
5570830
5587463
5623926
5532151
5617874
5540065
5568982
5621254
5607037
5623913
5588171
5578248
5627007
5625226
5617169
5584335
5609165
5596575
5632913
5632156
5596628
5627646
5601643
5598346
5604912
5652508
5596507
5597582
5608157
5603812
5556959
5592689
5571375
5554095
5630996
5553878
5580601
5629720
5551703
5574238
5604060
5598144
5626794
5594852
5584152
5603918
5565358
5611190
5611241
5623555
5596571
5642622
5610283
5577346
5555542
5550437
5566778
5636443
5582110
5605203
5610811
5637536
5559683
5573550
5574623
5567082
5584679
5581015
5603128
5610013
5600750
5561018
5602040
5625748
5578510
5563845
5625993
5592835
5615464
5571811
5583336
5623547
5602574
5562698
5599516
5580826
5567172
5575792
5602606
5595761
5600556
5568861
5556260
5624014
5595563
5598196
5630046
5576376
5615680
5611632
5601108
5564304
5574477
5562844
5582888
5622605
5601420
5561476
5614078
5596512
5622236
5600548
5619146
5610582
5612195
5558198
5577489
5640594
5609877
5645034
5598869
5527894
5581603
5621586
5609285
5588131
5567529
5592520
5545712
5592581
5630456
5593897
5614523
5624257
5586950
5605147
5548987
5634094
5561688
5599459
5549816
5639230
5560040
5599284
5574539
5637466
5606231
5616429
5595567
5595259
5556935
5587911
5578670
5587867
5581675
5539553
5639965
5546076
5565624
5584286
5636251
5589523
5601782
5604229
5595800
5607094
5605368
5611840
5627369
5559173
5604651
5547425
5524274
5594918
5580546
5604236
5580772
5611912
5612840
5592704
5597831
5604825
5592003
5584988
5586115
5604471
5572691
5591837
5604961
5612299
5533181
5614283
5575051
5599409
5639207
5598938
5631296
5605897
5566620
5580627
5629967
5595971
5588550
5608551
5621978
5636976
5597353
5609893
5585771
5587205
5614808
5593477
5596025
5562343
5578439
5617487
5553406
5646058
5592246
5614057
5549045
5592121
5526309
5602379
5569730
5618632
5584129
5603038
5580265
5579225
5576511
5605246
5597423
5616329
5598510
5651908
5589230
5584655
5605833
5610288
5575626
5615206
5652360
5573643
5635909
5592303
5604163
5610259
5634709
5610884
5624910
5586741
5608543
5628962
5598041
5599919
5569333
5590185
5575855
5576921
5591271
5598539
5599911
5564350
5587777
5616395
5575589
5613296
5604319
5564433
5563117
5595970
5650938
5595832
5585715
5603962
5583148
5616987
5589915
5600160
5611225
5605042
5607997
5601274
5626602
5589608
5580861
5600072
5639266
5638232
5602555
5589106
5573030
5578293
5568613
5563962
5617126
5592525
5583940
5604854
5612925
5592972
5578499
5583807
5629923
5608541
5629605
5581562
5568897
5589249
5535149
5616927
5618298
5604050
5565923
5623679
5622538
5618940
5616313
5598497
5622470
5597122
5568821
5607621
5598145
5620880
5579249
5588913
5603839
5585478
5606239
5636992
5638246
5619645
5609384
5622427
5549865
5621804
5589868
5616045
5564056
5593328
5552866
5604754
5577871
5564626
5625073
5560605
5563503
5617180
5602957
5558899
5590531
5585569
5600506
5584529
5624997
5604434
5576297
5577681
5623967
5607098
5575145
5575075
5615562
5592902
5608872
5589885
5608379
5615142
5599615
5589035
5608770
5594752
5661938
5587570
5602237
5614023
5577116
5616374
5625800
5630620
5591677
5610721
5643243
5582297
5560833
5609007
5607588
5623182
5586062
5585052
5625969
5569327
5582362
5605130
5602330
5598698
5629060
5609796
5581268
5608057
5615640
5617951
5581314
5580303
5639512
5610668
5569220
5548832
5605527
5585423
5565869
5609056
5575647
5585490
5612843
5581680
5614473
5603271
5637505
5579263
5604117
5605285
5618023
5574274
5592383
5644360
5566370
5598655
5604903
5601843
5635095
5575738
5629502
5579154
5585094
