3373002
3355616
3381250
3376487
3363740
3363323
3405272
3353400
3348068
3395492
3431554
3442391
3376364
3391849
3366518
3409740
3364678
3456779
3370794
3352263
3411680
3158254
3407011
3308718
3404347
3311303
3340981
3367564
3340683
3352888
3460589
3397313
3290284
3283784
3310779
3406338
3343243
3445445
3434010
3437833
3330433
3334145
3352188
3397293
3382749
3389319
3360086
3382325
3359808
3391430
3296804
3360463
3373889
3498532
3306498
3452595
3419528
3467568
3384414
3357410
3383469
3411924
3309807
3323455
3326018
3308481
3368546
3447422
3307137
3385250
3358119
3356814
3347546
3386791
3417862
3237892
3329043
3388933
3401010
3363623
3414565
3386067
3387526
3312304
3343405
3394653
3390673
3410988
3345552
3360978
3323721
3391082
3394797
3321696
3457899
3252965
3384234
3350756
3405432
3331868
3343595
3422277
3435513
3471356
3400250
3356252
3453659
3402448
3352565
3413161
3430037
3441841
3357740
3394622
3339909
3462183
3415559
3422371
3439155
3383397
3350689
3410821
3379585
3350415
3454945
3496959
3418370
3430625
3371889
3393562
3399332
3378873
3410251
3321605
3445091
3370973
3426211
3395267
3449106
3341006
3402971
3337545
3400907
3297224
3355192
3434056
3360759
3385621
3412717
3353788
3451382
3342968
3326051
3413857
3364981
3405061
3287939
3436449
3379843
3228280
3365216
3427341
3369841
3345724
3434390
3387852
3477977
3426954
3388032
3473963
3428186
3194002
3360912
3390356
3318174
3347492
3469389
3319477
3354115
3386954
3335590
3392732
3351101
3378319
3410459
3390832
3273308
3452905
3396039
3387107
3317101
3455316
3440389
3352709
3347463
3379315
3359536
3436572
3299647
3511840
3340270
3450657
3355215
3345905
3379828
3421127
3379031
3479020
3319342
3270268
3422514
3353466
3380574
3376451
3299513
3447233
3380374
3434082
3373026
3342241
3461473
3436625
3360650
3454372
3439060
3375284
3298878
3392868
3376399
3400256
3364090
3355323
3380462
3316854
3455773
3408106
3425588
3270327
3385214
3359096
3374375
3341130
3364384
3375926
3334670
3374607
3388883
3384901
3375290
3427041
3370963
3385558
3377726
3427040
3422077
3397166
3391475
3408517
3467771
3426597
3429195
3455936
3439803
3407241
3404258
3370647
3432636
3407096
3318510
3488818
3387247
3367013
3368787
3362498
3309735
3401251
3295211
3405176
3416186
3446810
3326617
3349095
3451578
3448596
3310996
3405022
3436694
3412343
3384049
3344246
3321175
3461368
3284926
3343782
3374743
3426012
3311305
3285573
3404905
3368834
3402792
3410720
3334125
3290431
3401641
3377638
3351866
3399984
3393412
3385022
3375449
3406991
3379997
3321624
3354466
3361638
3449517
3331768
3440512
3345579
3537748
3337919
3436929
3374115
3481746
3390565
3414468
3487237
3410864
3414743
3418302
3359641
3394420
3431120
3443492
3287370
3393108
3457082
3432197
3433702
3330339
3281688
3267644
3314125
3423430
3348686
3345451
3404805
3370211
3529611
3302498
3409352
3284136
3333039
3336759
3456074
3465671
3480308
3346492
3440802
3390150
3416819
3354908
3354441
3443490
3342365
3340061
3376671
3393237
3361442
3395587
3310698
3390222
3383149
3358596
3423137
3437468
3435392
3443415
3415650
3332478
3416351
3394011
3377724
3311434
3414305
3434329
3326539
3293584
3440194
3436865
3421579
3404553
3432705
3355066
3332976
3427696
3299222
3379772
3428839
3341768
3397523
3340907
3405431
3464576
3386808
3462028
3439457
3391842
3361307
3467592
3420324
3377977
3391870
3422328
3396884
3407970
3346386
3350918
3348224
3405456
3401462
3318456
3343540
3429372
3415292
3446916
3277826
3367515
3308858
3370318
3303674
3375184
3346094
3403305
3332156
3390263
3330666
3402786
3368279
3381836
3384873
3428994
3344502
3354841
3396500
3388702
3310702
3400434
3397990
3347186
3380538
3437595
3316918
3401576
3399711
3372539
3260827
3340802
3421138
3458396
3350565
3374677
3336265
3345491
3382609
3364716
3406259
3388929
3325279
3435937
3365332
3379291
3419805
3285632
3399167
3266588
3381469
3442586
3364996
3422464
3369430
3391254
3434686
3566365
3409533
3403674
3328070
3464244
3420989
3327785
3483025
3405666
3366356
3401757
3337154
3362209
3348864
3349206
3370939
