5561827
5582642
5603219
5602700
5587710
5594637
5603210
5560105
5619202
5555381
5614579
5608540
5587287
5566287
5651391
5585083
5596487
5591965
5627400
5623232
5573259
5601282
5587663
5604867
5547695
5554168
5603594
5570246
5663753
5557996
5586986
5596259
5615473
5578824
5607128
5567545
5594596
5596609
5557823
5604878
5621825
5588523
5605108
5566919
5549172
5602729
5563274
5565605
5597678
5616638
5625349
5566663
5576056
5585932
5608692
5583919
5602807
5602301
5556943
5591293
5620068
5592364
5613331
5568990
5588568
5623496
5556277
5619495
5567072
5593680
5621117
5602553
5623384
5617682
5577991
5602494
5628987
5642266
5582530
5610657
5572390
5607768
5634135
5596257
5626310
5601340
5573907
5606387
5651963
5572133
5597717
5607729
5604029
5567794
5593889
5579547
5554673
5605064
5555229
5608471
5629425
5526345
5599875
5604248
5598554
5599853
5594214
5583547
5602413
5564508
5586693
5589420
5652682
5597103
5642773
5583378
5576264
5548809
5549764
5539832
5636537
5608570
5605572
5583023
5638036
5561202
5545573
5603328
5595117
5584795
5554333
5575251
5610712
5600849
5559158
5601392
5602592
5555660
5569558
5626705
5567963
5613508
5597007
5583644
5625197
5602797
5555189
5599163
5583417
5567526
5599907
5602051
5574583
5602184
5589004
5557193
5622344
5594087
5622583
5631529
5606733
5615526
5582267
5600392
5591818
5573638
5563246
5582574
5599290
5601197
5588211
5615904
5617327
5622921
5590633
5617747
5582857
5612149
5561064
5605364
5642018
5609339
5627271
5570059
5558834
5604962
5618295
5581381
5560811
5566803
5593165
5546403
5564292
5630622
5596685
5594153
5600912
5587961
5606151
5579877
5607742
5588098
5600218
5548792
5638279
5581890
5597323
5596365
5636856
5584203
5616245
5594890
5596234
5556935
5615426
5578715
5588811
5559207
5569095
5609267
5575901
5565873
5607738
5637819
5566575
5574826
5576071
5595318
5577719
5606158
5637180
5624952
5583316
5603056
5574393
5525036
5622581
5581486
5604213
5580950
5586656
5583838
5592380
5597561
5606273
5591965
5586258
5585893
5605226
5600545
5572767
5604867
5612569
5555476
5613818
5599729
5598561
5640171
5596797
5632136
5606511
5591387
5558882
5627580
5586817
5561832
5608676
5592770
5638830
5597184
5610201
5588452
5561720
5593795
5593809
5597675
5587201
5605640
5617490
5553794
5643459
5592562
5583517
5567659
5591260
5554971
5573437
5569585
5598322
5574800
5602953
5581228
5609004
5577249
5605217
5571003
5586886
5602525
5623685
5590495
5610923
5584089
5609953
5576893
5593195
5651609
5601495
5635218
5590364
5604280
5640048
5608116
5582250
5624698
5588294
5606534
5629160
5598933
5597381
5570741
5560982
5601727
5577077
5588386
5599001
5598449
5534838
5560040
5616891
5577674
5612876
5609002
5563693
5587827
5570266
5650147
5572757
5584868
5577761
5609884
5596544
5559664
5567985
5582149
5576199
5582773
5600724
5601351
5591404
5583084
5599926
5638213
5612789
5602207
5616480
5595669
5553822
5598926
5562380
5619415
5590918
5557442
5590790
5589790
5616090
5578442
5582908
5630517
5608630
5628207
5585091
5568852
5558683
5539011
5647488
5620166
5602708
5565422
5623023
5622388
5618224
5616988
5571714
5620821
5597238
5596769
5608129
5568578
5617244
5581749
5588548
5581602
5585735
5632373
5612735
5638816
5600948
5608616
5594290
5580681
5594522
5588706
5617316
5592644
5593231
5587599
5605694
5583168
5567416
5622098
5560516
5597164
5589314
5602082
5585783
5590803
5561824
5598845
5560038
5653620
5603661
5602677
5553885
5599831
5606154
5548575
5576342
5613852
5591441
5633667
5621372
5579947
5596273
5599303
5588381
5582859
5595347
5664408
5568984
5621965
5614109
5548430
5616257
5626687
5611475
5586937
5610885
5643916
5582960
5561538
5581393
5583623
5622511
5585725
5584832
5592492
5542072
5582624
5604313
5580793
5581802
5630127
5609783
5582045
5633611
5588978
5588009
5612588
5555648
5640970
5581612
5597519
5551246
5607119
5603824
5592995
5607913
5575349
5588157
5586078
5582083
5615838
5604934
5616982
5578015
5605342
5576867
5617086
5574903
5591838
5647085
5566621
5597709
5603321
5577639
5638358
5575392
5630059
5553237
5584159
