7155529
7184631
7135790
7217188
7142038
7135550
7170634
7136132
7151189
7159200
7067237
7148129
7174884
7171982
7193002
7192238
7163642
7177277
7144782
7077570
7065365
7086086
7059200
7180755
7077189
7205283
7178525
7084634
7172326
7192870
7196725
7071815
7154528
7185885
7177499
7155013
7145852
7200857
7188892
7186407
7170346
7177873
7190642
7098886
7149195
7185680
7046586
7206500
7177818
7200714
7182293
7174177
7195533
7168456
7183239
7181716
7199185
7197329
7061586
7156400
7186253
7179287
7165169
7188368
7139888
7165133
7154661
7138010
7135676
7160467
7172946
7181409
7198966
7190433
7193286
7186222
7149618
7199502
7136916
7183668
7187155
7173388
7164044
7203365
7201327
7209662
7185064
7185722
7150320
7155443
7183942
7147610
7162496
7098814
7179460
7192024
7204324
7177194
7121990
7082945
7210892
7194420
7185693
7202606
7169415
7201328
7149980
7171688
7172246
7094266
7203427
7111933
7157119
7187076
7205296
7156017
7200132
7180304
7203737
7145871
7175806
7117522
7189084
7203402
7196155
7088269
7168035
7111988
7183793
7177716
7176827
7187184
7167291
7181118
7181044
7157962
7204875
7162821
7177016
7181953
7137546
7078858
7163803
7192508
7149156
7149812
7154231
7183744
7155526
7168339
7186662
7196817
7170162
7186808
7124412
7154528
7185404
7194560
7187367
7194418
7191620
7176833
7221280
7155146
7144493
7107151
7062609
7199229
7196211
7138711
7183815
7220120
7173931
7153261
7065186
7141240
7214862
7089735
7166777
7059871
7162885
7159289
7200469
7097858
7160875
7162490
7169572
7170898
7181085
7056380
7104583
7177346
7191222
7190041
7186906
7164870
7162250
7166229
7172581
7165044
7161967
7183447
7124416
7172552
7159275
7120947
7161389
7150499
7078051
7153116
7173510
7119135
7068706
7146152
7157565
7173563
7069909
7062584
7147474
7135144
7205335
7162730
7193970
7191146
7171585
7190432
7196969
7201188
7167093
7141279
7107719
7090528
7177795
7067629
7125348
7159469
7193012
7154943
7202287
7166591
7174803
7159049
7088224
7149826
7067743
7157392
7156230
7176552
7139302
7204848
7171056
7208122
7216584
7185055
7152701
7178149
7213593
7177712
7201511
7185221
7079379
7170216
7148828
7179586
7185969
7139933
7173479
7127739
7183468
7175910
7172851
7155117
7166813
7111539
7201180
7183408
7179387
7159142
7127212
7177995
7069428
7145381
7180702
7125459
7196553
7180885
7195635
7153856
7122141
7172581
7181194
7193158
7181645
7167691
7190020
7169663
7163027
7158081
7035504
7088298
7123358
7157279
7174239
7155202
7052190
7164308
7137314
7199261
7192093
7157259
7199265
7181053
7168410
7195175
7177671
7199262
7194129
7206016
7170242
7185787
7172393
7138522
7180779
7161462
7154063
7141653
7099048
7183638
7200476
7186531
7197542
7169398
7189962
7192320
7172672
7167945
7142305
7203329
7195184
7162100
7157051
7134819
7162797
7185216
7179653
7160789
7185915
7166864
7143781
7187526
7166578
7187196
7177642
7057595
7185704
7182638
7187785
7183095
7135974
7203597
7169856
7172007
7095598
7198661
7166511
7187283
7163728
7158728
7169690
7162903
7153060
7051415
7201461
7175216
7173279
7180573
7112299
7174059
7182630
7077443
7178075
7078939
7182901
7175060
7184379
7156069
7196881
7164826
7190431
7137305
7188793
7153894
7178741
7175287
7190327
7184534
7166374
7185677
7187001
7181655
7185971
7162291
7164428
7190826
7166718
7182323
7158295
7156936
7199014
7147367
7184703
7170450
7205077
7222390
7180852
7188748
7149581
7153683
7204681
7107794
7118404
7197436
7164914
7175306
7160484
7099330
7188977
7162452
7194684
7179633
7172017
7138489
7140275
7180371
7116112
7180265
7172893
7192898
7169281
7182480
7163830
7171681
7174198
7157053
7163875
7173936
7166114
7149859
7185011
7193076
7155098
7204049
7126377
7140475
7133678
7206576
7203168
7197064
7163256
7172324
7187835
7193426
7172159
7159794
7140626
7184816
7128237
7165703
7187882
7188581
7203483
7079745
7149154
7150907
7175316
7187522
7134913
7143459
7132184
7148409
7148080
7139232
7195431
7193589
7163501
7191613
7158551
7077558
7196026
7182883
7155606
7111604
7165373
7145299
7088703
7198102
7171415
7157419
7181468
7198258
