7426301
7420665
7404882
7428203
7431209
7423249
7429849
7437260
7428515
7428130
7434584
7398527
7421054
7430424
7425586
7424691
7398653
7394113
7432224
7407233
7433889
7433919
7432741
7432117
7415129
7433674
7408010
7426907
7431234
7425691
7404108
7432910
7421296
7403359
7425451
7427136
7465647
7425159
7427429
7434594
7423204
7425829
7419082
7427123
7431089
7429042
7430310
7411770
7398976
7429884
7430484
7433791
7437751
7423595
7422389
7395902
7418661
7422711
7428992
7431085
7401040
7429188
7430231
7427716
7403475
7401757
7431992
7426827
7427837
7431393
7426027
7427967
7425907
7417949
7429739
7430674
7407878
7406700
7424845
7425205
7403511
7433072
7417762
7428659
7428543
7410088
7413026
7431151
7423494
7433218
7428078
7429123
7434407
7466717
7425207
7424432
7399593
7437396
7426806
7429963
7443973
7428060
7427637
7433810
7432869
7407696
7429115
7424293
7433898
7403009
7431312
7431022
7431869
7426437
7427587
7414074
7428644
7418114
7428438
7428820
7428060
7401786
7427922
7432704
7426313
7402725
7408362
7429718
7443923
7459966
7452968
7431670
7408366
7437236
7434300
7400530
7465489
7427842
7429856
7426441
7428030
7428721
7433026
7296522
7427270
7412840
7402270
7409307
7430713
7431856
7430185
7420505
7454027
7432966
7421113
7407961
7430027
7424576
7435619
7423741
7429281
7428025
7403782
7426797
7427827
7435363
7426407
7420773
7436620
7432101
7424202
7433182
7427136
7425409
7429297
7427853
7426880
7432187
7413322
7409595
7425764
7389827
7420802
7431662
7429473
7429409
7426754
7417096
7432379
7427408
7429364
7429124
7425449
7431592
7431606
7420116
7424357
7406128
7466200
7403867
7416531
7422680
7432602
7432865
7429119
7433289
7430317
7430105
7408729
7426077
7433256
7423975
7403556
7403198
7433158
7428086
7433937
7431921
7429846
7426668
7427080
7426895
7432443
7423864
7427782
7430305
7408230
7413844
7431410
7407664
7424071
7426483
7431662
7423664
7410815
7428742
7430398
7427821
7424479
7423270
7430127
7420990
7429195
7429825
7432561
7429637
7405053
7426539
7421787
7401728
7424138
7428396
7431593
7422477
7429011
7431263
7425551
7427681
7413792
7436971
7411366
7428367
7423927
7427339
7447795
7431050
7429437
7430712
7432764
7412385
7397097
7428207
7417567
7424335
7411550
7427576
7399792
7432033
7407649
7418123
7423806
7402301
7413303
7429056
7424412
7431344
7424252
7415771
7414487
7430786
7430395
7399711
7427630
7433985
7431104
7426471
7434284
7433597
7427659
7328166
7410731
7432989
7433460
7430641
7426737
7399541
7405778
7436979
7406617
7428456
7414177
7411571
7405976
7397762
7403099
7421043
7425563
7409085
7430625
7431573
7427143
7402599
7429735
7403487
7432861
7430550
7430126
7428967
7425844
7427866
7422814
7425756
7380952
7427040
7313101
7421791
7436484
7431098
7433795
7427438
7431530
7430839
7432623
7399248
7419122
7425353
7426319
7428125
7424035
7421999
7427572
7465974
7429686
7405677
7444195
7427731
7404160
7404838
7393869
7427708
7443877
7424421
7432579
7435456
7471322
7427585
7424077
7407822
7414247
7427178
7427223
7418653
7401565
7419265
7431854
7407354
7433081
7432436
7412623
7407211
7428724
7432466
7406731
7424205
7406127
7443315
7421919
7429611
7450853
7399293
7424825
7430565
7429820
7427634
7415388
7407551
7400190
7432321
7431486
7415189
7429436
7428913
7433767
7398866
7434791
7404469
7431391
7427903
7409887
7431251
7427745
7403268
7415323
7431031
7415859
7434778
7430312
7424287
7434312
7421548
7432401
7391353
7429234
7429165
7425488
7389054
7393895
7398719
7431442
7428269
7422999
7402862
7423536
7414448
7434109
7430540
7407034
7388774
7433759
7398483
7433901
7429303
7417915
7432581
7434466
7420297
7435981
7434101
7427644
7427416
7408901
7401268
7422870
7399776
7431015
7421623
7431429
7432789
7431357
7425956
7423762
7427924
7428901
7428058
7431630
7416077
7431761
7393392
7433230
7433201
7427997
7398487
7398626
7430639
7427162
7424005
7428521
7399542
7402386
7431553
7429627
7433218
7423503
7436868
7423028
7424864
7424289
7411211
7432285
7433196
7428592
7418435
7432051
7427920
7427854
7400262
7447732
7430564
7436367
7432671
