7472489
7472817
7471792
7472939
7471653
7472924
7471744
7472833
7472988
7472667
7472681
7471835
7473034
7472829
7472950
7473053
7471898
7471533
7472124
7472825
7472714
7472428
7471576
7472600
7472956
7472661
7472513
7472801
7472461
7473097
7471884
7472810
7471290
7472624
7472948
7472719
7471541
7472985
7472824
7471994
7473041
7472164
7472727
7472597
7472800
7472707
7472985
7472965
7472786
7472831
7472626
7472875
7471672
7471646
7471945
7471718
7472459
7472720
7472909
7472743
7472375
7472760
7472016
7472886
7472365
7472835
7472955
7471705
7472824
7473137
7473030
7471785
7472781
7471991
7472623
7472984
7472912
7472674
7472913
7471728
7472872
7472146
7472777
7472971
7472705
7472409
7472890
7472325
7472785
7472441
7472989
7472655
7472905
7471640
7472867
7473202
7473015
7471729
7473076
7472408
7471762
7472930
7472774
7472914
7472216
7471391
7472471
7472342
7472963
7471710
7472569
7472941
7471671
7471645
7471453
7472918
7472054
7471370
7471516
7472776
7473032
7473112
7471272
7472946
7472718
7472819
7472016
7472586
7472752
7472441
7468135
7471677
7472847
7472676
7472975
7472861
7471679
7472354
7472798
7471574
7472147
7472725
7472389
7472759
7472413
7473093
7472938
7472511
7472607
7472996
7472891
7472107
7472955
7471552
7471667
7472814
7472707
7472896
7472596
7472312
7471827
7472829
7472775
7471912
7472832
7472896
7472967
7473096
7472282
7472664
7472363
7471783
7473005
7472260
7473010
7471622
7471702
7472828
7472891
7472769
7472668
7472228
7472564
7471475
7471426
7472777
7472836
7472898
7473113
7471893
7471371
7473188
7472472
7472405
7472903
7472921
7472474
7472641
7472506
7473006
7472935
7472699
7471395
7473065
7471863
7472726
7472956
7472233
7471505
7472696
7473007
7472511
7473061
7471575
7471487
7472564
7471838
7471609
7472434
7471658
7472509
7472814
7471681
7472853
7471877
7472359
7473071
7472622
7471992
7472674
7471597
7472303
7472678
7471631
7471530
7473210
7472698
7472804
7473126
7472936
7472868
7473070
7471229
7471582
7472837
7472727
7472369
7472535
7472626
7472388
7471767
7472998
7472581
7473118
7472872
7472789
7473309
7471648
7472370
7472830
7472772
7472560
7472949
7472128
7472595
7472963
7472903
7472541
7472885
7472485
7472933
7472967
7471830
7471717
7472810
7472785
7472915
7473307
7472901
7472716
7472758
7472688
7473165
7473180
7471969
7472890
7472861
7471677
7472917
7471950
7472875
7472845
7472759
7471393
7472563
7471806
7471897
7472671
7471403
7472346
7471400
7472544
7473066
7472607
7472557
7472132
7473010
7472540
7473183
7472953
7472626
7472791
7472700
7471709
7472781
7473126
7472550
7472884
7472935
7471788
7472629
7472523
7472843
7472454
7472540
7471422
7472334
7472708
7472672
7472115
7472957
7472376
7473115
7472818
7472835
7471304
7471370
7472559
7473099
7472810
7472106
7473061
7472803
7471732
7473190
7472775
7472779
7472963
7472835
7471686
7473125
7473145
7471903
7472250
7471314
7472950
7472883
7472985
7472885
7472401
7472848
7471497
7472825
7473034
7473064
7472709
7472315
7471290
7471559
7473173
7472779
7472941
7471454
7471958
7472883
7472738
7472839
7471920
7472825
7472811
7473036
7473071
7472945
7471891
7473155
7473135
7471894
7472826
7471479
7471950
7472927
7473195
7472640
7471635
7471462
7472337
7471998
7472658
7472822
7471665
7471775
7471760
7473243
7472981
7471304
7472880
7472327
7472929
7472890
7473002
7472453
7472836
7472835
7472954
7471491
7473031
7472752
7472004
7472760
7473151
7473043
7473159
7472480
7471813
7472130
7472759
7473002
7472080
7471297
7472984
7473085
7472938
7472747
7472887
7472708
7471831
7472954
7472973
7472814
7472788
7472999
7472799
7472465
7472874
7472456
7472956
7473108
7471874
7472876
7472214
7472669
7472807
7473082
7472220
7471244
7471801
7472591
7472824
7472928
7472019
7471999
7471449
7472743
7472364
7471642
7472787
7472537
7472756
7472408
7471687
7471686
7472677
7472634
7472820
7472593
7471471
7471820
7473180
7472736
7472796
7471874
7472941
7472468
7473030
7472697
7472917
7472891
7471651
7471366
7471756
7472791
7472939
7472486
7472978
7471723
7472928
7472881
7473022
7472756
7472696
