2129633
2360507
2048029
1306465
2113842
1583044
2448811
2215336
1890623
2424656
1834397
1561873
2034041
1149653
1204963
2088849
1878279
1108836
1938491
2135887
1628388
2130353
1162440
2082681
2102180
1921231
1163171
2359374
2453963
2137683
2666399
2331318
2215295
2107784
2484625
1297441
1980579
1205358
2020392
2205698
1879964
1295114
1150235
1302779
2221166
2182097
2073352
1960746
1835805
1354231
2228092
1252486
1037886
2144585
2215580
1151134
1121499
1205419
1245182
2002372
2200462
2278040
1155410
2210842
1161700
1908070
1239464
1205395
1974233
1138902
2084715
1159746
2318945
2114165
1047005
1158227
2067901
2533682
2350323
1252877
1238605
1149401
2197492
1897157
2240879
1599719
1758757
1153706
1630616
1135794
1941654
1115900
1205528
1139366
2252100
1927937
1738075
1144024
1768154
1251448
2083846
1070733
1945561
1183036
1886206
2107593
2183277
1088440
1790879
1290845
2086439
2216362
1155305
1204566
2197993
1101671
1989181
1139115
2150202
1921035
2167955
1185302
1916403
1890724
1945868
2139235
1149338
1433300
1141610
2130248
2285570
2219729
1253307
1334634
1940803
1148915
2185237
2419925
1386286
2044303
2252801
1861081
1753379
1834394
1158206
2854388
2082216
2182635
1152921
2222692
1110745
2124220
1183243
2215625
1155087
2204658
2132564
2250049
2124083
2107542
2304552
2116815
2207080
2274403
1499702
1555234
1912351
1752348
1205055
1508986
1153754
1205371
1047037
1289458
1834397
1563964
2290749
1628382
2152336
1157049
2165125
2676579
1938300
2186414
1147610
2112682
1160345
1253069
1254500
1929587
1183203
2112654
1183174
2029825
1814187
1874984
1183190
1251398
2261199
1164478
2131161
2207722
1919255
2094450
1159409
2114274
1304036
2152606
2135031
1773333
1109447
2261610
2218512
2117717
1803977
2336107
1774150
1184863
2081094
2183752
2135062
2287337
1162940
1147560
2107412
2113916
2131384
2114165
2104968
1155722
2190007
1204537
1253009
1121495
2191565
2078601
1414344
1913050
2003805
2133352
980074
1147405
2202275
1138538
1116919
2363343
1281065
1958138
1130396
1287036
2197494
1154329
1993987
2068935
2146294
1878133
1784635
1147731
1020825
2174878
2117567
2288205
2317250
2107024
2310391
1881416
2326020
2311966
2212282
2188714
2132936
1895032
1897998
2327446
1937843
1130558
2178438
1892992
1593107
2097697
2332837
1155644
1924088
1147517
1895376
1238766
2188953
1898322
1204486
2195359
1591629
2068798
2242185
2289985
2204193
2096917
2094627
1155638
1205437
2054498
1990191
997768
2114534
1998666
1757320
2188071
2330419
2469992
1628186
2074274
1809304
1911977
1007081
1998726
1018702
2210983
1908006
2125677
1976301
1785346
1290695
1599092
931551
1247755
1227829
1205360
1152201
2450792
1559126
1153410
1560224
1361206
2133330
1917131
1739440
1623203
2372564
2077940
2169514
2371043
1893358
1175817
1205219
1601278
1155701
1427330
2047992
2225768
2129308
2123099
1472356
2210433
1148595
1982110
2170208
2207520
2079130
2019118
1205150
2210643
1665424
2170275
1153581
2001301
2170689
2208199
2021762
1235791
2170207
1999829
1205406
2107844
2200420
1184755
945263
1997993
1568384
2244209
1650512
2093385
2281981
1893050
2083258
1298370
1435879
2109459
2141669
2194890
2239662
2347618
2215256
1516042
2071559
1149016
2167424
2161387
1252407
1979918
1997284
1747310
1185327
1184043
1431766
1793920
2345103
2107359
2142045
2350694
2202364
1601293
1790894
2152027
1934037
1929604
2068459
1529307
1013742
2283493
2068983
1183140
2483005
1205036
1147545
2003138
2218981
2220390
1253008
2706511
2120136
1153902
2155593
1908800
2183797
1796936
2145360
1920025
2185722
1863864
1431811
2198427
2116924
1205527
2190315
2601202
1937153
1893938
1803823
1035946
1204951
2159778
1747519
1847602
1617826
2089270
2373748
1153843
2246674
2140186
1101320
2262307
2113048
2176893
1877274
1156557
978848
1164397
2089209
1979925
1101366
2204932
2274409
2132584
1929602
2210629
1340359
1561863
1307139
1601585
2462322
2364432
2109419
1155409
2206968
2199319
1795153
1182309
2095896
1155491
2083950
1204925
2758632
2329861
1147524
2122131
1746105
1163432
1803301
1628398
2128722
2185759
