4238671
4112657
4201993
3917031
4329833
4211849
4231784
4292965
4255817
4199947
4299075
4152520
4290736
3956360
4012869
4273998
4195792
4064869
4193488
4261807
4183765
4237628
3880108
4274623
4246229
4162995
4102424
4304498
4202628
4111283
4230464
4280766
4258581
4300951
4274696
4047880
4280480
3919106
4226197
4217598
4260918
4258135
4142918
4034695
4177811
4263441
4213561
4184781
4305803
4286299
4261118
4276322
4061920
4275088
4194163
4127391
4037485
4051181
4128449
4284532
4237622
4124634
4084548
4261527
4106698
4111993
4116649
3864311
4267269
4055687
4222269
4008358
4284105
4238292
4290543
4110386
4273351
4096648
4238197
4216577
3962002
3892885
4265501
4235509
4333581
4153624
4247571
3935557
4321277
4309586
4275574
4239953
4216258
4178023
4154106
4257672
4269028
4056760
4176636
3907830
4110768
4279410
4325764
4104669
4278298
4079018
4165691
4297742
4204428
4088937
4191872
4248839
4103892
3831169
4238553
4022662
4238571
3931740
4242336
4254115
4286221
4038661
4316232
4270077
4291682
4242494
4081981
4237088
4146558
4188868
4152594
4256041
3996746
3986108
4206975
3877353
4251964
4119294
3812162
4299022
4226738
4157908
4284546
4205773
4103681
4320520
4270287
4090771
3974094
4231591
3955737
4223294
3930442
4134654
4057901
4139417
4120653
4307785
4364983
4236087
4312883
4284564
4143448
4192760
4239781
4208563
4255606
4240427
4017896
4379903
3959922
4099295
4156434
4157555
4232177
4326688
4208259
4134127
4145333
3942560
4134360
4125809
4262057
4274730
3995721
4244604
4217231
3882753
4063991
4203685
4111191
4176836
4172851
4213597
4287600
4128021
4093480
3998609
4219519
4099190
4260886
4097606
4106400
4262918
4087014
4263492
3963025
4248484
4284417
4208803
4135650
4209784
4246316
4251805
4329439
4213361
4215902
4139428
4197235
4264005
4231120
4293602
4253777
3989485
4272816
4245931
4343179
4342553
4235604
4026859
4151247
4009614
4009650
4029939
4284134
4209024
4251711
4303972
4205875
4097201
4207906
3892805
4236907
4077765
4012787
4265808
4339187
4283678
4022995
4128482
4298402
3889907
4264184
4298730
4337857
4246610
4213099
4074095
4272434
4201331
4207914
4239177
4155009
4147742
4286186
4325145
4148212
4155471
4307950
4194352
4249812
4251833
4230076
4264494
4113159
3956768
4251317
4261296
4244630
4210088
4224936
4064649
4325781
4028537
4238336
4352220
4163659
4135894
4015110
4185605
4026365
4219654
4168094
4280546
4145067
4280295
4278832
4073346
4209523
4109154
4296446
4262014
4142373
4273974
4234505
4293656
4311202
4237842
4241303
4095317
4241364
4325754
4102402
4170375
4258913
4251308
4283734
4223947
4126054
4123147
4120801
4321217
4281913
3997978
3948865
4152249
4048096
4103891
4239914
4044743
4331729
3905568
4304309
4241557
4138345
4211425
4263198
4134099
4199281
4283601
4207769
4325836
4097421
4228182
3876706
4152490
4083917
4098936
4281496
4181921
4320080
4235950
4175938
4253947
4179590
4247769
4325863
4123613
4123799
4240126
4187362
4264640
4109792
4343745
4284265
4283442
4139809
4324818
4285386
4285120
3981939
4089321
4283618
3955538
4287571
4231355
4283046
4234968
4215941
4275707
4233210
4259696
4263291
4030638
4238377
4228180
4259284
4109366
4274760
4299254
4262234
3903021
4231127
3959817
4252383
4208046
4205637
4259099
4295221
4259106
3944577
3984675
4203536
4157915
4248874
4123504
4295673
4272225
4233934
4150941
4100377
4252568
4219266
4270403
4083207
4269603
4308293
4266221
4295705
4120590
4293423
4021920
3799860
4147354
4150196
4227578
4248711
4253370
4262629
4327350
4233177
4275267
4174837
4326281
4264922
4222614
4305080
4276169
4217110
4167583
4223437
4234868
4229137
4220323
4281000
4283965
4136499
4209209
4057086
4321904
4154031
4247763
4265098
4237396
4289822
3910416
4291513
4220143
3836838
4318287
4240528
4186975
4248887
4124354
4263940
4063015
4198902
4168661
4236275
4284317
4115394
4200031
4271429
4124405
4113730
4236080
4277268
4234297
4138638
4238256
4207664
4115522
4261168
4198858
4278291
4005560
4282072
4030814
4172334
3745602
4134073
4256014
3990466
4270300
4238274
4072258
4254184
4224731
4144341
4234945
