3318350
3244899
3269892
3297953
3334737
3334213
3288782
3336920
3296591
3317194
3363791
3292555
3273032
3295120
3302398
3302353
3274014
3290729
3305165
3290706
3269564
3239371
3324085
3294126
3328890
3288500
3286678
3281596
3204125
3379724
3330651
3184941
3279909
3329272
3249643
3364392
3365802
3299401
3318351
3325003
3340606
3261691
3297007
3366708
3312931
3317391
3306976
3280690
3325097
3293247
3307095
3278802
3290172
3319517
3261444
3388340
3316326
3299371
3335642
3354741
3262050
3330636
3297299
3314452
3322574
3234848
3322961
3343458
3326457
3339938
3310481
3193546
3212465
3312665
3313941
3231764
3340307
3218427
3348390
3251203
3312532
3293444
3212635
3296483
3254717
3312650
3331856
3225906
3214907
3335188
3298694
3351994
3287196
3367114
3382390
3267761
3301842
3292531
3316647
3322746
3251452
3364251
3397974
3376918
3315100
3326633
3280069
3390888
3311103
3386441
3263474
3340447
3221175
3264679
3251215
3322885
3320092
3353390
3312509
3343082
3230440
3297541
3322044
3221970
3302599
3296655
3342522
3334666
3378204
3342483
3297109
3321708
3323523
3261479
3323937
3270846
3261460
3310862
3349857
3277212
3373150
3282314
3327000
3250135
3348630
3323468
3327336
3293297
3361526
3289677
3269875
3319249
3307448
3308043
3304390
3336090
3274838
3390466
3230146
3241294
3222494
3282317
3329322
3294590
3286791
3310351
3322489
3337496
3193905
3352393
3319128
3282892
3332453
3258669
3286321
3254280
3362110
3308335
3308466
3375812
3234403
3352160
3311825
3321454
3374320
3314678
3312252
3281309
3355147
3298781
3304788
3314130
3306172
3306602
3279483
3334910
3277343
3331757
3269544
3327531
3286465
3369845
3305319
3279328
3264981
3308805
3350737
3336398
3226425
3245379
3253770
3365056
3236991
3303977
3259613
3288016
3359777
3389444
3365610
3266631
3388343
3361499
3230951
3266071
3310945
3336308
3248344
3376576
3313198
3338882
3280857
3358646
3340141
3296116
3357357
3316702
3267332
3360747
3213325
3321579
3288778
3291416
3330853
3281356
3271791
3310391
3311507
3289749
3343001
3356621
3279982
3275536
3312261
3348092
3325022
3228876
3200275
3249655
3335402
3318479
3282944
3286310
3302657
3247541
3266186
3299102
3268090
3301310
3260489
3393298
3379362
3275689
3310801
3281201
3228167
3342640
3278943
3401286
3251084
3321059
3245689
3293706
3296536
3336633
3261417
3310940
3352602
3294547
3292102
3386090
3328833
3391011
3227726
3286685
3273168
3285914
3347808
3250602
3331962
3268400
3288685
3329122
3252456
3328332
3290094
3295931
3258416
3319001
3270932
3279947
3343898
3346936
3326804
3231570
3313379
3290021
3322197
3295095
3369089
3377709
3326622
3310181
3332795
3251797
3299999
3231933
3322601
3328960
3255873
3269955
3340277
3292017
3378575
3303220
3307075
3304382
3322714
3364477
3341663
3320515
3303660
3352932
3303336
3241855
3347684
3256373
3275305
3377312
3323666
3334316
3256057
3283259
3229144
3302265
3256315
3358133
3373339
3279257
3333223
3287618
3343963
3244802
3280662
3335426
3373986
3336805
3343653
3268587
3307904
3222919
3296558
3349026
3270114
3351976
3246751
3315162
3342816
3257872
3281204
3342139
3255593
3283509
3291961
3327564
3308534
3324194
3335333
3286384
3262618
3299764
3382347
3347392
3280366
3276735
3261472
3322126
3199801
3269521
3272528
3340494
3289527
3284105
3253297
3321189
3349615
3352047
3278764
3294272
3356467
3285384
3403706
3308915
3257847
3292480
3300429
3270108
3299598
3232861
3291397
3269417
3333037
3328251
3285401
3287444
3323495
3325423
3322463
3238055
3366972
3255320
3322241
3334357
3237147
3276756
3334470
3231352
3353346
3232073
3265376
3243711
3257326
3329916
3311886
3314920
3293201
3295851
3316401
3226296
3297315
3345012
3215516
3308877
3308656
3246966
3277956
3281464
3308468
3272316
3345305
3299006
3358635
3212217
3336224
3389043
3303326
3282230
3312506
3349693
3366103
3244672
3262646
3246343
3367482
3265626
3299942
3324316
3207004
3319382
3290098
3227282
3303818
3317651
3316144
3219148
3298251
3329967
3342637
3293871
3354014
3282519
3312607
3310355
3323595
3323830
3247932
3229637
3325589
3260644
3338517
3371313
