5592490
5588489
5575141
5583434
5586693
5591411
5602589
5560016
5619794
5555591
5589427
5607981
5591985
5597344
5651717
5556396
5598027
5591408
5604561
5593804
5564439
5600580
5586690
5603333
5573694
5581834
5603930
5569118
5663473
5529849
5566903
5593275
5615879
5578738
5609795
5592497
5596519
5595343
5535501
5626673
5620431
5612796
5576773
5566525
5548779
5623539
5589962
5566644
5578618
5586743
5601367
5589868
5602913
5586733
5606845
5557205
5579520
5602346
5577775
5567038
5599077
5596611
5629480
5567066
5586351
5623532
5528530
5618710
5541371
5567272
5621110
5601106
5605412
5587815
5551052
5627365
5626915
5620104
5582320
5608722
5570265
5632580
5630066
5576197
5626116
5601303
5598251
5605172
5624628
5596816
5598106
5607641
5576217
5583963
5595976
5571831
5554486
5608188
5554615
5580045
5628306
5552926
5599760
5603746
5598293
5598638
5593865
5561249
5578301
5591065
5586808
5588453
5653568
5620693
5641185
5580807
5576947
5551460
5575499
5567004
5637022
5607198
5581285
5585035
5638030
5534027
5546608
5602551
5570260
5585310
5558292
5574989
5609650
5600483
5539198
5602216
5602316
5552321
5561286
5627568
5567790
5611503
5596905
5585498
5623263
5603436
5551851
5600168
5559768
5565904
5598962
5570766
5571670
5600749
5588072
5592479
5595089
5561432
5620966
5608748
5577862
5614696
5609925
5627519
5590136
5574500
5561077
5579610
5622723
5581429
5560798
5613019
5616495
5603048
5616784
5589945
5608248
5581821
5558429
5604584
5614047
5581243
5645080
5570163
5528500
5578863
5619076
5608738
5588049
5543005
5592124
5546933
5562329
5630017
5566385
5614953
5602230
5562430
5603690
5548085
5633920
5587605
5598473
5558783
5639441
5562109
5572397
5569987
5609840
5580543
5582768
5593823
5596068
5558843
5586393
5577947
5586619
5581673
5539846
5609840
5572129
5565993
5586247
5636767
5560952
5574750
5577055
5595099
5606806
5605731
5610249
5624929
5558911
5605470
5571185
5548943
5622750
5580023
5602807
5552372
5612035
5612924
5592502
5574193
5575856
5566423
5615044
5586255
5575457
5601332
5589979
5604435
5614766
5533778
5592104
5601607
5573210
5614148
5571263
5631084
5607442
5567701
5579973
5657919
5611366
5571525
5608565
5592827
5640343
5597092
5610141
5610084
5563687
5594448
5594155
5596390
5587003
5577605
5618306
5552235
5641766
5593062
5582502
5543317
5591373
5525903
5573286
5566894
5596908
5578598
5601252
5580247
5579293
5577105
5605812
5599671
5616523
5599434
5622713
5589432
5582423
5583261
5608364
5602849
5589179
5624143
5571363
5636817
5590517
5605027
5610164
5632237
5610925
5596079
5558479
5607432
5608300
5597680
5622979
5570295
5563858
5602799
5577065
5590226
5571443
5598792
5534633
5585467
5594296
5578034
5613155
5627602
5563958
5557123
5567961
5651339
5596067
5617492
5577704
5609258
5617181
5565470
5601174
5607396
5605430
5607184
5601446
5601155
5586487
5605869
5602679
5612725
5637687
5603316
5590483
5572968
5555121
5598656
5566187
5616347
5591350
5557182
5582339
5588728
5616319
5558707
5581164
5607543
5588761
5603038
5583382
5568076
5590454
5559756
5616727
5601677
5603774
5567498
5623619
5622025
5618644
5590030
5596538
5590900
5597544
5596562
5607114
5597302
5616787
5552515
5589270
5581050
5584502
5631886
5610732
5638855
5590801
5589866
5622454
5580282
5592928
5561198
5593104
5592960
5566066
5587463
5603832
5577505
5591799
5623372
5557850
5595869
5617194
5603665
5559887
5591196
5559621
5621720
5583393
5653291
5602838
5602980
5554135
5624596
5574254
5547210
5596299
5614169
5621362
5633543
5620897
5608817
5614609
5603614
5557922
5581176
5594578
5632596
5587380
5607506
5588430
5577487
5616225
5624835
5630042
5596474
5611290
5617450
5553372
5537028
5608734
5587327
5621734
5612076
5557289
5592119
5542800
5554304
5577535
5581241
5596174
5628925
5609544
5605480
5632248
5586738
5587364
5613721
5554955
5640721
5580251
5569395
5577449
5583294
5582622
5592296
5636152
5547627
5585752
5612027
5582157
5614630
5574787
5636315
5548203
5576529
5603916
5618941
5548482
5564750
5645584
5537752
5598438
5578864
5601570
5612593
5549638
5628872
5555483
5606802
