7472973
7472464
7472660
7473302
7473035
7472761
7472625
7472755
7472557
7472969
7472667
7472465
7471724
7473036
7471486
7472889
7471972
7471457
7471752
7472539
7473014
7472736
7472635
7473195
7472927
7472854
7473152
7472823
7471603
7472222
7472840
7471571
7472919
7473078
7471204
7472992
7471903
7472505
7471555
7472644
7472569
7472709
7472797
7471450
7472347
7472325
7472209
7473033
7473326
7471402
7471995
7472649
7471499
7473153
7472852
7471654
7472646
7472811
7471382
7472788
7472628
7471641
7472627
7471754
7472486
7473067
7472862
7472730
7472733
7472781
7472798
7472488
7472385
7473208
7472945
7472751
7471900
7472377
7472640
7471654
7472687
7472950
7473063
7471975
7471884
7472192
7472580
7472641
7472511
7472441
7473006
7472426
7472839
7472569
7473026
7472765
7472819
7472805
7472621
7472461
7473175
7472857
7472770
7472799
7472631
7472813
7472667
7472699
7472988
7473009
7472603
7471536
7471479
7472955
7471279
7472473
7472850
7472967
7471590
7472725
7472382
7472836
7472959
7473008
7471612
7472944
7472529
7473050
7471315
7471236
7472560
7472675
7471216
7472837
7472799
7472509
7472984
7472652
7471670
7472906
7472364
7472893
7473038
7472726
7472868
7472405
7472656
7472786
7471840
7472554
7473005
7471251
7472996
7472812
7472690
7471985
7473130
7472979
7472640
7473063
7472946
7472672
7472403
7472333
7472820
7472647
7472581
7472877
7473316
7472893
7472973
7471509
7472871
7471262
7472789
7472603
7472086
7472801
7472728
7471528
7471561
7472493
7471754
7472465
7472605
7472869
7471726
7472551
7472003
7472626
7472938
7472604
7472431
7472814
7472965
7468122
7472514
7472861
7472725
7471660
7471212
7471513
7472008
7472823
7471466
7472843
7472734
7472854
7472495
7472950
7473262
7472810
7472725
7472449
7472751
7472839
7473192
7472910
7471418
7472742
7472526
7471509
7472978
7472834
7472928
7472892
7472234
7472696
7472569
7472609
7472677
7471574
7472510
7472859
7472824
7472172
7472605
7472755
7472683
7472164
7473100
7471776
7473123
7472844
7471708
7472515
7472385
7471355
7472844
7471726
7472356
7472727
7472532
7472426
7472660
7472684
7472975
7472489
7472646
7471555
7472539
7472803
7471360
7472997
7472511
7473170
7471711
7472621
7472503
7472847
7471807
7472625
7472858
7472809
7471585
7472787
7473047
7472922
7472385
7471923
7472820
7471645
7473179
7472647
7473269
7472818
7472721
7472564
7472565
7472880
7472461
7472327
7472680
7472526
7472397
7471691
7471024
7472826
7471782
7472562
7471878
7471992
7472940
7472767
7472969
7472699
7472672
7472560
7472795
7472963
7471796
7473170
7473257
7473186
7471671
7471957
7472954
7472431
7472763
7471603
7471646
7471410
7471578
7472981
7471636
7472671
7472857
7472941
7472913
7472936
7472831
7472390
7472845
7473308
7472108
7471652
7473003
7472984
7472887
7473108
7473005
7472736
7472663
7473157
7472957
7471653
7472575
7472860
7473005
7472743
7471679
7472976
7471450
7473019
7473083
7472768
7472973
7473063
7472999
7472870
7473201
7471770
7472465
7472436
7472915
7472498
7472377
7472759
7472441
7471335
7472782
7472974
7471390
7471700
7471741
7472664
7472763
7472624
7472948
7472467
7472934
7471644
7472987
7471424
7472265
7472926
7472953
7472774
7472813
7472788
7472416
7472289
7471144
7472481
7472729
7472818
7472987
7472818
7473075
7472974
7472814
7472353
7472361
7472951
7472786
7472342
7472708
7471322
7472615
7473097
7471813
7471795
7472760
7472493
7472824
7471913
7472936
7471735
7472893
7472488
7472676
7471840
7472656
7471614
7472331
7472532
7471762
7472965
7472958
7473033
7473143
7472727
7473005
7472995
7473017
7472867
7472847
7472700
7471331
7472726
7472645
7472585
7471548
7471714
7472503
7472632
7471355
7471727
7472831
7471613
7472907
7473231
7472665
7472875
7471361
7472721
7472500
7472416
7472709
7472638
7472915
7471788
7472926
7472962
7472594
7472623
7471932
7472916
7472907
7472915
7472826
7472962
7473081
7471673
7472677
7472810
7472536
7471532
7472014
7472400
7472538
7472948
7472582
7471570
7472581
7472304
7471123
7472709
7472588
7472637
7471938
7472651
7472464
7472769
7472880
7472932
7472533
7473112
7472262
7472952
