3220479
3360413
3250720
3351293
3263472
3252420
3344680
3229540
3322760
3314378
3279623
3239608
3193378
3292163
3269695
3358658
3238975
3352892
3250001
3251898
3253972
3201133
3402775
3202802
3194666
3216051
3337831
3211867
3257682
3244904
3366958
3278425
3383828
3263611
3302934
3333949
3327700
3336255
3307560
3333374
3348633
3208189
3288734
3332031
3387266
3333336
3199322
3345890
3277885
3198936
3303830
3315955
3343176
3314998
3315218
3376597
3291077
3327290
3289210
3249195
3355988
3324590
3339666
3304232
3343293
3361214
3348198
3346729
3274226
3378295
3343211
3312077
3198995
3362835
3258519
3332948
3275959
3282332
3360109
3246604
3366680
3283983
3284254
3191081
3265814
3309266
3260625
3318240
3143595
3363756
3228779
3245559
3325250
3315018
3263066
3219092
3250759
3289965
3248002
3287810
3196613
3314653
3295798
3341278
3322156
3238655
3354548
3335588
3267705
3307310
3335567
3335065
3279139
3299875
3246810
3366453
3338731
3293731
3351238
3233000
3320963
3349619
3276232
3325690
3305234
3230728
3313396
3284539
3227847
3284652
3298248
3314867
3315287
3252593
3307678
3381335
3138437
3375836
3318057
3258955
3401970
3263976
3260696
3224157
3307589
3307574
3264533
3288310
3392408
3262939
3315887
3249796
3309618
3336231
3318852
3228769
3235381
3383152
3207555
3240858
3188472
3356501
3227022
3354431
3280313
3244231
3348448
3274105
3370227
3280685
3318122
3359034
3300294
3232383
3221218
3213683
3347576
3252290
3239160
3352835
3298304
3336487
3214513
3345438
3342282
3255441
3241842
3328336
3374401
3255592
3305602
3355566
3349598
3281604
3263504
3206045
3290713
3421346
3216257
3365545
3224356
3221698
3377024
3236053
3334724
3397319
3279313
3337773
3234778
3199219
3297961
3359352
3277257
3265999
3178346
3345092
3281223
3348385
3250907
3276489
3370196
3345303
3317518
3334725
3294126
3349847
3314485
3288581
3345010
3317163
3333314
3341122
3320321
3288680
3376021
3414963
3219449
3291486
3370255
3240079
3227893
3324979
3383392
3348459
3294190
3261794
3217074
3275019
3327551
3238751
3199480
3311390
3302378
3244931
3197060
3196948
3238114
3290486
3299782
3265744
3302818
3272018
3290463
3199821
3350241
3170287
3210484
3251930
3322540
3310745
3292025
3274586
3350830
3304252
3308655
3268190
3218773
3251780
3250604
3298017
3195754
3349830
3338818
3393079
3300037
3228928
3215172
3334141
3293838
3231422
3320579
3333765
3356417
3300315
3234631
3301925
3212381
3295616
3332490
3292323
3254721
3256716
3254615
3245576
3283545
3295892
3278276
3290554
3207620
3274549
3222563
3265941
3270010
3258797
3252359
3190409
3387499
3330546
3333520
3272067
3379779
3263022
3302340
3296268
3281471
3283451
3341064
3370601
3237935
3305086
3230049
3322898
3250596
3380925
3329270
3208104
3181818
3257232
3363082
3391696
3314870
3275886
3324054
3267761
3310327
3234723
3251043
3344128
3258331
3332069
3248667
3273324
3327555
3187929
3169737
3340111
3365178
3327159
3334175
3270282
3295330
3191895
3393371
3300245
3333476
3373731
3217411
3230007
3248386
3341208
3287768
3300846
3322356
3336331
3234630
3339173
3223847
3185545
3306786
3355992
3297095
3287178
3240234
3324178
3284519
3393744
3308525
3372502
3299527
3370858
3408822
3342125
3340204
3342404
3248608
3211951
3310804
3241822
3299142
3283826
3257767
3317300
3258205
3295874
3229569
3256054
3263158
3283322
3323005
3294478
3333932
3238166
3216677
3261739
3244921
3248428
3256624
3336479
3235221
3297882
3284651
3346606
3294078
3371561
3342341
3393444
3273360
3201298
3311355
3188347
3249239
3250506
3279679
3322231
3398901
3324637
3277321
3237998
3272781
3214341
3253962
3373779
3184550
3343814
3324347
3202563
3242047
3219550
3333757
3303281
3237134
3250398
3287726
3198981
3226319
3346378
3344071
3243065
3369238
3328788
3151784
3291886
3286335
3362393
3161201
3269541
3199066
3309512
3328091
3175944
3309841
3247308
3233432
3322172
3221894
3255328
3217245
3208955
3366845
3197127
3383573
3358419
3220584
3326299
3456743
3341821
3363532
3289296
3333233
3327328
3353028
3313109
3373861
3287974
3285584
3287602
3272461
3189711
3312407
3334745
