1733558
1566109
1733880
1707258
1662440
1685988
1659220
1680421
1578793
1691674
1696148
1585988
1636341
1668491
1587741
1677169
1612084
1583123
1684915
1665789
1599641
1596603
1682504
1576534
1684295
1753125
1577854
1677531
1527943
1582996
1669316
1691861
1707906
1630564
1683928
1683315
1616396
1598640
1684586
1690898
1658000
1541359
1653165
1619121
1679839
1583818
1572176
1653317
1624900
1698581
1729874
1570172
1688209
1682998
1573234
1743527
1656053
1583732
1516203
1746995
1612550
1625477
1584884
1634747
1686163
1667742
1719993
1614448
1662511
1695214
1634397
1666286
1650188
1677214
1668753
1587233
1506926
1637846
1599399
1627418
1640088
1654217
1659413
1670879
1614421
1662425
1553232
1635793
1581633
1668997
1671793
1654621
1523338
1656068
1564355
1638769
1661920
1654041
1705149
1622897
1545473
1689011
1654455
1621078
1729763
1626189
1637173
1673446
1682858
1623218
1649166
1769864
1642804
1619455
1684364
1666720
1570866
1659481
1706975
1619834
1584580
1639003
1584108
1637899
1576397
1663390
1636025
1643452
1621995
1657905
1658729
1690446
1609849
1605636
1725296
1605125
1656418
1614507
1680498
1625077
1642351
1654250
1642497
1520342
1608963
1579779
1631297
1705215
1659869
1621815
1637623
1597942
1602091
1631200
1659925
1646421
1629411
1592259
1596207
1616621
1661206
1642090
1678497
1639960
1561396
1753717
1740112
1562603
1705299
1660711
1620141
1584477
1616763
1556281
1645637
1610067
1596813
1644909
1588292
1657034
1575189
1575666
1657787
1604211
1668250
1709946
1615444
1597863
1637670
1716628
1628913
1675389
1636999
1600478
1675424
1571410
1717608
1730662
1570776
1720874
1675279
1655377
1631889
1677472
1729623
1654313
1670731
1673614
1672487
1684438
1667745
1648796
1709511
1711363
1627973
1642981
1686661
1680141
1769394
1612852
1578717
1711539
1739751
1502822
1641845
1664424
1622713
1627679
1546626
1579002
1570863
1639972
1755519
1653509
1703276
1669511
1658810
1689682
1674952
1606584
1673165
1709454
1703293
1661812
1655774
1670881
1594651
1675649
1622884
1700869
1632196
1627134
1588786
1539997
1662584
1671423
1656548
1586304
1676472
1620434
1692060
1688230
1626678
1649661
1653511
1672708
1705845
1618198
1623822
1675326
1646063
1693186
1687668
1739711
1573140
1625797
1661549
1594791
1613029
1672934
1588277
1626985
1595506
1636903
1672487
1704967
1615542
1734363
1555695
1702295
1660161
1646342
1652884
1663029
1625186
1686243
1557230
1590510
1670521
1735649
1664580
1715101
1584571
1628418
1627436
1585239
1620850
1617478
1746994
1552367
1696069
1713896
1673106
1715762
1600758
1690421
1656259
1643812
1644789
1668784
1632030
1629488
1694877
1647123
1682456
1743848
1607818
1651303
1625879
1635133
1713186
1653612
1732821
1657408
1695640
1647070
1648683
1594613
1701611
1610430
1701044
1774993
1698478
1663485
1685856
1573606
1621716
1614577
1664682
1595083
1627295
1658629
1676720
1638492
1705324
1604086
1701281
1676174
1561273
1632650
1587104
1657769
1609432
1616080
1679643
1604905
1603760
1642381
1700987
1649322
1663642
1687188
1647905
1629186
1578723
1606737
1572129
1731850
1636870
1717135
1604235
1594802
1610307
1621105
1697196
1651084
1619840
1653256
1628410
1620483
1659492
1677519
1668901
1653806
1576432
1649092
1676303
1663467
1607024
1585608
1635380
1587369
1643815
1679416
1643349
1664405
1623289
1654631
1641950
1673174
1739756
1645352
1690804
1666290
1615425
1586498
1621925
1640504
1631011
1623433
1608508
1752761
1656839
1627814
1648290
1670248
1549949
1716149
1615471
1615943
1628095
1738716
1659234
1674036
1664485
1681944
1653051
1647382
1644359
1483092
1624251
1693285
1679240
1628302
1668818
1672699
1613371
1579045
1679776
1666355
1548724
1624184
1640879
1658479
1723350
1613889
1598408
1743270
1668342
1646094
1719780
1686406
1636494
1624234
1672663
1658819
1686203
1630697
1641885
1591900
1640596
1675570
1739818
1720272
1649497
1653486
1605024
1756195
1635374
1650396
1697025
1580274
1685345
1518916
1598569
1665496
1724424
1605036
1632607
1659352
1550314
1703938
1635111
1645010
1631846
1660723
1657025
1674578
1626077
1581159
