833397
853930
800041
765054
680721
827876
807520
678070
782491
799686
785432
865457
848130
745158
605074
906014
765880
847062
748970
809995
771693
664468
770726
808396
757475
838057
915191
808560
848016
829637
815489
857101
987324
701593
844866
732118
712983
830442
801634
776090
835063
661086
785421
925105
817160
720317
786674
864377
917505
859234
730590
885131
822449
730687
813245
787780
773550
801937
811699
775256
765109
952132
767159
828719
852983
692114
799899
883235
774869
841970
800433
880740
699390
836350
798913
825443
795868
765093
808147
730327
847945
905135
682338
709374
901383
645709
849141
800785
815787
693985
788931
691310
738968
754364
772285
879493
851237
788235
792832
770342
702767
760240
781985
820367
811811
788614
771683
847567
776480
822089
872460
714530
706343
708723
647189
858068
855641
739782
802897
913178
740316
866435
717505
733820
847938
634614
776790
647355
789231
761736
742467
820281
792704
904630
818358
767790
798118
785173
794053
724127
852166
841242
722357
964311
934525
799673
707496
806405
809706
869111
737929
853100
764427
718336
776216
797623
829738
722971
723422
738540
775762
744930
859373
720273
743390
824654
669791
829345
662254
916209
835891
830991
739189
781345
740016
771602
767442
794750
724489
837071
736685
707029
842138
835164
744089
789116
729222
663583
736425
847010
742787
875714
788119
803649
797593
807860
768516
786932
757302
834145
867406
713752
830708
785594
803790
775109
786547
698148
785018
734317
842079
803800
837361
741868
818460
799267
774421
850426
817366
736679
646646
830166
810038
820723
663837
776490
819283
734047
813218
791795
725891
795367
846409
754940
736516
865461
794983
721160
769710
790080
826633
863390
760998
755209
753489
885171
826427
738650
948606
790897
794500
901050
723116
722019
816260
854657
848853
830274
849501
855359
797797
845697
760229
764569
837167
784322
717938
809127
874176
796608
702235
777724
717502
786507
777483
814107
787942
848287
697818
828641
781871
766380
789916
738270
705428
724537
734171
755332
840218
757469
786050
814898
732894
751934
823946
829141
717379
726479
841511
764061
744068
723929
861361
856427
758412
813420
858433
708758
847396
752254
750645
772781
884312
707458
717582
911927
714417
733395
779246
783453
737819
893923
816464
764723
832682
817782
804747
778915
778060
882345
713616
759965
764608
709592
784897
861809
736865
754807
796160
784658
725583
776392
792356
861385
803851
783996
724816
916357
767382
876063
773784
817099
762627
705938
745304
735718
832452
751296
796229
681941
871110
731433
737036
821638
919759
798978
778028
797682
818976
761103
817511
832824
738775
828764
887095
815488
828552
794602
819258
734178
820528
830705
716561
838110
859574
857422
723236
857950
792225
743216
786523
828603
809475
836342
839924
791563
878066
709190
825414
857270
802439
819109
798650
762453
783100
784907
874595
775651
837342
780882
727771
807017
903070
870483
722400
749310
778024
751561
734611
883109
871964
779007
757018
806385
842403
819945
674610
693260
758922
877963
864460
801868
782620
822921
774724
787546
615451
735278
802153
757062
669796
769834
679901
854002
793378
847365
826702
814103
757008
799531
822723
769109
828888
712107
780858
782711
787545
622581
755807
794912
710746
734060
740727
771221
836434
713275
797003
818089
660159
712291
824944
777347
762105
681687
788020
863034
815084
711895
829019
775767
856558
934076
751151
721139
831005
723262
726008
820977
771207
763570
803711
751509
882733
782085
720951
876610
825646
829559
810302
748571
