115534
110822
81295
99345
111303
83243
64551
110635
135291
71478
125397
108811
106132
68737
122252
159725
43460
73846
119523
122379
83918
122020
79842
119671
127328
96351
73572
86541
51055
129037
117432
88424
139154
120910
86103
165616
124927
117556
98369
139896
106367
31781
79257
171015
127425
126566
161539
72518
67201
120369
100523
64813
100781
82060
126685
137035
89016
97338
155433
101587
39764
108975
129170
131027
82830
36902
93694
92166
114429
92752
144537
76297
72043
134011
125374
110384
145204
141840
130926
92893
125123
119948
108668
62398
130606
86453
98632
71083
134364
134139
89018
143753
94000
100648
130055
105341
89285
88313
93223
102756
132598
79565
179907
122260
110345
148610
70044
124344
107666
135380
50265
159304
116047
145158
106286
77689
80797
129032
142474
101717
33915
178223
128607
66729
44551
111666
147155
118550
84448
95578
89563
135393
100969
103321
84080
126507
101411
91383
121767
53200
151076
66703
79592
106458
129023
163077
93903
70495
166731
98579
101152
146376
120943
107603
103268
109959
84933
122693
72330
97796
104651
144148
80039
113313
55776
74509
65047
89726
66729
118470
88794
112773
117700
100409
109221
119223
83300
85102
116697
99352
69580
162826
108748
171270
149427
92719
143902
108301
125486
91836
74924
126752
107982
102423
85245
118362
97613
92922
81440
101547
101364
97663
40994
73554
61239
108401
162914
154498
116503
111447
50154
103647
73458
85158
118345
139694
112730
162369
88244
47149
152427
136741
71933
103025
108697
136023
85336
114751
102105
138133
31204
179275
128763
119441
157618
84835
44589
135252
66140
121687
147784
100090
130580
67475
120482
83318
119762
81970
166183
117179
108787
135491
121118
123699
110040
82960
18680
81216
79541
85698
99593
89070
49549
95775
84339
139246
72950
88182
126992
135148
158714
27972
91598
93367
43133
140529
131170
96646
81298
99948
75623
126350
41182
75596
84098
126058
165470
114420
43154
138125
172929
98989
152901
54571
71004
107802
112816
72083
110556
152640
104421
130610
102984
79802
93754
61377
55760
133710
79079
96346
127332
120877
85759
92962
141608
79657
74230
61306
147249
96484
113696
74591
117358
100637
123867
94224
137256
146904
43932
62850
107580
145646
86785
45520
86016
89411
71920
157122
114705
137651
137616
95133
124508
101252
94589
44125
29928
139887
131939
129427
81615
113143
102311
107013
92362
122280
92762
94597
103521
82892
120099
133053
112892
176910
106167
189012
97248
76646
63203
160450
127609
131747
44770
137726
42646
130721
111518
81899
95125
125761
92619
114720
106554
132632
132041
132305
121467
78235
84755
126646
163024
105453
103523
78205
99085
83825
77392
138342
144121
94368
133469
65511
86512
98677
96388
116964
119487
71904
153933
84802
157916
105378
62551
107944
94761
55218
127838
46806
98926
48084
130088
64225
170052
114051
125082
141112
127876
72463
116735
92175
66744
82823
56913
91022
42010
58211
139389
82079
25347
92393
126947
142050
85922
122418
127904
112936
96411
130485
119402
133630
49646
137239
86401
105152
90859
67118
132997
120361
67134
126919
118162
35707
149073
139370
150844
167765
81542
81664
82343
85873
64589
74797
136584
77027
91385
85147
23560
121571
119007
87589
78863
131257
58451
132331
63786
145776
137041
80004
160491
82858
119150
127586
104285
152316
95301
125967
30638
90146
83636
110813
