4349
3939
4254
4274
4273
4237
4332
3867
4312
4308
4255
4168
4277
4187
3887
4357
4203
4378
22
4329
4264
3919
3858
4329
4340
4220
4328
4282
47
4237
4275
4269
3904
4144
4395
4243
4309
4284
4273
4265
4360
4253
4189
4187
4324
4115
4301
34
4042
3811
4304
4268
4045
4266
4249
4296
4302
4388
4326
38
4325
4301
4180
4222
4136
3909
4273
4157
4246
4276
4233
4315
4134
4293
34
4220
4188
4234
4315
4271
4270
3859
4174
4354
4262
4303
4236
3852
4216
3937
4185
4235
4309
3731
4256
4247
4371
4364
4193
4322
4361
4324
4245
4316
4249
4250
4123
4233
4345
4373
4337
4307
4292
4300
4308
3997
4224
3900
4192
4228
4274
4152
4322
4278
3895
4352
4267
4279
4128
4277
4230
4387
4292
4183
4244
4013
4150
4115
4192
4081
4332
4235
3837
4297
4178
4296
4337
414
4244
4296
4343
4222
4123
4289
4260
4298
4287
4149
4236
4316
4353
4151
3859
4243
4286
4187
4317
4298
4252
4242
3951
4063
4206
4221
4333
4286
4260
4226
4233
3865
4179
4301
4372
4278
4201
4323
4340
4314
4158
4368
4344
4233
3937
4180
4005
4322
4248
4140
3925
4246
4172
4277
4295
4154
4227
4343
4329
4287
4288
4299
4278
3881
4286
4175
4374
4211
4287
4292
4361
4337
59
4230
4176
4336
4262
4166
3877
4249
4279
4219
4339
4366
4239
4181
4368
4365
4280
4245
4218
4189
4325
4280
4150
4258
4121
4236
444
4310
4175
4251
4234
4187
4328
4003
4326
3932
3821
4102
4112
4052
4319
4109
4319
484
4303
24
4313
4167
4153
4232
4337
4220
4204
4098
4172
4091
4255
4320
4168
4257
4192
4254
4038
4081
4242
4168
346
4250
4295
22
4312
4204
4352
4163
3875
4184
65
4266
4230
4339
4338
4387
4361
4236
4332
4270
4295
3860
4107
221
4229
4313
4273
4249
34
4345
4369
4219
4251
4224
4231
4208
4054
3874
4267
4197
4278
4243
4227
4248
4301
4274
4082
3831
4253
4004
4264
4306
4181
3950
4171
4229
4145
4284
4219
3850
4271
4184
4377
3901
4148
4338
4283
4368
4276
4149
4285
4173
3913
4199
4310
3829
4088
4063
4239
4312
4245
4235
4178
4136
4044
4311
3858
4397
4395
4282
4238
4212
4230
4281
4308
4307
4277
4282
4134
4241
3764
3906
4164
4286
3965
3955
4156
4282
4303
4358
3941
4344
3856
3947
3884
4399
4383
4217
4305
4362
4085
4228
4169
4266
4160
4398
4323
4297
4324
4358
4277
4166
4286
4238
4339
4048
4259
4164
4246
4373
40
4306
3880
4356
4216
4337
4337
4306
4322
72
4215
4139
4247
4355
3930
4326
4298
4255
4275
4253
4292
4194
4197
4328
4217
4325
3850
4079
4327
4306
4096
4270
4343
4253
4271
4391
291
4258
4241
4283
4207
4240
4314
4048
4247
4151
4032
4211
47
4360
4260
3862
4303
4223
4159
4325
4167
4246
4311
3857
4309
4236
3842
4286
4232
4283
4235
4078
4004
4120
4369
4201
4292
4172
