3235267
3247262
3255282
3250845
3233298
3290838
3232186
3285051
3298129
3236807
3288863
3255758
3171344
3261133
3225681
3200481
3220937
3240129
3221974
3209249
3205788
3253359
3300010
3227590
3273240
3271656
3280950
3224355
3142055
3326057
3269897
3185543
3278298
3259208
3196282
3315769
3240189
3250222
3262101
3240333
3265400
3253981
3262084
3243223
3257285
3253733
3205965
3260947
3277974
3238151
3246391
3235442
3252081
3298600
3180695
3232259
3276334
3291936
3246341
3243746
3250513
3229923
3269426
3230083
3273256
3220349
3243964
3254507
3236331
3315040
3232534
3141882
3211866
3265660
3186095
3229237
3187377
3190120
3262044
3197667
3286032
3224882
3214314
3286082
3269128
3282503
3315012
3195505
3266923
3278050
3207309
3234826
3224607
3270759
3285119
3229368
3252315
3260332
3255022
3192122
3216472
3293413
3277835
3220140
3261946
3267873
3321181
3246269
3288656
3261175
3277219
3272423
3189246
3238920
3281357
3308122
3255998
3261124
3265547
3295149
3173995
3269377
3245169
3262049
3253988
3277557
3275538
3216855
3268402
3301758
3319619
3243672
3296261
3226451
3278880
3256492
3198376
3277270
3198754
3260489
3300079
3212265
3261907
3222294
3295916
3226104
3231428
3220476
3310637
3269784
3293939
3260051
3209578
3275822
3222081
3309739
3210792
3298045
3199498
3203001
3169555
3234942
3137580
3228307
3305376
3327407
3299136
3308619
3274729
3304344
3262767
3222285
3242996
3250003
3252267
3171332
3238667
3250791
3284954
3262280
3179881
3267596
3251518
3311015
3266822
3277424
3239268
3265085
3276870
3244224
3277250
3278788
3211002
3266780
3237568
3235992
3271557
3286770
3242356
3238154
3269319
3219154
3299017
3245401
3231823
3282262
3272723
3284465
3271694
3189134
3262617
3270159
3214103
3318008
3187883
3287769
3235329
3361829
3291298
3237710
3256208
3319093
3204210
3193639
3243206
3311646
3189046
3271617
3240120
3257488
3234976
3286858
3298713
3156683
3270164
3330911
3232609
3293710
3237805
3261986
3198888
3200326
3307926
3302591
3196783
3273659
3271128
3246925
3262638
3276497
3199145
3225645
3236554
3235435
3344855
3269097
3250704
3195074
3238085
3338967
3299443
3246820
3270371
3180649
3291519
3233054
3303089
3252754
3205704
3329920
3296773
3273229
3272825
3219561
3247247
3237164
3293153
3254579
3295944
3331963
3239618
3213840
3300864
3288214
3278413
3301191
3256754
3258883
3206289
3315674
3204915
3279358
3234948
3218057
3195854
3259805
3255805
3173370
3209210
3210577
3245500
3256146
3245476
3256251
3220582
3213296
3311348
3233758
3273129
3255234
3218956
3259527
3231978
3209001
3251344
3232544
3251202
3250866
3294343
3350088
3278975
3264018
3295240
3297281
3279618
3188471
3221697
3304211
3265764
3293515
3266343
3179367
3315923
3258547
3297089
3208259
3241349
3300384
3270976
3236738
3208469
3303295
3255231
3188289
3300644
3259785
3308056
3219864
3208299
3206203
3203116
3226579
3184334
3211001
3291915
3301722
3301024
3243844
3241310
3260357
3251870
3271763
3328913
3283708
3331598
3236102
3242678
3155386
3207300
3232688
3249600
3241228
3232926
3307823
3188140
3299900
3272850
3243355
3232000
3299410
3254007
3249070
3256499
3212020
3284945
3314620
3271784
3237126
3252655
3255962
3297419
3300237
3275126
3269215
3218906
3240601
3241489
3253666
3269859
3253318
3226080
3180008
3212735
3289368
3284324
3278949
3207757
3278651
3332500
3262052
3289886
3291527
3150510
3270977
3275896
3260047
3311586
3269676
3206741
3212301
3239771
3240086
3238234
3233506
3288188
3274490
3323333
3195195
3299041
3191637
3279414
3274860
3234279
3191202
3310876
3204360
3212369
3168728
3289538
3189243
3176149
3334065
3233175
3249069
3203371
3254825
3240523
3190929
3305094
3287177
3269112
3210301
3264278
3191995
3180784
3191177
3254349
3295779
3242331
3306374
3233870
3251809
3260814
3315193
3214439
3237229
3333760
3291263
3294056
3201337
3226878
3210038
3303052
3264824
3250917
3267090
3255407
3285071
3248069
3191552
3292393
3277373
3272602
3233959
3317197
3294221
3283786
3155140
3321651
3259032
3227636
3344040
3303933
3237441
3167873
3188528
3248857
3230206
3289193
3270540
