4094649
4187538
4093265
4141935
4102190
4183509
4111770
4110264
4131407
4212538
4092364
4201427
4067789
4241074
4069570
4233817
4121096
4233075
4036500
4078481
4140809
3973438
4134669
4163583
4121189
4085028
4347444
4141896
4265485
4065994
4067881
4164993
4263039
4025760
4193171
4326273
4203306
4159765
4192741
4096718
4026067
4220880
4273821
4273154
4107631
4141083
4041375
4225799
4029648
4100578
4212477
4053393
4261533
4106809
4120617
4049288
4308693
4074912
4152808
4138231
4181894
4220336
4115973
4151456
4244646
4142482
4306133
4135069
3971116
4056460
4026154
4281021
4139666
4039748
4011199
4123545
4102661
4064992
4123770
4299683
4130909
4152334
4079006
4061389
4127004
4029537
4132472
4110260
4104156
3978148
4035460
4123084
4091754
3993182
4106529
4093716
4150981
4143666
4060649
4263286
4110029
3931232
4047407
4151674
4158337
4159476
4164055
4067010
4063828
4254712
4139192
4155379
4248206
4113632
4111025
4111575
4193728
4122391
4106957
4115871
4088429
4146630
4141156
4143048
4052849
4116537
4306009
4031870
4036155
4126385
4137265
4155668
4004594
4169720
4146109
4155088
4116772
4092978
4071085
4202236
4113544
4137576
4127529
4131002
4144872
4171198
4107701
4124780
4150752
4147849
4211490
4207256
4210066
4121544
4167824
4102112
4065403
4142480
4240201
4139354
4141358
4232889
4011777
4195603
4131216
4122913
4108459
4176894
4239231
4157180
4197425
4283302
4114110
4087452
4092406
4087501
4139734
4149305
4229401
4033764
4191701
4130555
3973038
4268092
4269596
3981876
4116277
4043381
4284245
4040851
4193289
4189734
4242645
4125182
4108115
4138035
4116256
4032780
4068415
4062768
4071767
3994870
4101465
4111738
4141543
4275529
4105819
4068502
4109883
4041455
4241917
4153811
4111078
4048663
4069957
4128551
4030271
4185288
4069986
4083510
4149336
4126679
4238706
4060306
4118173
4040924
4109074
4153653
3967715
4186217
4256173
4108340
4303019
4280678
4128300
4023834
4122913
4115466
4120957
4028861
4143586
4258413
4261021
4141204
4304101
4086336
3942197
4051054
4228976
4085425
4090290
3928785
4158841
4049548
4018074
4115205
4208259
4151908
4074130
4105002
4060227
4087514
4153326
4194974
4243298
4146609
4128378
4141856
4131636
4119285
4088303
4155985
4131161
4142133
4191452
4158684
4048801
4129613
3985141
4067446
4070812
4095091
4215638
4205694
4229650
4042255
4137639
4121804
4091054
3955498
4276716
4184395
4235777
4255372
4186007
4112858
3985497
4313709
4223938
4051039
4153795
4153064
4152450
4209630
4249958
4147752
4111584
4024614
4158290
4105462
4038978
4005211
4115861
4122079
4036333
4099289
4131108
4254628
4083755
4215727
4147807
4097426
4207307
4118231
4307993
4122759
4167856
4206125
4039924
4142245
4119036
4275807
3999883
4222893
4071423
4203841
4118429
3954924
4120618
4097820
4091930
4208939
4153096
4205221
4139240
4138519
4112871
4129015
3920515
4217008
4110366
4151920
4289512
4156425
4190560
4068295
4133613
4064886
4243351
4036811
4111134
4147387
4138190
3997393
4077123
4239491
4102203
3980887
4141084
4208291
4214933
4020811
4140581
4218486
4123033
3958385
4131530
4152179
4007884
3974694
4243355
4033800
3910260
4041007
4084776
4018774
4129249
4114205
4173066
4155310
4057952
4278999
3962043
4147665
4059580
4069002
4229083
3979388
4074625
4201427
4247542
4213517
4080270
4100265
4094248
4111549
4055140
4108395
4239339
4182697
3977823
3932831
4145105
4120873
4089635
4250220
4027648
4025265
4095965
4080549
4142124
4029714
4270932
4094197
4213691
4197223
4157036
4051981
4052546
4131134
4118105
4039900
4138923
4003300
4195255
4083377
4036170
4135175
4195829
4160149
4130668
4200577
4129949
4090711
3903810
4160991
4057995
4049426
4217231
4082393
4118429
4059344
4112881
4148485
4126807
4272771
4107921
4202801
4128436
4122778
4114952
4231370
4104842
4138324
4000298
4213310
4136446
4014497
4032752
4058474
4197050
4150298
4187402
4031920
4111487
4104103
3988251
4091616
4220776
4133435
4179241
4215046
4051937
4151454
4088122
4047614
4107445
4241153
4163533
4028573
4178934
4073696
4063978
4121739
4013160
4046375
4099422
4179027
4199745
4049624
