1742965
1686850
1767113
1728429
1746508
1745951
1664853
1745806
1676433
1661242
1770587
1676983
1735220
1697158
1664132
1720832
1747833
1578418
1625691
1703660
1727375
1700020
1706751
1659727
1758470
1726329
1657851
1678135
1666710
1705336
1659614
1601568
1733145
1759892
1671456
1710766
1653541
1557721
1716330
1641359
1703098
1750630
1611890
1692280
1665054
1619416
1743763
1696355
1635790
1694660
1683110
1639616
1764425
1697456
1659619
1686246
1750831
1628396
1680357
1734581
1690029
1646918
1661984
1660772
1762534
1704699
1762708
1574551
1737074
1803758
1564757
1608043
1680222
1706496
1709845
1755394
1669036
1666803
1648178
1766709
1704270
1716703
1613898
1803044
1709895
1742404
1653357
1608466
1644414
1661260
1640989
1731433
1735097
1691662
1760772
1713983
1715437
1682744
1757713
1737715
1743545
1613785
1664517
1734218
1746275
1647671
1667198
1724161
1707590
1725744
1694243
1600001
1705392
1547321
1649016
1741957
1685610
1735764
1686721
1668689
1735627
1656625
1755346
1711951
1661005
1791982
1670953
1658050
1744023
1669028
1657464
1771426
1737470
1652665
1701117
1684754
1717657
1718405
1715303
1605148
1684175
1675226
1695735
1613302
1611549
1678969
1648558
1705806
1722196
1650784
1743346
1736891
1698796
1636664
1673927
1675843
1646458
1664672
1666596
1652843
1790631
1665145
1740710
1713649
1726661
1742205
1750670
1742478
1792252
1669209
1676401
1694075
1714194
1723135
1706230
1686732
1715737
1660768
1667168
1748487
1625783
1660640
1695456
1684564
1739564
1611505
1656099
1589797
1757718
1719729
1710247
1706233
1724205
1472387
1729428
1698521
1824824
1844889
1708840
1630950
1631202
1644962
1721907
1761056
1695348
1649138
1712529
1723798
1629333
1765240
1668288
1777949
1768699
1681870
1752021
1633867
1712235
1699292
1737349
1652648
1472397
1717337
1747582
1700612
1707177
1615449
1585485
1687993
1688924
1705387
1702664
1655703
1777899
1688403
1755354
1758082
1687073
1729340
1737294
1727951
1670712
1696771
1674723
1716547
1692947
1721694
1648567
1708141
1644076
1680232
1749594
1702901
1555506
1737681
1714053
1707528
1764280
1598919
1710170
1695165
1695647
1656641
1670661
1659707
1707525
1692610
1686049
1668313
1754805
1767789
1722400
1756536
1779824
1611300
1692054
1655431
1724021
1654957
1702488
1763144
1672120
1780702
1680865
1754149
1743774
1748424
1612550
1753606
1648420
1681103
1643022
1787966
1716925
1758027
1751073
1703265
1618157
1713788
1568675
1727868
1724776
1804303
1729498
1746469
1694666
1590532
1655423
1659266
1670968
1608610
1741190
1726158
1711744
1601109
1700119
1668883
1710751
1667802
1529116
1679778
1667616
1790648
1792552
1749043
1650913
1682348
1610959
1732519
1794699
1542316
1737907
1698461
1740932
1752817
1770149
1642890
1719087
1602921
1835094
1687768
1636519
1681110
1692735
1669506
1691182
1695117
1715751
1679849
1613775
1720005
1777161
1688272
1672419
1743882
1699765
1656112
1745655
1592378
1721215
1606134
1712803
1742446
1676415
1615386
1625372
1723091
1794078
1694670
1712447
1564257
1717839
1803811
1696631
1654882
1684747
1532067
1619444
1655435
1624886
1701227
1700627
1692055
1817968
1686252
1703881
1702988
1646063
1701417
1591318
1680859
1697607
1794892
1666100
1793635
1683604
1649928
1659782
1751726
1590278
1684557
1761325
1641446
1647732
1594379
1647817
1754870
1709901
1802450
1607826
1775789
1718069
1731340
1706436
1713727
1656950
1600984
1695035
1720324
1744003
1642598
1632844
1772672
1622575
1562528
1811155
1640471
1708819
1679071
1626227
1702146
1771121
1780797
1746636
1633662
1764169
1668712
1759215
1691258
1693887
1679783
1624081
1713050
1734563
1647485
1669383
1708701
1613323
1628494
1692337
1768815
1735480
1638223
1663837
1649968
1741419
1690220
1684644
1756268
1768740
1774274
1723961
1779854
1691057
1692948
1727570
1646930
1693386
1682641
1668170
1703113
1679266
1632048
1707564
1582960
1677740
1608771
1722528
1706615
1672190
1692647
1721569
1720170
1700025
1634266
1790380
1715864
1619000
1694429
1729485
1707802
1607817
1684572
1720719
1671542
1658206
1658165
1705766
1653405
1700988
1777701
