69990
47197
47416
54175
61404
55200
80684
53591
29737
38760
90183
82051
61924
50866
43515
75067
75607
50252
45760
54967
64575
50410
45866
34299
50837
78649
32668
56305
56479
63083
46534
70058
92130
64298
40795
38678
41926
64638
44285
98937
31832
46359
38509
37666
92274
84401
28229
49290
76344
72608
59527
38035
50364
72835
50070
44606
55624
37680
33551
77673
64194
52932
32010
73913
58787
81286
48878
46981
38743
56204
62039
50519
66969
73281
51068
56077
76473
96408
67441
34256
35139
65137
72320
57974
98688
55021
62987
26946
34667
24301
32105
37247
20313
15917
59115
60219
53546
50730
67657
22971
43742
35474
43560
45736
66703
22053
66217
19719
55173
57269
46375
50047
34455
29193
16988
41509
24603
58156
78582
46667
61208
53168
44239
55800
53412
26962
67353
39830
14433
79320
68630
108956
45386
50858
38772
42587
63307
44231
60092
26650
82448
61753
70590
75003
33397
93659
55054
73798
45857
65837
52465
60919
44227
88085
57512
33981
41477
85219
52831
37656
59474
62500
60964
43509
63292
75956
88193
52135
51405
35072
44405
43661
50220
33075
71873
47080
55841
68621
48429
38861
72863
76327
46083
87313
78691
47580
55675
37298
59249
64000
61570
52907
48033
20091
43914
70651
42740
40186
61257
53001
22410
54917
51174
58480
47669
65094
42583
84474
34924
63196
58315
53718
48940
28157
40039
67602
27595
53698
20677
62543
67506
98718
55947
57719
25393
40629
11890
48455
21322
60067
64129
44933
52392
70858
46659
28084
51008
42981
32274
57221
36796
44696
66347
20022
67175
76231
56628
29254
63192
36828
66543
40234
39736
59625
23336
62832
41248
56464
42348
60696
79994
60287
77691
6618
49302
37812
62328
62652
72789
38906
24304
66904
33939
65591
54941
46995
45570
77701
67858
18398
91355
35510
69042
49905
76352
46293
23470
36364
49047
39588
61472
64711
67808
63669
27800
15303
32131
62524
54449
47255
69639
49822
55464
46234
51713
47411
87357
80552
54985
32172
63227
45057
32548
18885
56589
69954
66830
97423
51342
61218
54473
82872
48421
28540
30247
50834
65683
71925
51154
61132
42851
48079
52576
45958
42276
70442
87756
34886
36972
78232
33229
24331
51962
67612
40564
30872
48861
59488
47254
96962
67116
68145
54139
70570
69254
52780
44716
26749
23114
46150
26730
48937
38908
20574
60124
38566
50617
25733
28021
77463
40787
59115
63596
82183
33330
46839
40685
55133
84808
28674
51410
25412
43973
48131
52899
75522
51078
57984
49492
89710
101852
35235
26075
66197
17222
56312
34402
31745
18162
55850
46929
41842
35331
37914
68069
79909
54089
67624
72529
71903
40479
9523
51246
37188
49505
64761
53926
56296
66113
61424
93867
53769
61431
86875
72917
71923
56716
46055
42979
42708
63129
43571
76465
26368
58966
28994
43330
51418
47207
54491
43073
50459
49292
68103
27967
73519
79021
41294
45093
30611
82370
36691
59577
14901
93262
57274
77586
73758
59829
87258
16539
57264
28528
56811
44722
41322
16938
31086
19538
63107
67984
48438
42484
67680
48161
67583
30406
67705
53083
63777
74547
62647
32957
74442
61777
39815
40839
35839
51650
64776
82264
83280
53284
39863
81391
53120
42209
70717
71961
51316
