2117229
2122857
1930426
1976561
1887920
1972149
1956272
2132495
1884426
2016806
1957877
1850218
2184574
2188730
1971619
1929525
2137505
1786278
1743276
1828998
1929608
1995712
2133205
1918112
1979644
1827045
1860398
1729954
1911591
2020420
1883626
2194879
2312682
2110287
1887310
1935394
1677764
2059987
1827497
1887054
2105117
1819069
2167454
1819844
2065416
2109026
2180645
1892578
2027610
1687944
1913196
1886530
1866903
2209078
2356754
1551894
1860510
1975379
1949220
1855302
2003562
2130644
1980653
2173318
2367338
2192760
1791560
1877081
2057416
2041586
1753305
1989364
1883227
2116646
1677296
2092965
2155496
2348575
1961844
1885957
1567238
2011872
2057514
1796888
1855091
1729138
1587579
2021336
1981091
1902280
2007489
1958712
1883822
2244687
1916898
2023927
1971333
2068178
1760240
1910652
1791425
2090883
1785994
2173855
2084729
2098702
1865843
1981451
1893482
1876856
2050827
2034951
1849092
2044679
2021717
1937409
2230179
1783448
1930434
1923316
1936477
1953894
1877434
1973246
1945961
1917510
2027354
1545149
1788552
2216652
1885677
1908179
1888946
1787819
2084758
2175356
1773832
2076245
2038471
2062553
2092023
2185128
1862651
1650140
1763405
1929647
1801253
1998772
1788388
1952365
2277382
1944984
2165541
2066771
1994239
2071516
1992094
2075484
2081225
2209060
2037218
2056925
2137760
1737727
2183349
1946962
1725463
1873978
2109904
1958257
1931869
2049400
2036603
2061985
1933096
2038142
1843202
2248212
1755064
2069630
1808767
1848286
2125098
2086855
2003513
1946671
1882444
1833865
2100211
1772219
1837460
2181325
2085958
1786805
2161010
1942709
2131555
1750329
1947174
1855669
1908025
1949454
1950780
2251310
1865868
2100660
1695763
1968409
2129106
2010092
2059629
1968630
1947755
1936980
1980155
2004787
1814772
1702044
1771930
2376891
2078629
1937918
2256217
1926238
1852785
2191617
1933041
1995876
1759457
2145543
2027402
1954133
1974631
2112503
1901534
1964613
1856477
2066067
1886911
2030033
2046664
1932523
1976266
2037781
1778670
1868565
2139052
2080196
1817663
1915527
1955505
1696006
1715766
2047917
1901431
1835267
1995353
2146198
1926442
2197869
2164843
1631106
1764949
2036375
2104391
1965262
1640372
1830345
2145296
1968864
1858237
1917696
1884330
1821447
1846589
1792949
2023110
1985045
2016944
1810662
1867357
2219566
1495616
2076021
2140463
2342353
2000508
1766535
2235420
1894809
1817735
2185581
1984340
1937934
1932720
2055123
2037918
2220274
1727747
1903365
2016863
2242206
2081345
1967180
2318877
2033884
1892576
1898031
1977482
2120567
2167912
1826119
1996978
1908945
1842407
1736834
2072903
1790464
2008173
2030994
2201590
1992005
1782505
1877509
1931367
1913538
2007290
2040498
2184094
2108699
2135506
2156472
2354729
1950562
1968859
1836325
1797179
2092054
2106804
1864242
1872304
2129113
2010528
2009138
1822583
2161901
1988378
2004235
1920927
2017883
2102731
1951148
1644984
2044452
1908217
1796289
2233408
1810004
2064261
1732815
2014439
2108733
1624418
1785183
1851444
2057476
2086645
1952005
2044435
1985881
1907806
1833652
1814197
2025345
2005197
2047991
1730859
2012222
1776735
1683100
2100615
1637679
2106201
1852336
1880442
1991477
1871305
1711244
1964725
2073419
2202577
1951249
1909298
2152624
1974600
1744504
2103450
2071324
1926095
2069062
1949514
1600989
1834845
1927897
1896201
2180080
1983848
1929391
1877880
2001312
1812391
1784897
2092753
1875440
2122512
2020441
1847576
2034760
2057183
2191599
1923840
1856157
1791983
1800344
1960940
2063578
1874292
1962834
1939657
2166270
1944912
2048885
2073738
1990124
2053172
2103294
1899298
2026098
2008333
2105113
1937931
1977886
1777368
2145692
2348027
1615153
1800358
1708043
1881837
1914765
2086451
1879832
1987477
1666980
2037815
2070399
2125133
2052426
1606885
2081738
1836630
1878158
1734441
1851973
1960117
2016800
1918294
2171141
1723938
2065957
1941122
1752917
1913030
1961349
2134626
1944969
1899255
2045239
1792458
1884305
2096295
2008199
1981991
2106702
2225951
1863659
1793593
2000876
1995397
1880529
2088736
1679753
2041751
1812477
1883526
2206761
2291812
1942492
1783745
2021084
