7259186
6930608
7340090
7336185
7336649
7320773
7328999
7337478
7336271
7333895
7262248
7221964
7341095
7210836
7322564
7337912
7244814
7329615
7342165
7319487
7414839
7245485
7337961
7262643
7253270
7326353
7319935
7342723
7283623
7297522
7336765
7259624
7246429
7238402
7217583
7034784
7238841
7339519
7311246
7334848
6978917
7280792
7327829
7334849
7328480
7315227
7270376
7314723
7177333
7279237
7336758
7279067
7331674
7296250
7332368
7300168
7298945
7329734
7295625
7320970
7326761
7331585
7333620
7237149
7246861
7240957
7270548
7334549
7261829
7340570
7298447
7335280
7262738
7314151
7228931
7331708
7333187
7255251
7297385
7340159
7247904
7290969
7311370
7335310
7329338
7310792
7336096
7243999
7298808
7337248
7315258
7335138
7343825
7270686
7252231
7330756
7344142
7280162
7336890
7044287
7235187
6974561
7285761
7258529
7334502
7338766
7316500
7331482
7342660
7328422
7318640
7331262
7269633
7329941
7339327
7339915
7285068
7289345
7237948
7329537
7328517
7322367
7308101
7336682
7323346
7235029
7251051
7341734
6980479
7323678
7239019
7261897
7347241
7286308
7329482
7260294
7298436
7254464
7332241
7336055
7245308
7249799
7281241
7326001
7327381
7336907
7331040
7378810
7072334
7308621
7334806
7332519
7239036
7321456
7338523
7190234
7451591
6918841
7286230
7316065
7324562
6985598
7305191
7335423
7261054
7317034
7280128
7282902
7342117
7325043
7338666
7317797
7273764
7250668
7312051
7338685
7316145
7338306
7196070
7283783
7252239
7225668
7329656
7285795
7337655
7260105
6975783
7290759
7326354
7317907
7331148
7307662
7333939
7337406
7322319
7344613
7340964
6887561
7267453
6952515
7269899
7227764
6985961
7246224
7214729
7332891
7239788
7270105
7338480
7328287
6885126
7339132
7358829
7335593
7298044
7337917
7336228
7325506
7337770
7329360
7248287
7332247
7271397
7293894
7334685
7302225
7287122
7068991
7335709
7258858
7235295
7257745
7325925
7333638
7340676
7330837
7202667
7201801
7333605
7261204
7239183
7237726
7334184
7250250
7312361
7288665
7329809
7238382
7339825
7270815
7323223
7275743
7265793
7329821
7298437
7305799
7332570
7247387
7339351
7333376
7329410
7251166
7277443
7049493
7325730
7264500
7266749
7307822
7329686
7332086
7222461
7276638
7260499
7327642
7028000
7262350
7338106
7298990
7328783
7247917
7255187
7224599
7328203
7331477
7314393
7330458
7352860
7266401
6966303
6898482
7283926
7345240
7294091
7330522
7324602
7317067
7336864
7333132
7249320
7339574
7329567
7252110
7333992
7340138
7338818
7260025
7256675
7337686
7326604
7205214
7325736
7337993
7312531
7332928
7302193
7335955
7340369
7232914
7288182
7275696
7252444
7328281
7339497
7252557
7299952
7331773
7246448
7266219
7444011
7271737
6971721
7257713
6932665
7454446
7309640
7197891
7336624
7235547
6910801
7282214
7322087
7272843
7239788
7236316
7332563
7279628
7339617
7221022
7315135
7338588
7301285
7220963
7282164
7449501
7259037
7267529
7338925
7335946
7230080
7341831
7190242
7244574
7342363
7212065
7258133
7224725
7345812
7251665
7258630
7327526
7333027
7278818
7227011
7275744
7328446
7326056
7248328
7240116
7341298
7251030
7164134
7268957
7339846
7235280
7340265
7283681
7337719
7332159
7342857
7341558
7254319
7340971
7323769
7242502
7332450
7365452
7283204
7344471
7264793
7336726
7264110
7210045
7327731
6968531
7325631
7306635
7083406
7337130
7330681
7240826
7328542
7338459
7283405
7250950
7288267
7233388
6999716
7336969
7329329
7386300
6862445
7336706
7297890
7222250
7337692
7298004
7339295
7311069
7327861
7332952
7326618
7203721
6946823
7328669
7260181
7309872
7331562
7223683
7232990
7323842
7329441
7337581
7268461
7318449
7252275
7285002
7333879
7372890
7268151
7343187
7299977
7327167
7321110
7321041
7341312
7335360
6800803
7333014
7337580
6896238
7161967
7336752
7193980
7251113
7255019
7325702
7338183
7321739
7316122
7341111
7337520
7278393
7265156
7325620
7330278
6936182
7237387
7325510
7297814
7303179
7318754
7321891
7332198
7304845
7340309
7331807
7312411
6963772
7331866
7291053
7194185
7302437
7300940
7308317
7309268
7241131
7234490
7238975
7287150
7247682
