7172004
7202492
7189113
7191240
7188550
7190948
7209378
7177440
7211731
7201242
7216881
7203295
7205209
7183451
7195643
7172435
7199090
7182865
7198353
7187963
7173225
7152928
7190630
7203151
7196098
7190158
7176700
7174178
7202212
7197808
7209561
7178452
7193617
7197176
7165056
7170266
7185540
7175469
7174444
7234617
7178960
7174654
7199686
7196315
7180701
7208509
7193149
7186849
7197423
7172769
7192633
7178086
7186767
7182440
7188786
7190681
7190912
7175416
7197996
7184369
7182732
7193412
7186263
7195447
7196670
7194797
7180221
7189847
7211466
7164625
7177211
7210266
7192532
7198766
7191370
7195222
7185951
7212393
7178078
7171985
7177645
7185259
7178951
7195530
7195073
7173405
7189938
7161217
7196491
7192753
7167342
7188614
7195789
7179944
7202314
7178553
7206880
7179031
7172530
7178114
7162226
7180015
7210162
7198062
7176677
7183867
7184387
7187298
7203619
7185117
7194096
7071138
7207226
7210710
7195508
7184900
7197049
7180560
7186598
7162293
7197786
7168782
7193192
7193519
7215607
7149335
7188859
7200862
7190850
7190408
7183001
7164212
7175143
7187011
7192806
7191828
7192465
7184326
7179370
7199804
7184553
7182158
7196150
7215411
7188778
7191459
7186163
7113762
7155457
7207503
7173030
7196165
7179842
7197679
7180391
7195579
7199275
7194638
7197884
7203381
7200875
7186971
7192477
7166056
7200947
7177154
7201679
7206973
7199341
7203277
7184876
7194965
7192671
7197736
7104968
7204086
7190276
7196722
7201429
7176513
7197042
7189712
7183815
7200654
7192837
7170371
7174016
7210721
7199547
7185496
7201470
7173021
7195493
7196313
7201109
7197717
7204512
7205086
7196598
7182449
7186749
7190819
7200464
7191752
7178589
7199689
7190970
7198221
7189376
7179975
7185572
7182350
7188779
7187800
7190244
7200284
7196791
7192198
7198854
7213296
7180507
7173664
7189651
7213849
7186306
7204142
7195111
7194495
7182381
7160968
7198694
7218696
7207407
7190758
7200466
7164980
7177969
7207129
7185994
7165054
7188585
7179002
7201108
7197750
7170475
7193069
7194702
7194757
7174408
7168225
7152659
7190209
7206969
7208950
7209831
7187462
7182684
7213589
7204557
7174434
7213331
7191512
7170775
7193934
7193329
7173408
7181912
7195492
7182836
7194365
7198960
7177014
7175868
7187460
7171789
7167339
7187234
7168761
7171702
7212476
7198501
7193527
7175579
7158170
7202725
7171929
7209641
7197118
7178914
7183793
7193360
7168975
7193645
7177066
7174220
7193400
7188508
7168214
7202463
7159515
7180670
7179569
7201962
7186811
7182360
7183936
7193518
7196749
7166744
7174512
7205623
7176223
7180384
7202343
7194762
7210249
7187982
7172520
7200058
7199715
7200733
7187115
7179206
7226643
7187955
7195949
7195010
7209371
7200707
7199655
7196964
7205990
7192451
7168471
7160858
7169354
7187946
7191944
7185423
7183778
7124948
7173321
7175195
7196730
7192407
7177454
7198040
7178703
7190134
7172166
7180676
7201367
7185949
7173061
7192840
7179569
7127458
7176695
7199718
7118131
7187452
7177230
7169819
7184217
7197205
7195820
7172889
7182781
7207637
7165891
7185664
7210890
7172721
7182602
7191704
7192615
7182724
7208960
7183613
7183423
7207840
7200155
7184394
7190508
7177870
7155897
7184636
7196169
7180757
7196649
7177748
7209158
7179145
7195135
7177771
7184105
7193289
7195867
7201874
7188192
7180502
7194684
7192010
7166701
7184415
7186092
7183649
7201969
7198023
7157296
7163578
7175629
7200808
7187385
7202078
7181997
7180406
7211679
7207006
7205828
7197984
7192052
7196810
7198651
7187636
7187220
7205881
7193515
7172375
7165188
7180505
7180297
7169445
7188965
7162999
7198883
7202928
7171543
7189327
7196253
7191482
7183537
7175708
7202430
7186616
7165144
7209279
7200064
7203867
7184001
7186689
7202491
7207162
7165413
7200696
7198658
7200455
7180789
7170338
7198739
7171811
7197524
7206695
7188244
7194478
7182490
7229318
7194509
7188873
7200801
7188603
7178425
7199146
7199943
7181451
7098325
7187410
7200420
7204572
7177502
7170975
7182660
7172330
7206099
7180289
7200378
7209578
7178257
7199236
7167181
7196269
7197533
7158089
7195949
7160156
7200213
7205373
7170765
7173222
7173078
