3293453
3328042
3320308
3279795
3281389
3255401
3255428
3390817
3312036
3258453
3375621
3320618
3287606
3228008
3198134
3228323
3282627
3285375
3229666
3258726
3208095
3214168
3284715
3277244
3282798
3274740
3278429
3345538
3255673
3285495
3243680
3168840
3262526
3326483
3260229
3319383
3149173
3243831
3315624
3287637
3262342
3224193
3237414
3264300
3311296
3279365
3251753
3339209
3329387
3272367
3235820
3310841
3360022
3308346
3203261
3344247
3275605
3261916
3329597
3307997
3295274
3302693
3328777
3248820
3301997
3239664
3303498
3295338
3341178
3317246
3293482
3260637
3292327
3240387
3218157
3216066
3260786
3187367
3342607
3264465
3317327
3295762
3200080
3321966
3223239
3273362
3317324
3229063
3318705
3368995
3305122
3267626
3291876
3290687
3399299
3267863
3301508
3251451
3290402
3264752
3257227
3337024
3339535
3272021
3291403
3261007
3355467
3242623
3297992
3250216
3315260
3310016
3205994
3243069
3295260
3293186
3318237
3240765
3317389
3295674
3314283
3306451
3321975
3278845
3307951
3315240
3309659
3185820
3346478
3278718
3306233
3255826
3323611
3280267
3320845
3261276
3325147
3348831
3336839
3267359
3269361
3232615
3302549
3246081
3310364
3320249
3295104
3274404
3262651
3277879
3250456
3300756
3316871
3284422
3278356
3324890
3269352
3336371
3290344
3290848
3239705
3188623
3334953
3311783
3299008
3344136
3284036
3311200
3256971
3320135
3265870
3209201
3336439
3240162
3296162
3241961
3290200
3292645
3307259
3282941
3257741
3245297
3263389
3277711
3279819
3273752
3291486
3223515
3342925
3240925
3328472
3336071
3313637
3264247
3271462
3335299
3319115
3300983
3325791
3315196
3307514
3250641
3367783
3302272
3292972
3348756
3215677
3233137
3306641
3215645
3247100
3335366
3244974
3300883
3226738
3266088
3261160
3355276
3245326
3299563
3414178
3362378
3278456
3179505
3265043
3269787
3259934
3328073
3253278
3214816
3331720
3245285
3270471
3227308
3300811
3336342
3257633
3254505
3299323
3322446
3209322
3295501
3316870
3326686
3240647
3376080
3249914
3236523
3304903
3256065
3292101
3229427
3257418
3338834
3287899
3323303
3310261
3253013
3265691
3380894
3315204
3345800
3284581
3209341
3304786
3268653
3324545
3320713
3292424
3320932
3327867
3360925
3376881
3200390
3291211
3248510
3312024
3391522
3301533
3352052
3283555
3248340
3298148
3270028
3248678
3256081
3273029
3288490
3254034
3310962
3295580
3417735
3281572
3293221
3291202
3244807
3228084
3248182
3271226
3289617
3282232
3352872
3277143
3369491
3198666
3333729
3333656
3241989
3237985
3272792
3279692
3271599
3317717
3214205
3255446
3286830
3370388
3328133
3332933
3394748
3321520
3225979
3351299
3205128
3300336
3191386
3333992
3285656
3262702
3294490
3288963
3280442
3342987
3331133
3358641
3323457
3341508
3342153
3338806
3272384
3237384
3350487
3342221
3196419
3259933
3249406
3307811
3212523
3227602
3258661
3234446
3247185
3214541
3293367
3237654
3346686
3400727
3326718
3313061
3294514
3311265
3309345
3388339
3340256
3325699
3252058
3346234
3253156
3294209
3272158
3238379
3392748
3297505
3336779
3248001
3182253
3259777
3255037
3246272
3320848
3204541
3232648
3338398
3269479
3308288
3287879
3335150
3241543
3311035
3295145
3298360
3324711
3226284
3256054
3243205
3282433
3288867
3264805
3278084
3343326
3271375
3244239
3175251
3242531
3384916
3263085
3261145
3343709
3295555
3296656
3276338
3310276
3238666
3343795
3243413
3311844
3313756
3329801
3342284
3347571
3249292
3292977
3286243
3275129
3256941
3309162
3285991
3354711
3242415
3258094
3306972
3330660
3346764
3252974
3299508
3234172
3303592
3225410
3241426
3283019
3233415
3267520
3304783
3277540
3243927
3284147
3316042
3231835
3272544
3379164
3281887
3304144
3228532
3207637
3302244
3277448
3334760
3311178
3332318
3249364
3284995
3294495
3309694
3315795
3270263
3240564
3245562
3343531
3306034
3254162
3258754
3252292
3323223
3250019
3229896
3260993
3252325
3333711
3306013
3283050
3292118
3283408
3352315
3218262
3380520
3301255
3343989
3240131
3340541
3251628
3201923
3270171
3358917
3243358
3266250
3261090
3233548
3273419
3347756
3373977
