7406508
7425973
7412948
7447549
7428512
7420437
7422774
7468899
7428591
7470114
7432245
7418567
7425942
7436102
7425603
7428866
7419716
7430477
7433828
7424918
7426630
7431859
7394027
7424027
7432166
7423340
7399471
7429256
7430535
7427619
7407049
7425856
7431249
7427995
7400721
7409335
7424369
7428411
7389236
7431655
7420908
7401457
7431696
7431419
7428135
7405129
7422182
7418112
7428238
7432582
7407861
7424840
7440029
7419307
7413601
7392902
7429402
7400905
7426612
7430787
7398235
7431232
7428407
7424604
7402246
7430704
7426575
7411160
7432627
7429040
7429039
7431173
7429430
7434904
7428900
7433408
7417267
7430511
7425016
7424153
7321465
7427483
7428500
7420452
7430486
7432086
7422108
7428954
7408624
7435107
7409494
7429924
7432739
7402042
7429435
7404565
7427743
7434746
7429755
7436292
7430175
7429229
7428272
7430506
7414185
7426757
7422541
7405173
7427889
7424264
7431188
7430382
7431042
7429169
7425576
7427814
7428887
7406876
7432346
7418309
7427843
7426498
7414432
7429276
7399071
7446027
7436409
7427038
7329372
7429352
7429363
7398309
7433157
7419864
7434197
7427390
7432095
7407068
7430500
7442954
7423978
7427970
7429732
7428168
7424970
7428598
7434537
7430312
7427269
7431158
7428954
7431106
7428073
7410144
7428118
7407909
7423656
7412050
7434052
7414558
7429073
7400934
7434590
7418398
7418700
7432688
7406718
7415238
7435886
7405072
7426189
7432970
7410164
7427441
7416240
7433161
7414399
7404688
7406886
7404960
7419878
7428473
7408195
7427588
7404995
7426699
7428221
7432269
7434648
7438845
7424175
7427788
7431952
7422233
7432767
7410086
7425707
7421416
7426644
7430259
7427377
7421606
7431427
7429361
7409679
7429820
7427175
7433345
7401616
7424723
7428827
7424303
7398532
7417746
7408552
7423607
7432441
7420071
7429950
7431045
7429747
7430568
7436624
7435706
7432347
7418117
7422706
7432546
7432465
7395232
7426221
7428559
7429483
7429768
7421562
7429422
7423112
7447661
7423094
7426242
7431085
7429871
7430481
7428527
7420754
7425581
7393480
7430500
7423527
7433999
7424145
7427170
7405999
7411477
7412180
7424563
7395441
7416435
7419653
7408472
7405365
7432633
7400793
7406734
7407523
7410648
7426858
7432650
7404829
7425688
7422784
7428512
7427889
7389192
7431692
7430819
7426605
7433120
7429175
7434112
7425297
7434238
7430100
7415065
7404519
7429271
7430743
7418103
7425401
7422049
7433347
7428380
7421883
7430452
7434517
7419335
7420044
7408489
7400566
7429111
7418115
7429037
7430504
7428864
7413013
7430533
7428585
7429731
7423660
7410255
7408886
7409944
7381826
7421869
7425861
7406441
7427918
7445939
7402155
7432899
7468360
7428999
7410825
7420901
7434933
7428325
7410458
7428954
7425721
7428222
7421818
7418363
7428618
7397919
7426942
7427939
7436714
7428093
7430566
7426478
7424829
7418453
7434080
7405086
7412324
7427738
7403885
7435199
7428523
7410351
7428186
7431510
7393190
7429620
7427326
7426389
7433556
7310368
7428622
7427437
7434226
7433872
7432178
7412098
7435104
7428301
7406827
7405236
7435106
7430640
7435626
7430039
7430603
7401462
7434563
7405847
7427670
7404686
7462558
7428851
7430143
7430210
7426635
7425250
7434538
7401625
7435107
7426431
7432140
7422969
7426079
7429314
7431128
7426153
7410599
7430442
7421982
7410020
7431061
7389852
7419458
7429627
7433800
7397010
7402352
7427054
7427701
7427566
7429796
7429430
7430700
7431515
7425828
7420413
7407052
7406385
7430830
7419434
7429876
7430327
7410931
7421908
7398788
7444148
7410305
7398693
7430667
7430561
7430102
7398934
7429786
7432182
7420321
7434740
7432016
7407340
7434145
7407290
7432603
7411496
7433714
7432489
7430990
7429823
7402051
7434540
7411012
7431548
7429469
7430984
7428980
7407618
7423184
7430681
7428401
7430145
7413233
7432095
7421922
7403582
7433125
7433128
7425130
7426745
7421710
7428078
7433143
7430652
7435480
7437266
7415793
7395290
7433279
7415061
7415582
7420903
7425000
7398726
7425502
7423335
7431753
7425201
7425480
7399846
7431055
7393847
7401761
7434596
7431064
7413473
7427639
7397294
7430445
7408663
7407355
7396385
7424445
7426054
7393421
7464901
