7471454
7471891
7472722
7472995
7473067
7472661
7473052
7473125
7472613
7473035
7472994
7472939
7472725
7473325
7472684
7472075
7472665
7471546
7472528
7472416
7471932
7472954
7471857
7472300
7473004
7472566
7472478
7472772
7472369
7473108
7472063
7472577
7472984
7472749
7472933
7472789
7471206
7472910
7473011
7471661
7472758
7472891
7472961
7472909
7472860
7472933
7472777
7472826
7472547
7472719
7471719
7471783
7473104
7471967
7471296
7472484
7472717
7472752
7472714
7472731
7473181
7471771
7471066
7472751
7473001
7473210
7472417
7472670
7472903
7472727
7472871
7473088
7471650
7471575
7472484
7472515
7472731
7472971
7472798
7471937
7471895
7472745
7472672
7472530
7472921
7472804
7472390
7472778
7472664
7471572
7472614
7472916
7473113
7472963
7472720
7472778
7472943
7472984
7472681
7472663
7473176
7473079
7472999
7472784
7472980
7472884
7472260
7471864
7471737
7471804
7471712
7472350
7471343
7472508
7472498
7472800
7473044
7473029
7472786
7472942
7472282
7472688
7472427
7472669
7472752
7468198
7472826
7472874
7471541
7473274
7473070
7473001
7472636
7473035
7473086
7471502
7472982
7472849
7471920
7472884
7473026
7471923
7472763
7472981
7472986
7472522
7472652
7471427
7472857
7472863
7472865
7472517
7472692
7472740
7472774
7471643
7471775
7472786
7472944
7472480
7472906
7472387
7471246
7471785
7472861
7472391
7471676
7472858
7471629
7472837
7472548
7472657
7471532
7473160
7472748
7472617
7471657
7472419
7472517
7472559
7470825
7472390
7472527
7473040
7472194
7472649
7472607
7472637
7472780
7472934
7473070
7472876
7472454
7472821
7469235
7472738
7472575
7472499
7471380
7472773
7472887
7473032
7472830
7472664
7473092
7472836
7472870
7471635
7472691
7471833
7472688
7473084
7472998
7473079
7472854
7472244
7472948
7473042
7470890
7473030
7472465
7472789
7471713
7472360
7471334
7473010
7472912
7472026
7472986
7472853
7472363
7472916
7472315
7473030
7472572
7471657
7472845
7472772
7472769
7472978
7472423
7471751
7472873
7472927
7472821
7472451
7472850
7472931
7472481
7472476
7471772
7472705
7472244
7472770
7472826
7472926
7472904
7472333
7472971
7471982
7472777
7471461
7471227
7473045
7473099
7471877
7472512
7472737
7473170
7472835
7472927
7472668
7472949
7472944
7472736
7472567
7471945
7473116
7471894
7472800
7472546
7472882
7472986
7472234
7471617
7473107
7472880
7471399
7473103
7472911
7472945
7472824
7473082
7473114
7471622
7472065
7472870
7471855
7472885
7472747
7471893
7471776
7472370
7471331
7472828
7472904
7472913
7471405
7472618
7472736
7471590
7472141
7472642
7472764
7472947
7472758
7471990
7472845
7472543
7471771
7471548
7472647
7471680
7473014
7472687
7472892
7471822
7472818
7471635
7472525
7472191
7472693
7472994
7471475
7473000
7471479
7471915
7472876
7471668
7472994
7472508
7472634
7472543
7472270
7473017
7472699
7471588
7472459
7472094
7471654
7472488
7472581
7471984
7472577
7472750
7471953
7473151
7472898
7473089
7471462
7472730
7471872
7471621
7472075
7472647
7472600
7472666
7473036
7472976
7472899
7471396
7472540
7472739
7471761
7472779
7473028
7472560
7471695
7471257
7472539
7472117
7472840
7472556
7472363
7471594
7472671
7472121
7472719
7472870
7472513
7472923
7471746
7472657
7472618
7472749
7472807
7472463
7472695
7472859
7471882
7472667
7471508
7472378
7472829
7471653
7472576
7472846
7472736
7472869
7473004
7473153
7472874
7472778
7473016
7472666
7472698
7472956
7472959
7473284
7473010
7472879
7472927
7472647
7472835
7472047
7472813
7469135
7472808
7472651
7472592
7472719
7473094
7472623
7472725
7473212
7472651
7472983
7472844
7472411
7471970
7472534
7472850
7472114
7471685
7473057
7472448
7472878
7472903
7471592
7472304
7472820
7473048
7472802
7472781
7472821
7472492
7472703
7473250
7472642
7472903
7472369
7473027
7472949
7472946
7471804
7472754
7471691
7472784
7467998
7472931
7471553
7473104
7472842
7472373
7473070
7472713
7471689
7472671
7472063
7472848
7472791
7472948
7471645
7472536
7472850
7473058
7471380
7471633
7472525
7472167
7472376
7471751
7472579
7472931
7472939
7473143
7472735
7471740
7471923
7472866
