7349554
7455217
7465374
7353060
7457100
7463153
7460376
7348940
7352465
7467678
7458334
7461665
7353659
7457129
7461211
7367106
7458747
7459711
7354335
7461319
7463902
7356815
7457809
7460393
7463617
7462063
7458820
7458485
7356569
7362652
7465067
7463590
7463403
7460107
7459568
7459549
7462483
7460961
7460864
7461691
7462484
7351346
7458429
7461025
7462473
7363424
7460781
7458047
7468005
7462675
7460557
7457836
7463704
7464107
7458974
7461769
7462201
7352970
7363054
7459953
7463309
7463384
7457575
7460860
7352588
7459244
7352375
7354149
7461514
7459095
7463537
7461009
7465483
7461676
7464334
7461316
7355672
7462075
7369260
7463288
7357676
7346628
7365633
7468062
7462711
7358156
7354575
7460992
7460922
7348514
7458607
7457646
7458412
7462948
7357551
7459024
7458682
7353410
7462684
7459753
7353641
7461378
7344131
7458807
7460306
7346538
7371090
7460551
7347505
7463490
7348904
7456672
7461095
7461150
7458712
7352057
7463614
7350123
7457575
7468000
7458636
7458944
7460146
7460946
7460804
7460521
7349293
7465991
7471422
7352964
7460140
7462370
7351690
7458786
7465442
7460882
7394868
7349085
7460387
7460581
7355517
7388397
7462173
7373376
7460699
7351675
7465776
7353088
7463065
7354432
7461539
7458110
7459835
7461437
7461762
7471752
7465401
7464047
7353586
7462241
7350707
7462576
7350750
7356243
7358133
7458358
7460276
7348957
7351274
7459175
7464560
7389927
7461386
7457991
7461322
7349696
7458619
7459207
7460364
7359264
7459158
7463405
7464092
7460197
7464087
7351435
7459822
7356914
7462444
7369237
7352622
7351678
7356339
7458102
7363358
7358734
7348442
7460918
7461465
7355387
7352759
7460984
7458943
7461389
7461946
7459294
7459724
7462747
7462357
7352745
7462287
7352292
7461143
7461471
7372638
7461314
7366682
7349474
7353301
7387876
7350942
7456576
7459496
7359718
7461093
7359428
7463513
7460983
7456804
7347893
7459676
7461134
7462519
7358422
7458784
7463472
7354101
7466354
7460393
7457860
7364355
7460943
7457396
7356082
7463383
7461637
7458007
7353352
7462187
7459086
7461773
7457896
7455636
7352215
7462023
7351515
7462462
7356674
7460903
7351987
7354173
7459629
7461505
7462329
7353166
7354127
7465811
7461772
7462335
7460496
7462110
7459442
7460595
7458046
7466975
7351253
7458097
7348479
7354461
7345223
7463856
7348433
7460116
7461268
7462077
7461588
7458416
7354269
7350532
7461076
7463641
7461374
7347517
7349561
7353229
7359405
7458552
7466449
7350559
7370492
7465669
7465598
7461587
7350456
7349852
7461157
7458294
7371131
7350154
7458260
7351204
7354993
7461313
7352592
7359551
7461363
7461457
7347996
7350883
7460461
7461965
7349532
7348228
7458907
7459495
7462988
7351723
7460795
7458119
7459959
7364430
7355113
7373142
7459818
7351789
7366009
7349907
7348741
7353220
7462717
7465339
7467449
7367351
7458359
7462120
7461394
7462097
7352282
7461953
7458824
7462583
7352999
7462092
7461617
7463196
7458921
7467655
7353280
7353880
7351346
7349404
7459671
7460959
7467917
7460983
7358825
7465984
7464603
7461146
7459135
7351015
7353357
7347638
7355470
7464810
7460149
7349492
7349979
7461647
7458546
7458284
7457091
7369101
7360432
7352069
7459476
7461739
7457967
7346387
7350871
7346451
7457115
7352255
7354565
7459170
7461380
7350189
7460970
7458235
7405756
7458236
7461352
7460843
7358580
7464809
7389905
7378770
7461107
7467677
7460870
7352350
7457790
7462703
7350787
7462188
7466852
7464486
7462326
7354574
7465244
7460281
7459534
7347797
7349747
7458930
7465633
7462980
7355353
7465902
7365366
7392812
7460936
7458396
7351801
7351807
7357834
7347780
7459817
7461441
7468833
7461097
7460359
7351263
7461060
7352753
7455990
7457774
7461527
7356523
7460498
7462389
7461028
7460764
7463594
7353310
7462612
7461332
7460691
7355244
7360617
7347680
7464630
7350838
7463181
7459786
7461070
7351500
7356922
7462379
7353933
7355879
7458238
7351619
7461633
7463338
7457834
7459432
7460554
7358334
7461779
7462307
7457829
7457630
7462038
7462457
7470188
7464366
7461794
7461467
7353148
7457769
7462120
7350699
7349480
7397133
7458225
7348719
7460877
7458098
7467283
