3440493
3450311
3487193
3440963
3461125
3453053
3490231
3405744
3491672
3405975
3433059
3489824
3498358
3424276
3412949
3505372
3480276
3427491
3454683
3399159
3447868
3396558
3428397
3439786
3476399
3477337
3472858
3449519
3494846
3435576
3480476
3492417
3507029
3460668
3464216
3449622
3462926
3395672
3415969
3468632
3411566
3438338
3458877
3442741
3492810
3445080
3446255
3466763
3458235
3420501
3463399
3404797
3414685
3396722
3447927
3462272
3426808
3440140
3421760
3438253
3437830
3440644
3420975
3491169
3466766
3466909
3451893
3457833
3477568
3419756
3472587
3492751
3462471
3427658
3465939
3383469
3418203
3389011
3410867
3421517
3426450
3477990
3450199
3428607
3437987
3392581
3409490
3469344
3452009
3454350
3414959
3458853
3360674
3440641
3505228
3435444
3441090
3456429
3429802
3507332
3469926
3444271
3464174
3428900
3412455
3412913
3468957
3460448
3450611
3436086
3445182
3437894
3445290
3431498
3407314
3367067
3404009
3475202
3427485
3405144
3408862
3473824
3447778
3463335
3454200
3438925
3473117
3442226
3491345
3466342
3429167
3407669
3444616
3394365
3502838
3468449
3389361
3431332
3479502
3380401
3428359
3467080
3471494
3425909
3445700
3452375
3461094
3428677
3462653
3494585
3450445
3480040
3450399
3399968
3419375
3506772
3518713
3386331
3480589
3475300
3456730
3459151
3443261
3430066
3472303
3488394
3445904
3455359
3462630
3465823
3460102
3443278
3427996
3382664
3430216
3465206
3451873
3399408
3484217
3416803
3450663
3443171
3422325
3440916
3496212
3499585
3437777
3467309
3440681
3446500
3398958
3419704
3484028
3440649
3469849
3450592
3448496
3420872
3467589
3465215
3419767
3455086
3448927
3469543
3434266
3444158
3451675
3495999
3502300
3493043
3401047
3393645
3456302
3525025
3426981
3486648
3459851
3429496
3429847
3450919
3433232
3514720
3424322
3473361
3407897
3407180
3410701
3484649
3481966
3417975
3443869
3462959
3511003
3400683
3461995
3479627
3474065
3451176
3391909
3425333
3445125
3409814
3472854
3414632
3436084
3396129
3450150
3457524
3436983
3447473
3438808
3463339
3466569
3412769
3412791
3462683
3393563
3404638
3456364
3416018
3440836
3483564
3429801
3474733
3466968
3434153
3363400
3399144
3400166
3438069
3490767
3481604
3467190
3404768
3410206
3454403
3445376
3419003
3436122
3443304
3467030
3398074
3431053
3450966
3462246
3465388
3483632
3454699
3442001
3458783
3413099
3411296
3445613
3399814
3487000
3459090
3465486
3448296
3466761
3388141
3450246
3453903
3413186
3419146
3478476
3355716
3419746
3471528
3448600
3427186
3468679
3408954
3430193
3475494
3425428
3471767
3464126
3446654
3413240
3412456
3476665
3416270
3390258
3453635
3442183
3471898
3487979
3445347
3348621
3410800
3521355
3473554
3401602
3372382
3435663
3397066
3429837
3465263
3411166
3471629
3458792
3454211
3477489
3454776
3415608
3404967
3484336
3441173
3439102
3450566
3468338
3441839
3402368
3484509
3422933
3398377
3474586
3443875
3489289
3437792
3416309
3463132
3402383
3416809
3432420
3503938
3401552
3391003
3495219
3438539
3427393
3455166
3431887
3453102
3436437
3421023
3432058
3468458
3409829
3401381
3447144
3398526
3368274
3427335
3393261
3420660
3431879
3500829
3436598
3464162
3431760
3458821
3468771
3462288
3436662
3443781
3435951
3438744
3451349
3441366
3403003
3462852
3441022
3399767
3416145
3450047
3416742
3427713
3472910
3427851
3413811
3457303
3455436
3456925
3455190
3404057
3385283
3434898
3439094
3448454
3440381
3394685
3496482
3466853
3485578
3429290
3441389
3521706
3394019
3369088
3521734
3449374
3480775
3490238
3450786
3418727
3419649
3403473
3378913
3408353
3496894
3435088
3368211
3466428
3453159
3333262
3450887
3455594
3477840
3445049
3465405
3469314
3455324
3419843
3479152
3466860
3404304
3424945
3430716
3462040
3455881
3423559
3438670
3428377
3444055
3431802
3444325
3479047
3421814
3483972
3444765
3382984
3459827
3400098
3407176
3393903
3425041
3432431
3480188
3461840
3454464
3465894
3440221
3471847
3439666
3513994
3427974
3426803
3392003
3420666
3434926
3450197
3434604
3494533
3443478
3444172
3452764
3417610
3461199
3421598
