4101312
4328780
4092665
4314014
4314340
5280038
4264055
4179820
4393083
5449066
4770132
4208322
4008903
4516503
4230910
4348950
4166857
4330756
4568556
4046272
4253565
4293585
4266338
4839451
4523588
4501887
4111496
4193012
4315862
3843189
4140949
3911548
4392735
4433239
4167402
4209225
4284339
4453227
4658882
4189500
4840113
5327386
4156307
4081220
4558367
4077160
5160007
4677492
4293070
4046636
4066130
4763489
3902237
4082704
4869485
4601720
4377268
4176228
4171899
4226630
4433738
4016112
4037487
4267459
4097848
4957963
3993388
4425397
4766720
4149544
4259333
3978574
4154480
4396048
5313682
4028265
4162694
4668814
4388798
4031066
4253751
4195255
4020090
4620456
4359096
4268833
4543194
3953919
5300979
4302438
4650149
4643142
5618955
4851129
5035613
4323070
4255741
4214685
4344408
4086402
4791802
4704108
4362574
4016956
4608113
5072453
4220110
4387023
4194718
3968880
4388809
4385533
4259350
4348357
5306270
4312025
4510578
4011479
4289924
4857645
4257547
4104198
4722712
4400352
4581890
5161628
4218129
4535362
5295439
4035388
4075337
4142644
4047679
4209411
5241078
4044122
4020426
3997872
4333717
4204251
4153746
4568141
4147951
4791743
4522229
4660252
4126373
4031360
4106810
4184303
3981664
4990511
4391629
4194517
4372968
4926842
4349263
4125028
5509926
4201382
4077629
4238315
4159461
3995124
4571109
4277163
4583673
4380267
4364284
3988495
4166873
4023979
5113076
4980892
4983944
4735330
4423860
4274459
5338005
4432898
4462883
4284889
4494424
4599754
4219443
4353660
5087484
4056653
4033127
4232330
4171537
4242972
4127897
4355985
4176607
4878543
4223481
4067308
3983187
4312805
4287027
4312901
4254904
4293828
4057384
4283557
4208783
4903881
5568094
5053319
4156353
4199655
4054715
5515319
5405655
3987924
5024641
4187273
4526350
4476444
4345246
4229582
4150543
4101912
4911986
4377003
4829820
3904070
4599845
4063345
4478748
4299002
4116290
4463815
4223758
4424319
4043920
4345810
4119430
4241339
4848762
4076754
4402676
4008467
4953133
3848385
4514724
4594425
4057742
5210178
4313143
4308456
4697139
3975940
4739479
4237547
5326928
3912813
5089157
4270509
4547480
4414449
4227534
4442486
4302172
4676117
4215396
4136863
4329729
5068564
5326070
4226163
4527667
4122106
4242973
4192449
5220977
4304765
4465744
4818725
4007029
4362452
4368177
3966581
4352876
4794590
4526482
4253493
3971002
4603034
4036355
3784817
4267511
4353694
4349600
4686225
4337206
4203111
4534520
4158711
4253468
4921044
5435402
4191009
5701798
4347955
4269665
4222975
3998683
5140611
4511476
4220971
5204332
4457453
4915807
4188069
4269187
4551564
4701352
4305932
4202463
4004574
4952773
4379549
4317255
4470219
4649911
4153988
4213677
4085841
3937117
4065630
4051760
4627681
4935727
4412102
3998401
4506066
5374610
4097637
4507904
4437755
3835297
4022684
3948131
5644635
4791297
3994128
4373001
4074309
3863498
4175744
4073701
4643602
4011280
4250937
5025238
4935413
4021373
4685576
4914789
4183690
4104037
5080944
4444595
4134500
4391574
4581236
4007878
4456158
4189068
5402147
4427059
4131353
4899915
4664081
4013649
3865277
4518975
4532390
4187719
4677423
5064921
4256004
5107963
4287976
5514092
4039750
4414612
4139468
4153209
4090778
4337110
4131165
4248821
4245671
4026070
5044047
4756973
4397861
4220323
4033398
5361536
4493834
4272172
4265155
5622786
4150462
3960496
4855535
4954171
4654057
4850482
4830809
4651440
4261330
5445547
4426737
4060648
4363154
4153242
4172744
3963782
4966956
4399604
4218420
4673237
4316687
4242867
5200110
4203135
4280432
4326629
4241237
4219003
4435909
4131739
3828948
5040886
4050102
4335868
3968984
4172064
4208706
4914734
4656217
4627021
4862604
4607549
5768506
4479920
5226985
4327556
4757578
3937959
4196384
4487527
4182152
4406268
4230240
4789130
4462781
4808013
4138579
5142566
4389855
5514813
4110813
5565880
5051210
4306101
4033391
4632195
4202558
4522683
4166096
5369561
4680557
4106861
4345885
4010056
3773259
4338520
4118794
4416372
4268155
4172272
4253140
4227574
4036352
4200377
4311289
4348708
4974764
4249172
4358858
5533166
4121078
4150704
5125725
