3438710
3412582
3476902
3439000
3466587
3460802
3481269
3396000
3506325
3451664
3445837
3493507
3459910
3449165
3459764
3495091
3439037
3420841
3425519
3430260
3443702
3394477
3414195
3443683
3446141
3467538
3469353
3446634
3494076
3465788
3496417
3492188
3516845
3458447
3438263
3454560
3421490
3395308
3441981
3471398
3459055
3417949
3469620
3472237
3476557
3476935
3447458
3456194
3428595
3450823
3473494
3450988
3417495
3439272
3418316
3462652
3409115
3460130
3456995
3465407
3446604
3446982
3403388
3507249
3452341
3462583
3466785
3459018
3491045
3448977
3487745
3475177
3461472
3450156
3467727
3427815
3421579
3428082
3446306
3447648
3461753
3476013
3428178
3461481
3472041
3396934
3448281
3479560
3436522
3456042
3434487
3486257
3356951
3437783
3511815
3431334
3458522
3489512
3426069
3503155
3465228
3444377
3433170
3441752
3450446
3409259
3463739
3458560
3444258
3465345
3444511
3433710
3483957
3469785
3456646
3388286
3412236
3480587
3443119
3431916
3470773
3512219
3401477
3451631
3494677
3441724
3476514
3426038
3494572
3434203
3432752
3406286
3483758
3411270
3515218
3414769
3450153
3468260
3438604
3423053
3414932
3468258
3461032
3451466
3450545
3449605
3446125
3438173
3419195
3489354
3446234
3469737
3459599
3457887
3459454
3480461
3471213
3375948
3473912
3508530
3467652
3473408
3456809
3416392
3466766
3457579
3434209
3458598
3497038
3488629
3483026
3431060
3470878
3424563
3481288
3453084
3456849
3399668
3474608
3389353
3420330
3443777
3436584
3477618
3495418
3504680
3426537
3511333
3484479
3463828
3452950
3416413
3465458
3438713
3463729
3406753
3457929
3474249
3434541
3450107
3411207
3454316
3447767
3416956
3418577
3450427
3487852
3488835
3493717
3488362
3366212
3425127
3448756
3477831
3458264
3478592
3446584
3383300
3426164
3464532
3419839
3482959
3480511
3436780
3458141
3423972
3403881
3448616
3437593
3462280
3453207
3471838
3497811
3402341
3485798
3457034
3477455
3415328
3454930
3445685
3462017
3438954
3437025
3429154
3406874
3401218
3491177
3429485
3374738
3433394
3443898
3522740
3479533
3415368
3454585
3444568
3449730
3443211
3442238
3406692
3408366
3494472
3467613
3475896
3463006
3482427
3416049
3464072
3432570
3430904
3441472
3469482
3471481
3453678
3451406
3458777
3445002
3415145
3464178
3469639
3448227
3430990
3479014
3456336
3434249
3457858
3485120
3482783
3461336
3471602
3436531
3407858
3498525
3450390
3476925
3447605
3447375
3457723
3471677
3404104
3401688
3446368
3464400
3440572
3424765
3396482
3460824
3464395
3454894
3482021
3492153
3404782
3469707
3445751
3426137
3483139
3444385
3485580
3444170
3412317
3477547
3459044
3439138
3436039
3468235
3474298
3461163
3431813
3390784
3472499
3505588
3467223
3399947
3403589
3406669
3444670
3414164
3472807
3423834
3458856
3444393
3407133
3479548
3476955
3395728
3437622
3487722
3421451
3466698
3482733
3406664
3471403
3385216
3491600
3456310
3437511
3426948
3489216
3468554
3434868
3435611
3483514
3422876
3407704
3427629
3523769
3456759
3403626
3493690
3386806
3470030
3464687
3454819
3451995
3438624
3437789
3376165
3481517
3409906
3409231
3424806
3438310
3417461
3468666
3435649
3420156
3457004
3497614
3463842
3442482
3429168
3461333
3449358
3461265
3426786
3467340
3427516
3440956
3418172
3483969
3399401
3431701
3428013
3428382
3413604
3450584
3471163
3425077
3524288
3375829
3442972
3448882
3498426
3451579
3487878
3426261
3432811
3389422
3394792
3480973
3442792
3397660
3493013
3416022
3486538
3417004
3469315
3519207
3365369
3401087
3508004
3467662
3472287
3466403
3436931
3475156
3398179
3423779
3454780
3407387
3462721
3481492
3373490
3469441
3444627
3367431
3459091
3476339
3420860
3440986
3463234
3480338
3442793
3415512
3473036
3456032
3454068
3488065
3466797
3479628
3454704
3458027
3447488
3438769
3451200
3449656
3428949
3477259
3457387
3447961
3419440
3426146
3486399
3404112
3448966
3425665
3433163
3487673
3472491
3452295
3456532
3472099
3438685
3480907
3441544
3477216
3470104
3418822
3438553
3439510
3458519
3457365
3444066
3480472
3431135
3489785
3489360
3451531
3478211
3454985
