1772710
1975876
1955841
1719109
1929195
1946465
1871603
1881866
1866935
1934437
1917716
1877680
1743213
1957680
1873349
1933829
1959057
1823545
1827600
1723936
1869181
1880678
1833148
1902627
1932664
1963013
1796312
1800287
1828409
1725261
1965933
1882825
1888100
1787432
1797874
1865929
1859579
1802936
1829117
1932925
1815473
1944369
1830073
1810129
1935240
1952711
1906958
1973471
1857965
1876075
1985116
1820444
1872175
1678517
1870439
1890722
1755120
1798453
1949967
1844765
1807128
1916002
1728122
1786704
1860210
1959125
2000730
1911380
1834710
1891280
1770752
1818879
1764204
1823070
1916872
1863849
1697615
1773802
1887042
1954603
1873089
1921052
1713244
1770339
1860592
1874189
1780401
1897487
1737274
1875699
1839271
1819674
1776915
1796878
1922406
1856154
1928470
1827788
1950305
1980322
1751616
1872424
1826128
1853682
1826639
1836119
1848129
1955464
1936543
1923160
1921034
1945981
1922464
1771918
1872226
1832423
1909247
1870223
1733682
1809699
1721671
1821203
1840251
1834499
1824652
1868421
1994641
1936560
1666791
1829556
1959532
1864280
1939585
1926429
1933855
1781492
1737269
1954319
1939357
1869839
1894766
1961085
1885235
1851803
1823636
1792935
1888520
1768836
1961269
1808172
1826706
1911903
1969055
1872209
1688721
1825467
1786158
1842787
1955848
1900789
1875278
1721956
1877023
1828865
1937090
1888420
1856081
1772100
1873777
1962260
1850366
1879596
1907712
1847292
1902551
1759617
1893922
1870737
1895052
1945090
1823224
1872510
1898457
1843339
1772706
1878180
1917444
1868363
1870682
1931967
1758493
1959919
1929676
1873609
1818745
1898631
1869178
1974393
1773553
1665211
1941601
1765636
1900496
1874113
1811964
1833882
1975837
1962427
1775293
1917248
1819699
1987087
1954011
1877282
1779600
1805426
1915093
1940708
1901909
1721629
1939218
1914435
1807281
1909423
1871242
1753852
1900854
1840726
1931361
1984895
1840090
1986173
1898131
1857468
1905319
1887418
1893732
1651436
1889950
1909903
1969156
1831787
1983215
1871431
1876086
1792261
1921260
1921880
1708846
1866643
1793659
1951804
1937842
1838702
1860950
1888934
1780480
1702904
1905691
1751167
1722918
1761041
1946628
1755665
1795113
1800412
1824131
1821248
1878103
1888903
1768504
1829826
1932877
1976196
1903101
1843801
1889474
1782683
1934917
1884571
1708541
1800872
1799362
1819298
1903703
1974775
1863684
1807486
1748037
1853942
1846562
1731100
1857028
1828479
1837419
1930451
1825668
1858457
1790218
1980996
1800367
1846433
1860588
1860850
1853568
1821797
1864843
1904703
2100855
1767392
1952806
1884438
1747401
1845316
1873695
1821881
1818023
1874120
1854170
1808797
1886348
1894704
1903004
2063363
1981126
1804377
1927779
1902279
1864694
1841304
1919563
1920976
1955345
1902517
1952109
1957303
1781688
1881935
1840424
1790995
1790561
1920074
1786000
1913911
1866907
1809811
1765128
1806144
1765533
1851228
1946810
1717749
1787604
1793730
1749319
1975530
1872815
1909969
1840485
1855038
1836827
1728093
1822680
1935169
1992380
1804912
1850412
1791176
1757940
1826086
1721375
1934808
1875417
1830583
1840936
1877324
1881154
1812146
1891516
1865274
1855783
1820051
1951616
1963021
1928140
1768820
1810283
1851007
1858728
1773571
1840634
1800539
1879265
1733866
1863123
1765015
1884712
1716573
1952702
1764903
1867051
1843724
1852374
1797643
1758330
1798187
1709904
1686375
1749281
1812357
1880877
1894963
1811266
1822014
1934997
1798998
1941400
1912582
1862180
1790178
1834930
1861882
1925295
1836195
1933913
1912962
1881724
1760997
1809940
1759298
1799189
1872259
1851093
1911832
1859712
1876520
1888315
1856330
1996080
1830397
1802086
1909307
1818375
1857542
1797967
1906488
1791039
1852901
1763609
1779163
1975556
1842052
1827170
1838644
1842676
1840892
1917422
1816818
1809733
1877026
1822328
1837807
1974956
1745306
1801480
1896340
1795636
1877855
1793691
1804815
1820859
1934148
1743332
1808621
1929403
1818050
1776864
1829763
1834731
1743155
1878189
1922912
1772774
1861641
1952397
1822864
1915554
1774675
2035157
1799277
1756266
1846382
1772338
1798369
1918517
1862065
1770624
1989142
1880989
1929643
