6831367
6847836
6832065
6830586
6862854
6835743
6732697
6854381
6895057
6865461
6749178
6777996
6850079
6831029
6827051
6676661
6805227
6832535
6908375
6840408
6772395
6848289
6825181
6836725
6852065
6841522
6822859
6843120
6759601
6839995
6746458
6767604
6804850
6862611
6849745
6822018
6861180
6824693
6846011
6777696
6849595
6814319
6830071
6815580
6685173
6683698
6851964
6855442
6696004
6831354
6842700
6855681
6796135
6841876
6804998
6833928
6835240
6836633
6827308
6831147
6788860
6854366
6777689
6718772
6778522
6760909
6775113
6830055
6851536
6760926
6713886
6819870
6847207
6775742
6899302
6834609
6668862
6812483
6732026
6813399
6826897
6819152
6847135
6847306
6779467
6805013
6793453
6839915
6828704
6846192
6852828
6843588
6847219
6851096
6847383
6756501
6824989
6829250
6820741
6822743
6853311
6857178
6865406
6822604
6833714
6889036
6757490
6859213
6831194
6833365
6856621
6837177
6808246
6831947
6881249
6829501
6850450
6807501
6750115
6851663
6782614
6826031
6841275
6770403
6882044
6892214
6795330
6849032
6850053
6834055
6836108
6807674
6826038
6833041
6852933
6803753
6847938
6844341
6783207
6888391
6729316
6791456
6825088
6783209
6823324
6785246
6849259
6738879
6839965
6851085
6884236
6812319
6794280
6780372
6834518
6865847
6907565
6743745
6847965
6864284
6865898
6694705
6847712
6904102
6779202
6699380
6832329
6821064
6836003
6821060
6834118
6822989
6840500
6851944
6760321
6843188
6835077
6830860
6849886
6800511
6795543
6764814
6853832
6745766
6835963
6900505
6898456
6780188
6831294
6823384
6834991
6835344
6818337
6855474
6831777
6797987
6837197
6807790
6848341
6824685
6906844
6888792
6771869
6856643
6838945
6765388
6821870
6789212
6851479
6753762
6835187
6832138
6846349
6820426
6827652
6801171
6847484
6818889
6877480
6711965
6803943
6796149
6834399
6824271
6843008
6872204
6847186
6849968
6849617
6819762
6792622
6889567
6801309
6798400
6787356
6865430
6830974
6861657
6855588
6847224
6853855
6833544
6796733
6833151
6836155
6851888
6845866
6857636
6798360
6837122
6848787
6766720
6860602
6833972
6913774
6815965
6840747
6830779
6859354
6856409
6768713
6848910
6718145
6903947
6890259
6844964
6845223
6836246
6788093
6840264
6844957
6809547
6855894
6841464
6779816
6817549
6907590
6755529
6705668
6908681
6830812
6825276
6728968
6836161
6777091
6846688
6907795
6900712
6839787
6838779
6834485
6842884
6707094
6779051
6858112
6851377
6899256
6831187
6825614
6821773
6795145
6858824
6837088
6792155
6847717
6900816
6849787
6690442
6827470
6913460
6702517
6856786
6842543
6863150
6848244
6836567
6788190
6780937
6860660
6805342
6833398
6783830
6855507
6824429
6773273
6813082
6784309
6768343
6828008
6840921
6835270
6831494
6851293
6737430
6853524
6785556
6845952
6896819
6853183
6716457
6906718
6830441
6834477
6806077
6823047
6835249
6849695
6694588
6865766
6797245
6809164
6719286
6822256
6849256
6857531
6840025
6851929
6875247
6816664
6905647
6835548
6844666
6831744
6835536
6838045
6802297
6852069
6855555
6851173
6807946
6830410
6831755
6776065
6805504
6843398
6856283
6831051
6843058
6812200
6913788
6840182
6850000
6854302
6819373
6850517
6692949
6862464
6834757
6864565
6832117
6802027
6714001
6855755
6828673
6847790
6855450
6831171
6865121
6879283
6816336
6784375
6825273
6848642
6893466
6867711
6855706
6892321
6847332
6767616
6779011
6854193
6911341
6841598
6848065
6890575
6697470
6887353
6674541
6845457
6820895
6809249
6838296
6782343
6803185
6819532
6737180
6837159
6851414
6854013
6841103
6847033
6829827
6730544
6850372
6805211
6866711
6855533
6810139
6840349
6855654
6890418
6813000
6850189
6770470
6887613
6782827
6800962
6852579
6795220
6878999
6790910
6846805
6770803
6903061
6862953
6857841
6673488
6851400
6837465
6677268
6878088
6701166
6850009
6806655
6848159
6845511
6897844
6858965
6850408
6846445
6747561
6841621
6825943
6680041
6833022
6824151
6835261
6742438
6846932
6844031
6680961
6824564
6831229
6789705
6781297
6855108
6831892
6844889
6820577
6818198
6659059
6677783
6821061
6845645
6800471
6845925
6840058
6836724
6843735
6855991
