44254
64414
32214
42261
44072
58968
73366
42574
42127
101784
65556
64438
53435
60262
65112
75901
82484
62550
42452
49911
67596
29449
62543
31643
56384
61526
49839
55261
52593
37038
58032
86265
66196
46395
127193
74217
42437
72647
43807
80147
27473
46508
90886
61482
64114
99358
40097
35575
46054
71309
123341
46603
65159
68430
79541
31683
50507
53521
52293
66041
94872
101079
77658
56159
67450
72649
73955
56068
53304
61471
60153
53956
75105
52602
43387
80047
45803
74988
94406
73192
55048
40160
64237
52539
75593
40389
60706
61539
45888
49803
41039
31035
36828
41683
60431
32898
82287
95144
50859
56031
36061
52480
27913
68086
60709
49921
114445
43782
87608
79729
46337
70026
46569
45061
42273
72879
49811
72204
58943
41587
77796
56516
39424
101729
40196
56227
50308
36009
33374
67729
105301
62413
71362
54201
50296
57086
58030
103268
88093
48111
68663
44971
79592
57916
64508
68757
38789
48106
44630
61199
46708
82179
67081
78128
80288
46663
54220
95473
34804
49423
65264
64417
61650
121863
69332
50320
89535
62901
59060
86654
53983
58597
24759
47572
57790
49851
129038
78744
54421
31736
99789
76546
47646
73939
68627
48963
42124
43857
67851
73966
70009
85036
46982
47082
34367
81127
67910
69401
61337
59799
26229
53036
77572
32730
66629
122920
78995
91938
54719
64916
73230
97401
111665
28749
49028
75190
54168
47583
41114
63238
91765
94396
59989
46668
48660
46757
29119
46127
52020
84819
49971
63006
31997
59439
70756
47500
57328
43319
54357
47874
39258
64486
97781
79881
84583
66397
44815
38102
85218
35562
45585
44690
48558
64806
59018
52923
52334
77484
40250
74157
46860
52096
76253
49891
106081
53687
66761
70650
79580
43179
45253
85872
53911
94641
98882
65809
37029
57931
32951
53637
59127
69316
104567
55463
52733
44394
62490
36789
55357
52836
66197
36520
97160
83988
57981
56433
51896
62319
63822
51807
70394
33854
52763
42160
47693
65102
64931
75228
81661
48340
61362
38195
49227
44747
47377
62218
108510
87379
44001
62545
73371
59591
38191
86826
66027
71215
56060
67921
50190
59476
56665
63792
31438
83569
57491
79914
70594
49628
37907
64350
39294
41243
77415
61925
52684
47176
72582
48331
22382
78320
44811
50378
62121
50528
62011
66389
41014
39890
75631
49647
45538
42451
68116
47030
65952
87039
38778
40123
66286
109576
63811
44777
64777
78735
47316
44997
39470
62304
49796
53568
113886
38483
39057
41405
43715
62443
36036
102693
121250
63855
81849
51721
41183
60393
60985
64178
67436
49614
51009
60520
63976
65673
60005
48675
81801
24403
52343
62956
52041
63260
29301
45224
61497
36072
37266
29279
50428
67730
48691
45539
66518
62088
58800
85782
79973
72985
24792
64240
36957
25031
79269
39558
68705
49473
100064
45536
45505
44846
53343
75625
41155
54612
76536
56575
35581
87810
38054
62161
68097
26741
40790
61573
42011
45462
70245
87048
69862
41724
70588
78589
35646
70505
35547
86287
34629
52634
52916
44226
34898
66998
72033
107736
57226
43483
33888
52339
50543
44212
122598
67194
68695
71579
75034
85023
98217
56709
50364
71545
67390
68721
79363
68145
69948
51945
32371
53298
66455
58758
120652
31439
