242111
295528
249604
253318
224045
292387
258648
258089
257612
160439
263223
219601
260728
268680
166161
239370
232145
265465
259850
219247
266760
224264
149246
228231
217058
259094
235677
244876
249645
246567
259680
247149
253900
244643
234338
217305
249949
177165
251648
275592
242497
294028
232671
169350
217015
249799
253239
265012
246212
231813
295593
219854
205423
272368
258580
177613
247306
248589
161985
257956
246720
315621
212016
274048
219381
198492
215446
231736
257237
276437
259387
266598
258073
268246
248185
278202
235061
269885
257769
252416
244750
161392
272588
245710
257622
209180
248603
250348
261747
289426
248899
262179
234611
241390
253813
253404
254720
281430
218241
164294
223720
233766
252589
193251
242172
228942
254255
259484
248638
218441
235304
206896
166002
156048
225505
226586
202939
234339
230837
243192
256741
208562
267776
237687
233704
230200
233540
215260
239741
270850
266472
256437
171165
255709
252347
185891
221962
273785
205877
217238
211354
224874
271733
254868
207891
250592
161296
203649
180570
236395
147600
274972
194330
256722
192612
257709
230718
274423
247468
220961
256843
247857
253837
274106
237321
221529
230287
247403
274599
226009
215316
209464
266853
260303
249198
246930
273683
256048
285483
186993
232647
243124
238341
263864
173589
258807
240262
169419
207168
254232
277263
233134
187457
238092
251806
266689
276192
176317
246493
252292
244523
261728
256822
268938
152289
247550
182451
241072
260081
249546
212159
259470
187248
232577
258451
214745
254666
230718
236655
244357
249695
270260
267064
176338
264607
214599
233484
203634
252558
265506
234111
182727
214686
161044
261555
236284
251021
267675
207627
177962
254072
142170
242018
258036
204831
252566
262721
259642
263938
241681
255932
251364
238103
245134
238666
252649
239902
145052
238054
247388
199327
253485
249811
252084
257525
276424
242895
254299
269936
266480
264608
242856
258980
205967
260447
213188
276564
264284
243215
220036
263252
247451
239582
271063
226332
237877
256571
217416
154018
263661
241169
240727
232890
230793
263072
235665
229712
267559
269170
238773
252297
222227
283555
248753
271549
249667
247408
217540
210526
250233
249366
262003
224796
239218
252268
243603
229151
235777
266756
249989
159166
233490
259129
227779
195634
183632
170470
265171
267278
243278
248460
232939
184006
223449
247784
258657
272960
244711
276281
225174
252729
250222
165525
223907
200397
253675
259286
250587
227935
248710
258312
184411
223211
249046
251994
246477
231960
254446
295317
254187
249953
224709
199258
234514
230897
264886
185867
212799
244572
235169
270974
269288
255210
145837
256394
207925
237058
236918
244532
194331
280329
229011
184772
196991
247708
260496
219213
254629
210357
215187
253749
225380
245914
263875
225199
256313
236511
261261
256880
253482
191398
262164
260497
239027
258992
274204
273600
250847
209456
224273
229527
241102
257307
249927
277097
244039
232911
234225
225542
269533
254173
193038
174697
249456
265276
208454
251985
264248
220900
253130
255095
216180
252081
234354
242610
202582
211258
253728
267097
255743
228975
231290
248115
252507
251622
227100
247025
261126
255199
285500
226361
256301
226627
222139
252378
169841
261964
247986
264190
221973
231213
248671
255737
200728
263119
206732
255673
229998
261859
286112
258612
278606
255567
182269
262531
249770
266464
259930
274725
236533
173882
234956
235744
279395
249369
177814
237549
185397
271261
174830
223749
216747
283560
246037
240640
231466
263087
273226
196025
200395
