7347288
7358114
7350147
7370735
7360907
7458259
7462504
7352055
7364598
7462015
7350903
7463627
7460524
7352569
7358958
7459882
7462386
7464892
7463512
7465314
7361515
7353491
7460743
7352441
7351752
7461086
7461324
7466302
7461343
7459412
7460587
7459140
7460541
7465248
7459389
7459046
7460914
7460843
7458553
7459227
7463829
7457110
7361525
7460648
7461206
7460177
7467714
7462796
7461181
7461724
7466216
7353749
7459310
7461880
7455852
7460111
7361475
7461104
7389365
7367126
7458222
7353194
7461583
7457865
7465891
7460034
7460294
7350706
7461255
7464752
7462637
7461652
7365336
7460776
7348536
7462656
7461372
7378361
7357865
7353215
7352383
7463270
7354581
7357811
7349427
7367151
7462835
7352135
7459169
7463402
7353389
7467543
7354293
7359879
7351035
7353826
7463066
7346638
7465358
7458542
7352153
7462482
7457647
7461435
7462137
7457989
7460634
7461727
7461091
7359811
7462289
7458731
7461697
7350330
7462406
7460436
7463162
7460233
7353402
7468847
7461825
7360570
7461861
7354502
7366924
7460718
7351145
7456024
7462360
7349445
7466695
7467757
7461253
7458171
7461476
7351261
7457837
7353207
7460210
7388430
7352861
7464673
7460898
7356398
7463388
7460150
7362565
7463497
7462343
7346040
7461386
7347500
7353110
7349007
7463601
7465110
7460847
7461625
7369871
7462252
7365004
7352302
7457299
7350113
7459059
7461108
7459772
7461250
7460301
7460320
7353302
7350973
7460809
7461965
7458009
7355137
7461045
7470220
7462923
7353778
7461379
7459213
7461612
7352933
7463050
7464098
7348321
7464073
7457488
7461788
7463332
7468096
7351876
7351048
7460830
7461551
7461218
7352923
7352264
7467578
7462373
7461617
7457445
7365488
7459804
7457329
7460570
7348587
7461544
7458712
7460430
7462384
7466040
7358932
7461186
7457529
7352617
7462699
7463798
7461663
7352534
7467533
7400238
7359017
7349850
7460048
7359628
7460649
7465946
7463111
7390744
7463653
7462423
7466542
7459365
7468725
7356863
7354309
7461429
7459256
7460767
7351100
7459193
7456847
7457535
7457982
7458761
7462954
7464868
7457921
7358749
7458540
7352998
7356038
7349261
7463127
7461676
7350897
7462681
7457949
7353134
7464421
7354898
7404954
7458671
7463988
7461927
7357484
7461059
7457869
7462686
7353950
7352037
7460045
7388373
7464573
7467362
7459945
7458094
7454433
7348997
7351800
7353513
7463958
7351601
7354162
7462187
7457006
7460524
7458032
7462507
7460811
7458777
7463220
7354563
7466671
7463533
7463437
7461285
7458117
7351399
7359267
7462809
7390117
7354431
7347106
7463672
7462774
7455724
7459989
7352881
7461486
7464305
7373135
7458030
7473074
7358240
7459271
7460733
7351718
7461050
7461723
7461073
7352176
7464096
7457660
7463195
7462541
7352551
7458613
7460679
7462155
7458540
7461372
7461371
7461220
7463221
7358053
7462660
7353597
7463562
7461999
7461252
7462790
7472174
7352866
7462833
7358252
7353494
7357933
7357918
7464546
7464588
7457792
7458122
7459906
7458721
7465112
7465392
7348519
7461203
7347167
7459701
7465616
7349724
7461985
7463029
7354084
7359229
7348515
7351557
7457136
7462012
7350615
7350917
7457874
7462145
7460937
7458358
7463344
7462354
7461522
7461124
7465408
7458083
7462765
7461965
7463493
7462952
7462686
7461871
7458089
7461191
7461776
7352667
7358499
7467667
7461569
7461316
7462326
7356840
7466631
7354481
7397252
7465531
7458094
7361199
7472103
7354741
7462724
7461919
7463426
7459377
7460185
7356124
7463470
7347295
7463700
7463457
7459127
7462419
7359249
7457470
7461608
7460869
7468191
7466078
7354381
7350861
7458375
7354557
7352184
7459163
7462305
7462396
7470382
7460387
7370128
7456962
7465360
7459199
7464439
7466825
7461469
7459159
7404513
7463184
7358574
7461767
7460300
7460743
7352346
7354368
7370815
7458531
7458618
7352508
7460220
7460681
7458163
7460811
7458537
7461140
7353160
7457729
7355435
7363243
7352996
7460033
7458694
7468899
7461401
7461785
7461346
7352003
7376864
7459042
7462070
7455830
7462761
7458915
7358415
7462153
7350539
7461291
7348090
7352435
7461673
7352461
7460320
7459861
7462573
7347541
7354021
7457743
7457818
7461742
7465517
7460978
7349915
