2418092
2420974
2444415
2439507
2410174
2443533
2414488
2484622
2405094
2414998
2466162
2444179
2396690
2413177
2390853
2412126
2341474
2443681
2339794
2413735
2476633
2361544
2429850
2402106
2502681
2421985
2432652
2382709
2392251
2447177
2393997
2382730
2419770
2499082
2439756
2511841
2473550
2345825
2454189
2427491
2454075
2377449
2417681
2373590
2505068
2422873
2398320
2406844
2440415
2384760
2436661
2420210
2456219
2433738
2406629
2416233
2469971
2452782
2403415
2399597
2366813
2410990
2414662
2370939
2413036
2312954
2501595
2448097
2441704
2490454
2418862
2403182
2385236
2396345
2454865
2380477
2320016
2407860
2481006
2410437
2517429
2405294
2378633
2391641
2347110
2396992
2421856
2423986
2366552
2454685
2470220
2417903
2444227
2511332
2463192
2433054
2366010
2424427
2511708
2414440
2468656
2472645
2478185
2409814
2409340
2315937
2472652
2403969
2416891
2460128
2436805
2435948
2358536
2351188
2393882
2396807
2446583
2348554
2434574
2409074
2371978
2463113
2411452
2430665
2412671
2436275
2451779
2413538
2430354
2455797
2426911
2431029
2435070
2380950
2520084
2465781
2424778
2465461
2398881
2383816
2463674
2373114
2449652
2387390
2454252
2431380
2420740
2416519
2403310
2390607
2418926
2436088
2485548
2343151
2386256
2434881
2459661
2567141
2396691
2443697
2428877
2424707
2371135
2425573
2401377
2476551
2461522
2402801
2431775
2468482
2457807
2381747
2432655
2363724
2353287
2426760
2445967
2370049
2443560
2489907
2344459
2426825
2397843
2429503
2504960
2346834
2434574
2412612
2428525
2403734
2435288
2451578
2468478
2313237
2462039
2338422
2414287
2478230
2401857
2428187
2383343
2428470
2502285
2463287
2369327
2459324
2400137
2402255
2298796
2405680
2380990
2426400
2463080
2447962
2404329
2399338
2456141
2474350
2458045
2342829
2445847
2481195
2434900
2427206
2429580
2488255
2381211
2415061
2441694
2407622
2471620
2407128
2409388
2396731
2402122
2488718
2397100
2448841
2414190
2419099
2394105
2408058
2430698
2404183
2427661
2540628
2401377
2452697
2450320
2430666
2406463
2421815
2379291
2462840
2449868
2409951
2405498
2374317
2438252
2481993
2341346
2463363
2463710
2351020
2425675
2383820
2461559
2451920
2399537
2376959
2437592
2353398
2457115
2428335
2350357
2364858
2376695
2474470
2448666
2486142
2442486
2420561
2409020
2531820
2446925
2469823
2362045
2425257
2414126
2423102
2426406
2507983
2470792
2454784
2418961
2461296
2374463
2320535
2317288
2453581
2407477
2390324
2408022
2427624
2392424
2350620
2354491
2393293
2398520
2450910
2407361
2368695
2440634
2365484
2366951
2379963
2359024
2432189
2380180
2482756
2472775
2421922
2386015
2376743
2416367
2401380
2404314
2421757
2363688
2452812
2421274
2384326
2388825
2456208
2452484
2350031
2460130
2410259
2477725
2433517
2442107
2441169
2474259
2368558
2389037
2365918
2374603
2392958
2427707
2402878
2336205
2408187
2353041
2438486
2429737
2462375
2508091
2453349
2414472
2466876
2389400
2386001
2461080
2324293
2371963
2474971
2487092
2384741
2468295
2419916
2459988
2428975
2464420
2536634
2350812
2405477
2470508
2377857
2378048
2390163
2380481
2359405
2444068
2380379
2372940
2440931
2434594
2347216
2418513
2469604
2439333
2393390
2417408
2308582
2375637
2418682
2388756
2382802
2391315
2445048
2347511
2366432
2409523
2446193
2421500
2446427
2451894
2409267
2407045
2428572
2485150
2480190
2455002
2395370
2444880
2449315
2411628
2389945
2490785
2393193
2344951
2453310
2420047
2385658
2418716
2441103
2396229
2423878
2361449
2407770
2367631
2366281
2344267
2402505
2410739
2332742
2458917
2328045
2466123
2405888
2334211
2437534
2435929
2460676
2335703
2439143
2462867
2354086
2432598
2471269
2497705
2355149
2355681
2354931
2414864
2421680
2471278
2425996
2380907
2381217
2398632
2340874
2440902
2464340
2341963
2387824
2403679
2480946
2431324
2316384
2315410
2396853
2505668
2436924
2474447
2438256
2404169
2457489
2430169
2372016
2494264
2399534
2441221
2422131
2501289
2389642
2441006
2351099
2486763
2471515
2409518
2438621
2448453
2403390
2489056
2365532
2468904
2357836
2398341
2398178
