750294
745988
800772
36991
764747
671540
699460
755442
750524
755280
805031
706537
778423
103577
634874
787965
765595
844451
735156
89299
794065
679874
59870
710448
825212
82571
681878
732587
802838
767449
773050
694151
89587
755985
666492
46019
752217
705995
663849
692546
678194
80102
76248
645437
760244
762756
685582
647022
691499
87757
753456
652435
101531
89514
804461
819223
700980
727619
59727
718452
761004
743289
49598
572056
716206
725925
50532
845883
696137
677898
753956
697067
822824
754976
758001
74375
55703
723619
781617
686182
706139
757064
737986
96162
746313
657375
695858
698214
773812
663634
714880
645475
73553
699696
706566
755643
731432
613928
733081
77846
58032
718652
677341
705993
815598
686334
44613
810418
97852
61782
652414
54050
39499
803509
662267
76362
652958
783297
673693
807118
678825
647413
597132
662011
737908
737953
655843
742593
674252
751904
737107
91457
748473
700716
718571
658197
801641
749337
801594
51463
847128
738321
749728
730830
665791
725970
816414
751538
683495
778941
672000
717043
731456
764230
863433
703794
749541
104264
682036
788164
815050
717460
809524
657043
85362
761781
773880
81334
90671
92526
51214
751991
738036
64695
65267
704469
782974
751783
43374
703463
98907
764261
758097
701379
790530
70298
774548
69895
800748
785647
62720
46579
707851
52333
741353
828175
776263
702355
801755
699335
706736
616933
100117
701641
770606
728660
672660
721781
722078
761906
48013
753999
793957
94224
653923
722224
822467
748329
663922
765887
701485
746655
804667
76094
764960
591436
54954
765386
32461
766697
685705
40162
68010
682654
821576
686997
660670
708041
771057
866028
736299
803642
751008
850939
822602
784750
632335
59615
678704
666456
763731
761155
701158
673339
82763
695236
785954
727413
676360
755736
795392
670064
690722
89089
726535
68093
810686
867262
85409
773492
776412
773149
688006
693403
759893
682618
720744
708413
788449
712436
744073
785738
704126
746919
794473
64716
744480
46168
797947
837254
682862
834013
704014
814186
718656
715761
758357
112835
774298
60634
765390
760888
781094
823415
696273
52679
714619
108487
724055
741073
696956
705436
803440
72393
719736
94917
727075
771857
567128
703178
63915
94709
736094
748667
701915
51932
759671
837937
786280
745955
775519
632194
702461
85897
703330
802234
74246
705657
741462
61409
701494
754919
732945
106215
74223
782342
748920
751350
702659
729773
81953
687980
696701
756127
828271
709990
44093
765714
736485
747941
782838
661873
797868
85367
770797
742789
716221
691835
649950
782999
696909
776767
860109
652095
730738
638449
699497
92374
681344
60432
722928
656048
56468
80188
68459
796884
46963
873956
728129
52679
91623
719395
735086
692003
768023
776999
724222
706487
682775
717225
681015
92997
49920
60609
728405
633510
672395
758085
690162
827814
633952
702240
707555
693867
78007
743407
642219
827681
667926
66733
738024
623511
720511
757124
96244
736036
63521
623212
719867
726042
800349
886039
803616
675802
701197
697967
709111
780135
667273
98968
614089
789888
715090
802223
794468
765002
654766
732387
42520
47625
722678
80526
742987
63618
715879
623403
734617
751445
606518
648904
761597
777006
824704
658912
56285
689381
636960
579732
654069
670330
702103
705418
71927
41458
762969
774468
67610
113330
739180
732971
714400
768072
682746
660570
719377
96135
53018
650786
794272
77600
726219
723218
740267
688688
657249
764334
760970
682448
782062
703138
