7186576
7191785
7194347
7189462
7173626
7171204
7210067
7192616
7211577
7196793
7222044
7190561
7205701
7190124
7210503
7187862
7131421
7201311
7186155
7172484
7190848
7160928
7189093
7192908
7182616
7188588
7189894
7164298
7209964
7202418
7218780
7175445
7196494
7180825
7195287
7177936
7185895
7181074
7193141
7197240
7173718
7169688
7196914
7188507
7175644
7189172
7190048
7187863
7198744
7195976
7214969
7155201
7185978
7181962
7205773
7164822
7191005
7172326
7171537
7187511
7180386
7195156
7183590
7176170
7196178
7173310
7182957
7206084
7201522
7209775
7178612
7212642
7178633
7173937
7183256
7193537
7190066
7190549
7160228
7196059
7178381
7171879
7165863
7197141
7170311
7171262
7183838
7168536
7220472
7193476
7161051
7193914
7183776
7198721
7218154
7178275
7193602
7196594
7188130
7168721
7165997
7175627
7211194
7193910
7188203
7199238
7173094
7184622
7195331
7200569
7192176
7153070
7208868
7201901
7216020
7185312
7191703
7183677
7181409
7184462
7177477
7162457
7177261
7201973
7200406
7169066
7189222
7204301
7173022
7172623
7167627
7184764
7179163
7195080
7204252
7198516
7191204
7186213
7183579
7198149
7169113
7193261
7194357
7213811
7195043
7201174
7204177
7198400
7211656
7205231
7188220
7191316
7179010
7199679
7200602
7187866
7195096
7193244
7200213
7210157
7203838
7194672
7167108
7175447
7206264
7205603
7180194
7205681
7196475
7202751
7209864
7177244
7187975
7174443
7179420
7205103
7171133
7186879
7174808
7187387
7175626
7180381
7208787
7203361
7192907
7180745
7193827
7210742
7199518
7190350
7191155
7186120
7194235
7195097
7201324
7199173
7184037
7206810
7204566
7164028
7178131
7193534
7195539
7194326
7112769
7202501
7195533
7199089
7204871
7200418
7175606
7185812
7196546
7187576
7205605
7200698
7155208
7193848
7200873
7213357
7181216
7183546
7185527
7196644
7200616
7188043
7206554
7199004
7191267
7160549
7187669
7218358
7188396
7190347
7198994
7165807
7184760
7202967
7181365
7163712
7166676
7196615
7186055
7183713
7198510
7195555
7192890
7210939
7187930
7175996
7147217
7193524
7201503
7202874
7206994
7191101
7186027
7194425
7183669
7203605
7215241
7185762
7187893
7180360
7165526
7173028
7199922
7194106
7210309
7190400
7201437
7187959
7191476
7173511
7193282
7164274
7197122
7179801
7174818
7215808
7203890
7172959
7194370
7180724
7205880
7166864
7192641
7188017
7206666
7181619
7193570
7187785
7207967
7191466
7181604
7194772
7186608
7163619
7195847
7158081
7174026
7196921
7211743
7187250
7189825
7194200
7188349
7215477
7170860
7185118
7196898
7176580
7198776
7202694
7190937
7211546
7183351
7173369
7187007
7201185
7180021
7201244
7167196
7207468
7189323
7187469
7198786
7167685
7182791
7177019
7198484
7173124
7176042
7178634
7175681
7184271
7171022
7182361
7179835
7188824
7198363
7193957
7199545
7196065
7195195
7190150
7201544
7187653
7191204
7189673
7160293
7205611
7195699
7171818
7217745
7184784
7187250
7197489
7187880
7187063
7205264
7193730
7167608
7208154
7195516
7193315
7192659
7180279
7201199
7170970
7176350
7196172
7173724
7181808
7201053
7207052
7203151
7197227
7171335
7169970
7203499
7186253
7203371
7191553
7192805
7157731
7195814
7200672
7193596
7194024
7194676
7207316
7183024
7192895
7197422
7187741
7191195
7214803
7203112
7202367
7200614
7189515
7191598
7168890
7191819
7187567
7166953
7201652
7185229
7174738
7178951
7177885
7195895
7178511
7195385
7166544
7173823
7197388
7194491
7205173
7205939
7174143
7182057
7198448
7210432
7174797
7207413
7201527
7171926
7190994
7200506
7175225
7166744
7172433
7187679
7200778
7213479
7160276
7202303
7210127
7192659
7159779
7174121
7185499
7173815
7172941
7215517
7214009
7184054
7171370
7172642
7189666
7189807
7174680
7191525
7200950
7178731
7186314
7185976
7210506
7171022
7197134
7203325
7197662
7194663
7161135
7197329
7204484
7188396
7188450
7184860
7192201
7186192
7186356
7175190
7185753
7189007
7190854
7193007
7196009
7188327
7198048
7173877
7193134
7179876
7192491
7208492
7175115
7186304
7186913
7174912
7183486
7173677
7193554
7166174
7209791
7222925
7187839
7194289
7180663
