7362229
7460267
7353137
7459419
7459092
7459379
7464282
7464856
7460492
7458118
7461728
7468381
7350843
7462101
7461130
7466262
7455147
7464147
7468263
7359740
7466314
7354946
7461038
7462251
7461703
7464820
7464490
7460461
7462690
7413925
7363180
7466307
7462453
7462341
7460036
7350927
7364697
7350307
7458024
7467177
7461955
7461813
7461702
7354935
7462864
7460066
7462802
7347037
7457674
7351838
7462949
7461746
7353409
7459631
7457973
7354405
7347842
7459306
7460338
7356101
7463256
7353294
7458807
7354787
7462462
7459921
7463579
7354124
7354734
7457311
7463524
7459347
7461698
7458800
7466748
7465300
7350622
7356139
7459529
7464798
7464368
7460157
7458696
7468166
7462333
7367131
7352249
7458988
7461960
7351482
7461873
7462976
7464220
7460950
7356499
7459007
7351704
7363676
7463495
7354028
7351720
7357215
7460565
7460388
7355897
7458723
7460454
7461065
7466582
7455907
7346612
7461735
7462094
7459458
7459659
7354144
7462351
7350597
7461216
7461920
7369317
7464011
7459554
7464636
7458640
7461583
7462093
7466647
7349996
7353202
7459519
7463713
7458288
7462834
7462788
7467321
7457776
7465174
7462683
7457404
7468193
7458268
7469937
7457845
7460701
7369260
7465047
7462899
7458160
7461316
7367535
7463537
7353103
7461739
7464031
7463143
7461011
7458753
7465387
7462397
7460721
7461568
7458825
7351426
7355508
7457379
7354428
7461458
7460765
7367894
7461953
7465177
7357836
7459501
7464931
7457812
7464832
7351457
7459288
7391591
7461056
7356638
7352514
7461559
7458734
7467457
7459269
7461871
7459581
7459458
7467336
7457630
7464782
7367008
7461718
7457834
7456693
7354842
7464439
7462814
7462670
7349978
7461015
7468507
7457193
7461846
7349413
7461885
7357896
7466752
7461435
7348336
7461940
7459870
7459769
7458542
7462664
7459542
7467841
7461280
7468696
7461596
7462967
7464520
7461611
7462777
7373449
7348953
7459459
7461649
7354305
7458354
7457994
7362272
7461320
7350136
7461381
7462672
7458884
7463494
7462409
7459398
7460294
7465956
7459198
7459422
7458276
7458320
7458962
7355402
7462207
7462792
7350535
7461935
7463252
7465240
7460797
7458082
7462132
7348580
7459516
7467673
7351484
7352076
7355151
7462245
7466410
7457219
7463678
7351859
7460560
7458627
7459792
7355250
7460708
7361209
7456247
7458169
7462444
7460950
7460232
7347315
7464604
7459832
7462111
7350921
7356050
7349380
7354022
7466621
7460699
7457732
7351838
7369154
7353106
7459396
7460972
7347456
7456516
7355976
7354405
7348521
7358883
7462129
7459067
7461903
7461860
7462646
7457683
7356405
7350818
7461669
7463461
7365278
7464911
7461080
7361693
7463478
7467851
7459536
7468834
7363693
7460114
7366581
7462598
7462881
7350992
7350298
7382708
7469522
7463881
7462962
7351019
7357685
7468873
7457360
7460237
7460601
7365559
7460483
7463126
7462349
7465360
7355948
7460841
7460350
7464796
7462442
7349999
7460168
7355472
7457338
7462557
7353684
7463700
7462349
7464622
7460547
7352658
7461087
7457885
7351682
7462867
7349223
7354806
7352988
7463631
7401510
7353745
7459425
7456532
7460251
7463589
7459175
7459836
7462231
7460216
7459999
7464630
7462127
7461748
7462645
7357421
7458425
7376247
7461450
7456401
7469164
7370680
7463527
7351428
7356332
7461699
7461043
7458301
7461158
7459063
7465734
7351212
7354086
7463343
7351008
7349985
7463790
7467955
7465739
7467185
7354288
7458960
7458047
7459374
7358137
7466425
7459791
7462279
7463221
7460691
7457023
7369344
7470255
7462458
7466089
7353697
7384128
7461310
7459506
7462507
7466493
7462081
7465766
7357455
7458428
7465336
7466633
7463918
7463247
7350682
7351490
7467938
7457386
7371367
7472509
7462450
7462734
7358879
7459835
7370300
7363209
7460689
7354837
7462201
7356798
7351317
7350836
7467608
7460754
7352237
7462949
7462559
7358482
7458218
7460756
7462640
7469330
7472539
7461544
7374437
7460978
7461411
7460906
7351394
7460851
7354327
7462981
7461777
7461598
7352088
7463071
7351871
7461674
7461729
7458221
7463587
7354129
7459669
7462798
7464275
7466977
7354467
7461987
7458699
7461357
7364947
7351478
7353421
7461316
7457993
7463107
7459729
7461507
