7457296
7459470
7460148
7353339
7351534
7350517
7461635
7467383
7462105
7457339
7457272
7461390
7461517
7461061
7369067
7462604
7468470
7463060
7468544
7352638
7461393
7374289
7461529
7462397
7461783
7461003
7459012
7460747
7463998
7464327
7463337
7459219
7461762
7466745
7459466
7463051
7353198
7354197
7460106
7460594
7350888
7458093
7458606
7360309
7352519
7460758
7463383
7460973
7459012
7458195
7459526
7464235
7462322
7462547
7457659
7462483
7459809
7461725
7460783
7357216
7464465
7354865
7353225
7362897
7458198
7459371
7464168
7464190
7462645
7352585
7457540
7357983
7460280
7361693
7349956
7461434
7468848
7351128
7353001
7462298
7459958
7459175
7460062
7462715
7463133
7346305
7383379
7466079
7457498
7461291
7461580
7462713
7466598
7457408
7459186
7458275
7463398
7460723
7457658
7461160
7358297
7349049
7467005
7346336
7461731
7356458
7462871
7461721
7399743
7355675
7457428
7462330
7356644
7466061
7461001
7462744
7359078
7468911
7469078
7352135
7458787
7350384
7461896
7353549
7460634
7462442
7461517
7463315
7461187
7358299
7460546
7346414
7358969
7457948
7350145
7460503
7461977
7462836
7353210
7460628
7458406
7459310
7350124
7465574
7456450
7464289
7458283
7462437
7460611
7463473
7457392
7468164
7352808
7462774
7457381
7466990
7456585
7469071
7463405
7459277
7364305
7351578
7355716
7461653
7461283
7458469
7459653
7457822
7351260
7459132
7461640
7464665
7461851
7349018
7459027
7359066
7459080
7352016
7466088
7349534
7462360
7459295
7461286
7462763
7457210
7466008
7357899
7351868
7469273
7464648
7354956
7464656
7462709
7352573
7466272
7463325
7457720
7348079
7360436
7461539
7461097
7358598
7460603
7469800
7458313
7462060
7465064
7458788
7467191
7349874
7353317
7461797
7458899
7463084
7458195
7460824
7460690
7457630
7461079
7463478
7468136
7461516
7372046
7460891
7460627
7461007
7347706
7357902
7461958
7348139
7460716
7363343
7457737
7347779
7461893
7465589
7464282
7349264
7466843
7458588
7460092
7466487
7459958
7355802
7462335
7345150
7456798
7461508
7458108
7461303
7461800
7458268
7465173
7457696
7354985
7465414
7461963
7353490
7351056
7462965
7463725
7355008
7353256
7461814
7459306
7359167
7350798
7462173
7351095
7458622
7457484
7461332
7459045
7459841
7366799
7459225
7460962
7458485
7464624
7456781
7399160
7462330
7462345
7350267
7462381
7465823
7462309
7458292
7355213
7368995
7461868
7460041
7399777
7463829
7469002
7353457
7461961
7466306
7461647
7368956
7354026
7459239
7464692
7469104
7357456
7352235
7348507
7458627
7356885
7457937
7463461
7354049
7460176
7460448
7458494
7463908
7357379
7352348
7460704
7459231
7460896
7350387
7459445
7460010
7462519
7461182
7460206
7461126
7463960
7353004
7460992
7462301
7459330
7458739
7461433
7351232
7467778
7358882
7464661
7457799
7460122
7463328
7463760
7353499
7462167
7459864
7460596
7461725
7354543
7458699
7353868
7463055
7461421
7351654
7469108
7460065
7468411
7459571
7459942
7346810
7350704
7350705
7358696
7351921
7462892
7352117
7354501
7461992
7461111
7355185
7462728
7460331
7350533
7458623
7349722
7364207
7465389
7460911
7466618
7462409
7467510
7350241
7352744
7463004
7459378
7460529
7467883
7463399
7468483
7458982
7461373
7461792
7460090
7462117
7353029
7458263
7458795
7463739
7459831
7457428
7463956
7465198
7354538
7459646
7461728
7464366
7465523
7458340
7459123
7458742
7458481
7456934
7467689
7458724
7351307
7462608
7460065
7353274
7458853
7461264
7462271
7469009
7461532
7460611
7402401
7458438
7463034
7458502
7351107
7462290
7462181
7459443
7463214
7362472
7366892
7402115
7350120
7362959
7355829
7462944
7463590
7396877
7458449
7461229
7460998
7462977
7362458
7462358
7352479
7365476
7354732
7461569
7459716
7460564
7457623
7470756
7461111
7467198
7347130
7465852
7351077
7461643
7458381
7458498
7357611
7457948
7461112
7351316
7348807
7462546
7465502
7460250
7461481
7460400
7461009
7458839
7468959
7459484
7463483
7457453
7355128
7357108
7461940
7458454
7353762
7460925
7468918
7461220
7466184
7360589
7462248
7351496
7459736
7464772
7462826
7459116
7351927
7355413
7461680
7350333
