7197205
7183408
7176762
7182903
7148130
7140332
7053742
7169380
7147453
7165911
7046213
7163506
7175356
7191080
7190780
7187791
7164820
7178194
7168144
7096692
7185463
7215712
7053854
7166332
7201885
7162619
7180519
7201175
7178821
7182560
7070578
7195791
7097931
7065116
7205190
7149322
7175107
7190383
7206492
7183823
7168141
7187818
7080369
7096743
7142075
7193736
7174538
7168883
7084213
7170269
7199397
7204556
7103178
7147294
7182963
7205447
7209876
7042853
7169250
7079949
7188809
7161301
7200511
7163865
7059131
7169132
7190721
7170851
7151296
7193537
7071636
7038039
7159279
7139096
7213163
7191292
7172437
7188671
7155648
7169025
7077929
7123780
7155874
7223842
7155951
7120104
7177741
7210270
7147424
7204779
7173603
7161590
7168293
7182283
7169769
7102751
7184089
7150980
7163478
7159654
7194637
7210693
7133506
7145666
7176884
7218226
7105029
7090401
7155686
7138069
7184581
7081290
7184151
7056443
7167028
7182394
7098983
7177773
7134922
7098969
7087440
7175640
7157193
7145759
7205463
7167189
7146678
7155779
7056385
7134670
7071238
7192013
7194856
7086980
7151187
7132742
7185765
7128140
7176809
7183572
7081639
7186257
7188759
7095044
7157278
7107949
7109957
7167422
7139739
7123078
7180268
7183627
7102385
7189411
7146399
7169797
7190185
7201743
7176076
7171063
7090196
7151577
7187125
7079893
7171807
7203880
7180061
7170610
7185813
7183761
7111658
7158595
7096742
7177074
7173812
7093674
7195599
7141082
7112819
7081533
7155249
7195532
7218555
7178354
7165475
7172395
7157981
7206533
7125751
7172329
7108208
7178445
7096795
7059405
7084004
7065401
7202870
7159889
7176624
7187206
7170777
7175423
7188616
7178011
7161810
7079083
7150772
7153039
7162837
7167688
7064626
7150634
7180385
7181210
7030448
7109438
7170659
7057873
7147359
7175518
7210426
7181472
7202368
7192427
7187828
7211813
7096522
7208636
7141777
7179794
7190030
7206575
7189219
7171552
7130109
7176593
7102435
7185885
7110387
7173233
7154954
7134099
7206034
7127244
7173836
7087253
7078978
7135991
7161646
7178407
7180461
7171557
7142543
7162777
7090364
7089770
7160840
7177371
7123188
7195671
7105566
7088562
7195140
7166819
7078397
7144723
7183481
7093480
7188064
7144032
7094595
7160630
7154732
7197117
7185437
7152692
7198826
7205130
7152013
7097459
7178917
7134324
7177945
7195897
7178541
7085375
7183454
7160514
7183746
7151683
7162838
7188966
7063631
7198097
7204472
7190944
7134540
7181039
7179987
7184996
7189597
7169486
7155821
7174613
7195119
7192291
7188815
7164153
7214359
7157397
7063806
7157390
7177136
7183272
7176134
7116725
7173446
7077333
7190207
7187744
7162219
7189460
7095083
7150330
7157385
7160027
7140659
7167578
7092043
7183197
7116241
7208254
7196042
7153175
7191804
7172449
7175131
7095090
7179420
7165096
7084020
7163907
7188239
7177430
7190017
7171285
7160579
7172741
7124745
7146856
7066727
7045317
7081194
7189554
7087433
7101344
7150150
7138671
7172244
7188648
7180307
7178803
7167863
7181317
7138570
7190913
7198693
7181486
7178352
7169168
7152956
7140876
7169502
7172698
7174791
7071362
7198932
7179421
7156343
7174800
7172916
7083840
7145665
7186543
7164553
7178837
7053648
7190014
7147931
7160963
7209246
7168744
7094850
7206535
7193042
7183807
7193200
7186189
7087352
7103543
7173579
7142005
7074752
7199874
7162826
7101068
7209170
7217934
7188443
7071026
7197206
7156175
7164084
7201596
7223957
7216561
7138093
7166270
7157316
7186227
7184138
7127630
7106351
7148731
7162244
7076177
7163497
7165644
7153506
7093178
7079351
7182733
7176556
7173412
7125186
7174093
7181803
7050724
7165382
7196624
7184564
7188328
7065590
7174260
7210454
7103726
7094582
7168488
7142784
7054504
7139662
7147880
7167492
7079175
7168287
7122585
7187000
7194785
7145165
7174293
7161595
7156221
7055296
7173991
7138882
7176360
7121112
7198129
7167395
7118034
7182295
7181464
7184928
7164578
7178526
7182771
7174019
7188855
7144474
7144972
7125227
7168431
7222463
7162610
7090453
7105096
7154709
7091146
7174554
7191022
7155200
7193651
7187038
7175304
7064832
7182041
7038574
7136515
7194263
7041987
