1518036	241469	1276567
1347464	228311	1119153
1424976	243708	1181268
1570504	250494	1320010
1538589	241970	1296619
1564852	237069	1327783
1503641	223850	1279791
1637411	245473	1391938
1386318	224374	1161944
1460888	238935	1221953
1493059	215257	1277802
1532994	228682	1304312
1596078	233073	1363005
1430711	240487	1190224
1464308	223598	1240710
1538094	241367	1296727
1390987	229983	1161004
1484084	222806	1261278
1464714	226570	1238144
1541106	238168	1302938
1484378	241976	1242402
1482079	251261	1230818
1470983	239308	1231675
1509573	227044	1282529
1544406	232609	1311797
1616699	243849	1372850
1548114	242714	1305400
1526074	255589	1270485
1407124	224258	1182866
1541066	235752	1305314
1332095	225396	1106699
1492536	240652	1251884
1433701	223640	1210061
1540699	237110	1303589
1379317	234634	1144683
1529739	247288	1282451
1374754	247685	1127069
1550170	235577	1314593
1385461	234377	1151084
1506312	231803	1274509
1339501	233879	1105622
1563510	242345	1321165
1599641	229602	1370039
1460924	236305	1224619
1463229	244264	1218965
1505255	226609	1278646
1423111	242342	1180769
1407274	246323	1160951
1509488	235251	1274237
1558534	235837	1322697
1402114	226062	1176052
1314595	247154	1067441
1546340	245505	1300835
1490048	252456	1237592
1406696	223639	1183057
1523512	242405	1281107
1552381	243541	1308840
1515994	245002	1270992
1490732	236879	1253853
1602229	245532	1356697
1445968	241346	1204622
1466260	235635	1230625
1541181	230017	1311164
1421717	233079	1188638
1533411	232162	1301249
1447162	235428	1211734
1553714	247702	1306012
1509687	231720	1277967
1368169	223986	1144183
1604938	251195	1353743
1517404	236743	1280661
1488009	215862	1272147
1564091	241661	1322430
1512506	240868	1271638
1396863	242305	1154558
1466496	237963	1228533
1467602	232063	1235539
1626970	223676	1403294
1477494	247078	1230416
1541026	234536	1306490
1576308	232341	1343967
1520808	239224	1281584
1507325	252808	1254517
1547709	239789	1307920
1550667	236468	1314199
1525685	247280	1278405
1408892	239504	1169388
1427306	241789	1185517
1519024	223615	1295409
1439837	234575	1205262
1467690	251949	1215741
1473771	245214	1228557
1460505	228315	1232190
1391058	234339	1156719
1474771	219805	1254966
1580175	241259	1338916
1459568	228390	1231178
1524150	221218	1302932
1550218	243069	1307149
1473273	234211	1239062
1473297	258651	1214646
1492290	238054	1254236
1422692	226921	1195771
1543469	234516	1308953
1513803	237380	1276423
1445602	232660	1212942
1487394	243008	1244386
1328897	231264	1097633
1524545	227286	1297259
1444595	237372	1207223
1398228	239133	1159095
1577191	258213	1318978
1401454	213791	1187663
1538283	226994	1311289
1500756	244803	1255953
1457236	242227	1215009
1388419	240155	1148264
1585584	253154	1332430
1568955	237278	1331677
1420413	243794	1176619
1386380	225351	1161029
1556462	257397	1299065
1508698	246626	1262072
1628274	223677	1404597
1352385	224106	1128279
1424932	241865	1183067
1502427	232686	1269741
1521592	223955	1297637
1459835	239879	1219956
1585989	244953	1341036
1510913	253046	1257867
1474026	252510	1221516
1427633	239625	1188008
1505656	238966	1266690
1453847	230674	1223173
1521994	221404	1300590
1461201	238080	1223121
1390836	238859	1151977
1517184	243170	1274014
1406641	233477	1173164
1439606	241726	1197880
1536627	229735	1306892
1568908	233513	1335395
1343964	216666	1127298
1456009	238875	1217134
1411777	241277	1170500
1538728	226421	1312307
1465095	229644	1235451
1568402	222084	1346318
1581611	221960	1359651
1530123	239014	1291109
1499567	232449	1267118
1588192	253293	1334899
1504021	242827	1261194
1549033	232065	1316968
1445406	227160	1218246
1417271	228397	1188874
1367124	239307	1127817
1520165	236303	1283862
1446685	221940	1224745
1603276	236519	1366757
1549830	238851	1310979
1466941	238587	1228354
1347519	242759	1104760
1478736	224626	1254110
1536530	229905	1306625
1493748	238568	1255180
1551079	225249	1325830
1494901	238294	1256607
1473476	236562	1236914
1438837	211795	1227042
1453636	236419	1217217
1315017	222143	1092874
1531042	237519	1293523
1496607	239919	1256688
1326205	226769	1099436
1456223	241916	1214307
1536149	233693	1302456
1572927	233320	1339607
1407721	246582	1161139
1396645	238222	1158423
1425271	238732	1186539
1380442	223932	1156510
1467791	240919	1226872
1507663	243804	1263859
1447176	240402	1206774
1348799	234236	1114563
1485053	224718	1260335
1476518	241381	1235137
1560864	239229	1321635
1561591	224832	1336759
1558136	242517	1315619
1540732	234040	1306692
1367502	229580	1137922
1330535	235802	1094733
1555469	239602	1315867
1522333	224785	1297548
1504316	220984	1283332
1502497	231014	1271483
1563519	249330	1314189
1423554	244411	1179143
1391457	235383	1156074
1420224	235106	1185118
1537153	241067	1296086
1579147	243723	1335424
1279629	231755	1047874
1440494	233693	1206801
1421913	235450	1186463
1437051	230327	1206724
1553857	237223	1316634
1522025	247832	1274193
1432886	248564	1184322
1458842	229251	1229591
1580304	235694	1344610
1449709	227726	1221983
1421715	236947	1184768
1561562	238414	1323148
1536483	245153	1291330
1487829	233741	1254088
1342717	220512	1122205
1377443	246878	1130565
1477264	247329	1229935
1551710	231516	1320194
1472001	212437	1259564
1458720	236965	1221755
1408694	232032	1176662
1359218	225177	1134041
1608241	225803	1382438
1426793	236239	1190554
1423697	246564	1177133
1340442	225585	1114857
1420272	217062	1203210
1359290	226464	1132826
1465277	239165	1226112
1473750	231778	1241972
1372283	248687	1123596
1468892	240418	1228474
1441038	227396	1213642
1454942	250621	1204321
1587450	251628	1335822
1375191	247611	1127580
1547515	237233	1310282
1544821	231744	1313077
1480755	226597	1254158
1508162	242495	1265667
1546319	243406	1302913
1314003	242309	1071694
1372775	221967	1150808
1531583	243842	1287741
1523771	241698	1282073
1542525	261465	1281060
1418941	243594	1175347
1466484	228326	1238158
1624671	229247	1395424
1459054	227370	1231684
1592449	244163	1348286
1451380	249411	1201969
1504495	221545	1282950
1336864	223461	1113403
1600710	236427	1364283
1507074	219882	1287192
1471104	222648	1248456
1447076	241227	1205849
1449107	237731	1211376
1430983	241005	1189978
1533504	262720	1270784
1592064	235879	1356185
1551463	241817	1309646
1397783	228683	1169100
1553071	238080	1314991
1435592	237581	1198011
1338852	237463	1101389
1473681	243489	1230192
1426725	244655	1182070
1441309	242682	1198627
1502725	238698	1264027
1492918	240151	1252767
1541325	251764	1289561
1582135	242245	1339890
1401542	219166	1182376
1532649	217868	1314781
1518449	237557	1280892
1531044	236525	1294519
1509359	257410	1251949
1442440	230311	1212129
1621683	263031	1358652
1390836	243992	1146844
1417263	234946	1182317
1497284	231053	1266231
1439915	247316	1192599
1556228	238410	1317818
1603703	238628	1365075
1443086	238258	1204828
1372426	240130	1132296
1458495	235320	1223175
1446872	233042	1213830
1513165	237531	1275634
1547470	237576	1309894
1397717	230226	1167491
1593958	255870	1338088
1476683	244158	1232525
1381895	238021	1143874
1520236	233185	1287051
1513373	236114	1277259
1510965	248306	1262659
1330672	235442	1095230
1542270	240455	1301815
1482315	221018	1261297
1470995	246232	1224763
1478051	248706	1229345
1560762	225541	1335221
1486644	232449	1254195
1404962	233303	1171659
1372938	231468	1141470
1326693	236905	1089788
1511166	221552	1289614
1426471	241480	1184991
1529965	250671	1279294
1378608	230194	1148414
1584514	236824	1347690
1548383	235685	1312698
1511298	229221	1282077
1348125	256326	1091799
1527876	231277	1296599
1523917	247909	1276008
1424468	229887	1194581
1471612	234908	1236704
1463178	242890	1220288
1500032	234666	1265366
1507240	235007	1272233
1492419	238135	1254284
1464186	230918	1233268
1514249	245041	1269208
1494459	250075	1244384
1435550	243760	1191790
1550013	245709	1304304
1537813	237299	1300514
1413190	233716	1179474
1548374	235729	1312645
1604837	225142	1379695
1313899	223602	1090297
1456989	243399	1213590
1483193	237371	1245822
1552439	234625	1317814
1439107	241250	1197857
1553178	232423	1320755
1568897	235544	1333353
1525810	246007	1279803
1333287	229336	1103951
1514821	244152	1270669
1434072	252897	1181175
1548837	234183	1314654
1312853	234294	1078559
1474970	242720	1232250
1553500	239672	1313828
1501085	239715	1261370
1432370	237108	1195262
1328074	236381	1091693
1461313	235465	1225848
1432474	245904	1186570
1560449	230675	1329774
1515233	236823	1278410
1435238	238242	1196996
1605601	224943	1380658
1584412	234041	1350371
1463248	237202	1226046
1542704	236343	1306361
1448559	238042	1210517
1559566	222659	1336907
1397771	242340	1155431
1512801	245930	1266871
1571003	226071	1344932
1465065	246308	1218757
1472749	236216	1236533
1427937	235335	1192602
1408641	229691	1178950
1377024	241476	1135548
1473319	223042	1250277
1475712	240426	1235286
1415433	239769	1175664
1387175	231171	1156004
1445772	233398	1212374
1558883	228887	1329996
1500899	242140	1258759
1484266	233459	1250807
1523815	261646	1262169
1543981	235498	1308483
1395860	227970	1167890
1445262	241381	1203881
1465535	236568	1228967
1441334	244902	1196432
1524719	222985	1301734
1445309	249484	1195825
1519472	241424	1278048
1376083	234350	1141733
1525202	245540	1279662
1493160	220142	1273018
1380387	221774	1158613
1363796	232362	1131434
1596500	223132	1373368
1457843	233163	1224680
1490242	230511	1259731
1579864	238276	1341588
1379257	258949	1120308
1470135	238014	1232121
1365039	233466	1131573
1402105	241659	1160446
1490281	236722	1253559
1367735	234953	1132782
1455581	248508	1207073
1351826	252760	1099066
1440244	239283	1200961
1415802	226638	1189164
1413933	236820	1177113
1390157	233556	1156601
1554306	236499	1317807
1443179	251076	1192103
1471272	224433	1246839
1483836	226792	1257044
1528244	231041	1297203
1534399	225573	1308826
1512136	237768	1274368
1544777	237538	1307239
1308059	224837	1083222
1453442	219818	1233624
1536495	240616	1295879
1352149	225873	1126276
1546132	230336	1315796
1343854	243381	1100473
1349597	245527	1104070
1506165	234443	1271722
1573685	249894	1323791
1463999	244969	1219030
1412287	233694	1178593
1512850	242005	1270845
1341081	238294	1102787
1594601	232401	1362200
1549555	250800	1298755
1471631	231409	1240222
1519212	230673	1288539
1362589	237725	1124864
1504291	245093	1259198
1532916	245020	1287896
1425811	228304	1197507
1375216	240994	1134222
1513625	250145	1263480
1532892	223714	1309178
1303739	219457	1084282
1406240	232127	1174113
1481782	241836	1239946
1529924	237342	1292582
1586488	231952	1354536
1435074	220077	1214997
1453842	248618	1205224
1550967	232954	1318013
1538904	230328	1308576
1480119	238016	1242103
1558494	236142	1322352
1568382	236228	1332154
1588699	224262	1364437
1421016	253193	1167823
1476882	232753	1244129
1456277	223765	1232512
1382627	229470	1153157
1349865	242517	1107348
1552065	251155	1300910
1375960	227571	1148389
1347629	226428	1121201
1360508	244938	1115570
1413415	225434	1187981
1397009	230880	1166129
1455074	218827	1236247
1459546	236188	1223358
1552867	231740	1321127
1534314	252646	1281668
1523823	247950	1275873
1506885	233713	1273172
1580435	228293	1352142
1421179	225495	1195684
1553819	242355	1311464
1585043	245376	1339667
1501709	233838	1267871
1555663	246226	1309437
1343628	224538	1119090
1446971	251395	1195576
1517006	221204	1295802
1536555	224566	1311989
1485983	253404	1232579
1489816	231705	1258111
1543103	245791	1297312
1478886	232213	1246673
1570287	238379	1331908
1613719	250195	1363524
1498477	233652	1264825
1555848	250424	1305424
1532456	223504	1308952
1568732	214999	1353733
1520686	241621	1279065
1437677	237792	1199885
1564346	247804	1316542
