5594408
5607432
5574158
5601947
5615457
5589884
5600583
5558821
5618168
5555816
5591760
5580068
5585555
5599937
5650157
5585384
5598542
5592374
5606290
5621774
5562842
5600136
5586400
5629101
5574376
5551388
5601989
5569106
5635772
5534460
5567293
5593555
5614722
5560152
5607556
5566585
5569123
5595132
5558373
5624638
5620124
5589157
5575258
5593130
5547393
5599757
5589046
5565707
5569014
5618022
5608687
5563531
5576225
5586098
5584026
5553611
5573705
5602918
5553949
5590072
5616421
5594556
5604463
5601125
5586308
5621647
5556385
5591586
5538105
5592205
5601330
5628775
5592923
5615947
5576459
5626169
5600538
5642033
5582409
5609103
5568658
5606218
5604592
5575635
5597722
5600598
5574178
5602722
5629707
5567320
5571885
5607138
5603087
5582906
5619476
5598193
5553296
5629551
5553166
5580280
5603351
5552951
5596677
5576205
5597678
5599032
5591558
5557577
5574553
5563332
5586085
5613007
5652901
5594822
5614210
5583339
5549623
5550656
5549276
5566519
5607519
5581776
5605152
5579478
5610514
5533697
5545861
5573992
5574525
5562625
5580959
5584708
5608323
5604435
5558965
5603944
5625064
5578120
5565335
5602469
5570570
5584860
5597185
5585154
5624985
5602400
5582966
5572900
5558795
5562790
5572707
5602807
5596093
5600154
5565151
5592336
5619276
5593569
5621694
5603259
5574086
5612959
5580872
5600625
5564338
5550085
5561379
5580709
5594029
5576615
5588359
5591409
5617598
5621990
5616403
5585906
5579639
5611920
5557645
5605361
5611702
5581460
5647168
5569989
5557982
5580364
5626084
5581335
5587038
5542883
5611546
5546064
5590507
5606049
5564814
5590392
5607717
5564980
5603716
5579471
5633343
5562322
5600146
5574436
5638475
5558637
5596070
5570889
5608481
5578624
5587988
5566043
5595942
5556135
5590694
5578825
5561979
5582713
5567559
5639260
5573601
5565198
5581929
5636140
5586121
5602161
5575183
5596977
5607268
5605901
5612413
5604640
5560454
5631255
5573595
5533614
5598789
5580340
5600896
5552367
5585046
5612090
5592596
5572600
5580501
5589236
5584670
5552501
5603351
5571505
5591907
5602750
5588189
5531607
5615251
5578829
5572315
5637031
5595803
5604473
5606556
5565879
5580723
5628097
5609534
5561517
5606864
5619316
5638791
5568180
5608332
5586004
5587988
5590148
5590537
5596769
5586412
5604531
5617040
5530568
5643267
5591165
5612020
5567513
5589046
5527323
5571583
5569948
5617195
5576030
5602032
5579811
5578555
5576823
5604503
5598157
5585722
5602928
5649939
5561512
5584485
5606430
5581557
5601261
5596549
5623810
5600319
5634954
5590465
5604366
5639314
5631070
5611093
5623301
5588440
5605621
5600805
5593291
5599348
5569302
5589353
5571697
5576903
5589435
5598172
5572962
5563955
5587066
5616713
5577971
5611459
5605025
5566981
5584535
5595756
5619820
5569281
5593438
5602677
5610774
5618377
5560249
5599652
5607810
5604079
5605334
5568661
5606054
5612634
5607162
5599528
5636638
5637352
5578794
5587688
5571447
5578827
5572857
5563671
5596830
5617428
5582532
5579422
5589915
5615739
5552255
5582650
5606918
5584631
5631401
5557819
5567424
5586864
5559466
5642583
5594496
5602867
5594822
5621997
5621890
5616221
5589141
5600027
5592223
5597083
5568494
5587798
5567208
5617357
5560289
5588826
5604364
5557407
5632285
5635432
5638933
5591394
5609470
5593309
5580222
5591565
5561454
5613811
5592667
5593554
5553662
5577865
5606545
5590658
5621996
5560389
5596610
5616890
5577485
5585684
5590504
5556547
5621361
5563605
5626038
5603127
5579702
5556633
5599093
5605780
5553168
5597526
5611897
5619879
5615517
5619836
5608430
5613491
5599168
5589849
5583318
5563832
5662441
5585928
5600794
5612041
5577188
5616314
5601547
5629476
5612561
5609797
5642670
5581418
5529988
5583328
5583997
5620543
5612251
5585587
5625156
5539557
5553846
5584527
5601686
5595948
5604947
5582430
5604576
5608303
5612153
5587333
5581357
5553647
5640313
5580689
5573732
5550967
5586871
5603432
5562429
5635143
5576218
5616811
5609832
5582712
5591607
5600975
5637123
5577771
5578274
5603249
5617630
5547304
5564667
5644559
5539308
5567101
5582254
5574458
5637911
5573551
5603328
5551710
5584867
