1401599	243052	1158547
1356764	230712	1126052
1496156	244762	1251394
1364726	240692	1124034
1438998	245159	1193839
1485860	236821	1249039
1306068	225301	1080767
1390795	239473	1151322
1401355	222171	1179184
1351585	240267	1111318
1336795	215032	1121763
1359824	228428	1131396
1380257	230875	1149382
1370588	243133	1127455
1254952	222539	1032413
1332391	240358	1092033
1289453	226781	1062672
1452410	226215	1226195
1452500	226933	1225567
1343878	238896	1104982
1334791	238599	1096192
1407961	251595	1156366
1353183	240475	1112708
1304684	225583	1079101
1384040	227872	1156168
1376430	243136	1133294
1359593	239326	1120267
1442749	249471	1193278
1277168	221774	1055394
1319474	234567	1084907
1305071	224608	1080463
1491642	243938	1247704
1255220	234236	1020984
1367989	232811	1135178
1308868	232917	1075951
1340095	245478	1094617
1370408	249755	1120653
1414242	234656	1179586
1411765	239991	1171774
1268202	229137	1039065
1318289	233037	1085252
1408194	243344	1164850
1354715	229111	1125604
1333437	235391	1098046
1366865	243581	1123284
1338365	224301	1114064
1407504	241851	1165653
1344535	242006	1102529
1365598	232687	1132911
1348086	233755	1114331
1290823	225900	1064923
1421762	247847	1173915
1459715	245957	1213758
1485675	257063	1228612
1253615	215969	1037646
1316635	245204	1071431
1372046	241939	1130107
1324206	245653	1078553
1253808	232803	1021005
1517498	249647	1267851
1262277	238254	1024023
1277421	235391	1042030
1263223	229287	1033936
1437710	232117	1205593
1314986	226227	1088759
1335344	234280	1101064
1312235	248343	1063892
1307699	229360	1078339
1468564	226607	1241957
1426239	249568	1176671
1398274	235758	1162516
1377542	220471	1157071
1438379	243217	1195162
1291930	239684	1052246
1338579	238983	1099596
1334147	237886	1096261
1508026	232545	1275481
1421370	215791	1205579
1265375	246599	1018776
1260681	221519	1039162
1373423	219780	1153643
1383691	241240	1142451
1453505	251228	1202277
1433622	239657	1193965
1343854	233548	1110306
1432779	244078	1188701
1418128	241729	1176399
1387602	245045	1142557
1336498	224652	1111846
1335757	235482	1100275
1436112	246349	1189763
1406417	246509	1159908
1312701	228184	1084517
1366523	236777	1129746
1337186	219103	1118083
1462928	247166	1215762
1364095	222628	1141467
1337855	225988	1111867
1382656	242942	1139714
1350429	237517	1112912
1373057	256104	1116953
1360295	237880	1122415
1411059	226234	1184825
1419548	237437	1182111
1494869	236785	1258084
1377832	230206	1147626
1367516	245362	1122154
1353820	231519	1122301
1305369	230879	1074490
1307136	231938	1075198
1342013	238034	1103979
1377299	262423	1114876
1261655	225512	1036143
1336892	227432	1109460
1369413	234155	1135258
1341868	238485	1103383
1356673	242022	1114651
1397190	253274	1143916
1502190	237616	1264574
1383921	242844	1141077
1374744	229340	1145404
1380716	258236	1122480
1373588	245591	1127997
1324568	221481	1103087
1506290	225758	1280532
1343534	243082	1100452
1334021	229912	1104109
1249879	222187	1027692
1349353	243563	1105790
1401865	244932	1156933
1332322	249714	1082608
1292758	248795	1043963
1308880	239484	1069396
1320950	239025	1081925
1451246	231719	1219527
1253982	221287	1032695
1424275	238355	1185920
1338662	241251	1097411
1306911	243098	1063813
1404481	234500	1169981
1312680	242094	1070586
1379892	229572	1150320
1312594	232819	1079775
1344771	217601	1127170
1286315	238382	1047933
1295415	238876	1056539
1429318	224628	1204690
1447423	232739	1214684
1305317	219333	1085984
1351426	220667	1130759
1366318	240875	1125443
1381708	223931	1157777
1292149	251272	1040877
1371330	240781	1130549
1378703	228807	1149896
1352807	230716	1122091
1323365	231535	1091830
1289115	240856	1048259
1293486	232866	1060620
1342989	223754	1119235
1442810	221092	1221718
1243649	234607	1009042
1351970	234297	1117673
1259081	246587	1012494
1334940	227786	1107154
1403493	228517	1174976
1283934	231682	1052252
1372391	226221	1146170
1361012	238994	1122018
1349316	236133	1113183
1299715	217420	1082295
1289785	238787	1050998
1380625	223679	1156946
1436796	234630	1202166
1353661	230877	1122784
1315327	225825	1089502
1314182	239498	1074684
1377288	225143	1152145
1456840	232616	1224224
1320429	242155	1078274
1329975	239420	1090555
1265622	237179	1028443
1419812	226189	1193623
1295015	239930	1055085
1317593	241941	1075652
1367253	240023	1127230
1368228	237977	1130251
1282822	227911	1054911
1282008	239610	1042398
1450409	246255	1204154
1366690	225852	1140838
1409144	242712	1166432
1326184	230883	1095301
1335130	235401	1099729
1285887	236956	1048931
1424078	237454	1186624
1360259	220737	1139522
1346308	223190	1123118
1394275	226383	1167892
1406539	248894	1157645
1393808	242256	1151552
1283747	241018	1042729
1375304	233619	1141685
1487432	242603	1244829
1433437	239139	1194298
1366668	232633	1134035
1256500	233145	1023355
1292908	235057	1057851
1383886	231374	1152512
1440583	236894	1203689
1345558	240925	1104633
1269518	248782	1020736
1352529	231325	1121204
1363786	232031	1131755
1378008	222905	1155103
1312307	233524	1078783
1350039	233676	1116363
1294667	231671	1062996
1382196	233863	1148333
1254671	217042	1037629
1290490	246251	1044239
1347895	244414	1103481
1364913	232672	1132241
1297169	218470	1078699
1431759	236802	1194957
1368637	233517	1135120
1312498	225664	1086834
1392088	222994	1169094
1356957	233744	1123213
1316565	246523	1070042
1244572	227842	1016730
1281450	216913	1064537
1330452	223627	1106825
1358166	239119	1119047
1354045	227088	1126957
1414650	246036	1168614
1366842	237916	1128926
1324841	225876	1098965
1481528	246129	1235399
1387721	252932	1134789
1332663	247369	1085294
1317028	236200	1080828
1425871	230340	1195531
1340188	234191	1105997
1322068	243849	1078219
1500534	241082	1259452
1281504	239890	1041614
1277763	222670	1055093
1291942	241493	1050449
1293779	227631	1066148
1517874	262196	1255678
1270406	239520	1030886
1372433	232596	1139837
1394257	228061	1166196
1376876	223324	1153552
1394019	237574	1156445
1349907	245305	1104602
1320749	219396	1101353
1342745	221800	1120945
1355202	232149	1123053
1403489	219578	1183911
1463866	232622	1231244
1241825	234558	1007267
1339770	226555	1113215
1297514	239738	1057776
1321411	261960	1059451
1437379	237167	1200212
1447750	238934	1208816
1288042	233851	1054191
1323678	237312	1086366
1399971	233255	1166716
1318224	243335	1074889
1418118	242493	1175625
1292663	244816	1047847
1347255	242473	1104782
1301865	238261	1063604
1291957	241009	1050948
1404386	249653	1154733
1373148	241785	1131363
1358736	209502	1149234
1373438	220253	1153185
1347822	241231	1106591
1322494	236813	1085681
1434498	254209	1180289
1327508	231657	1095851
1395464	255489	1139975
1305491	241309	1064182
1346639	234797	1111842
1382331	231509	1150822
1340185	243533	1096652
1267140	237093	1030047
1356596	233113	1123483
1342640	237722	1104918
1302590	244059	1058531
1429621	237826	1191795
1258683	231464	1027219
1386686	237118	1149568
1381303	237811	1143492
1383624	228920	1154704
1333302	253853	1079449
1376754	243172	1133582
1347772	237481	1110291
1331206	220043	1111163
1331073	232588	1098485
1405847	247837	1158010
1371644	233162	1138482
1386352	238041	1148311
1269948	222460	1047488
1386335	241832	1144503
1358960	248357	1110603
1338811	224034	1114777
1352643	232480	1120163
1317010	233523	1083487
1294914	228368	1066546
1464345	231564	1232781
1396872	218137	1178735
1433349	245153	1188196
1415922	251717	1164205
1306776	227659	1079117
1392416	236299	1156117
1399255	232999	1166256
1377178	223325	1153853
1478030	256564	1221466
1328590	226943	1101647
1342849	247132	1095717
1351074	229644	1121430
1348585	236701	1111884
1357029	242167	1114862
1295209	234976	1060233
1383052	230881	1152171
1337389	240819	1096570
1375153	228431	1146722
1306395	237467	1068928
1388132	249590	1138542
1441757	241638	1200119
1366614	244103	1122511
1385932	234796	1151136
1322971	231073	1091898
1350378	236046	1114332
1416525	227042	1189483
1294725	223936	1070789
1322220	239397	1082823
1375107	228406	1146701
1445111	236186	1208925
1377483	238143	1139340
1349939	228675	1121264
1464087	235828	1228259
1300193	235684	1064509
1294476	229937	1064539
1317712	229457	1088255
1358636	255118	1103518
1402046	229322	1172724
1346994	237210	1109784
1354910	242375	1112535
1437944	236175	1201769
1402134	242603	1159531
1443699	234855	1208844
1314573	237521	1077052
1262511	233135	1029376
1349289	242848	1106441
1457717	227617	1230100
1335322	235676	1099646
1397698	239807	1157891
1393302	225961	1167341
1440878	238356	1202522
1338533	237661	1100872
1382923	238675	1144248
1379790	249254	1130536
1393110	220782	1172328
1401749	243654	1158095
1287759	245066	1042693
1432639	224648	1207991
1273347	244692	1028655
1402368	238622	1163746
1402321	222750	1179571
1398219	229672	1168547
1365095	240851	1124244
1402266	223094	1179172
1414398	241495	1172903
1355159	237728	1117431
1228020	210219	1017801
1400530	231995	1168535
1450998	226887	1224111
1322521	239464	1083057
1372782	233445	1139337
1438691	260816	1177875
1451333	234725	1216608
1332398	231067	1101331
1267182	240421	1026761
1341368	235217	1106151
1365903	241145	1124758
1326962	221398	1105564
1399213	248818	1150395
1395118	240140	1154978
1317006	235892	1081114
1369261	244456	1124805
1416642	221043	1195599
1270655	217096	1053559
1325854	230141	1095713
1353650	222557	1131093
1274548	233611	1040937
1384039	229033	1155006
1376044	238835	1137209
1424137	263319	1160818
1473008	239479	1233529
1398001	234732	1163269
1477017	246409	1230608
1388626	234845	1153781
1424492	231899	1192593
1362478	245407	1117071
1379691	253393	1126298
1417580	239432	1178148
1418692	228134	1190558
1386738	237187	1149551
1312082	221849	1090233
1435093	238437	1196656
1363092	251986	1111106
1221779	222300	999479
1365256	225835	1139421
1316172	229415	1086757
1485134	228101	1257033
1461669	238292	1223377
1266829	237935	1028894
1385430	225280	1160150
1338124	223466	1114658
1261773	225826	1035947
1375805	225549	1150256
1487179	229917	1257262
1362994	241587	1121407
1434149	239276	1194873
1350449	232391	1118058
1359171	250778	1108393
1352912	249385	1103527
1370529	233889	1136640
1364323	243813	1120510
1301864	241089	1060775
1398656	228064	1170592
1315350	249926	1065424
1350628	226750	1123878
1376594	230661	1145933
1317885	235595	1082290
1297601	248613	1048988
1449595	242348	1207247
1285363	232061	1053302
1364513	241730	1122783
1361498	248325	1113173
1311290	222786	1088504
1247810	220349	1027461
1289908	231728	1058180
1371428	244926	1126502
1354705	236743	1117962
1427206	229754	1197452
1356265	216893	1139372
1354545	248855	1105690
1401375	220706	1180669
1416816	232864	1183952
1294310	233375	1060935
1364074	231975	1132099
1400849	238182	1162667
1407295	225547	1181748
1303596	253391	1050205
1328807	234530	1094277
1400407	225322	1175085
1386826	228417	1158409
1368994	236736	1132258
1322261	251449	1070812
1357752	226143	1131609
1354929	222596	1132333
1309847	242874	1066973
1281272	220492	1060780
1241171	228318	1012853
1404256	228757	1175499
1258195	237004	1021191
1441468	230178	1211290
1441059	253322	1187737
1399759	245343	1154416
1378150	235837	1142313
1377438	230428	1147010
1272848	221931	1050917
1379869	241203	1138666
1556158	244149	1312009
1340796	231567	1109229
1427305	248501	1178804
1271191	222052	1049139
1379574	249488	1130086
1417867	222584	1195283
1426096	223811	1202285
1262348	256106	1006242
1412770	231009	1181761
1384593	242746	1141847
1425120	236496	1188624
1428940	236226	1192714
1435193	247525	1187668
1350514	233079	1117435
1422809	248888	1173921
1301519	221087	1080432
1428860	212406	1216454
1278230	243161	1035069
1320889	236661	1084228
1429810	247597	1182213
