5564167
5609116
5601315
5602037
5588954
5592571
5570162
5535930
5591955
5552866
5590036
5581526
5590821
5565965
5651798
5555305
5597923
5570209
5604436
5594698
5564619
5600463
5587201
5627576
5574169
5550667
5574135
5570151
5664717
5530642
5590237
5621600
5615680
5578350
5607984
5594601
5569588
5593551
5558488
5624746
5621646
5584372
5576479
5566131
5547956
5606265
5589709
5566390
5567583
5617387
5601073
5589230
5603255
5570392
5581995
5583936
5575851
5579644
5556786
5591629
5617807
5590367
5630692
5573682
5585708
5623157
5555651
5591536
5567277
5594190
5620363
5629085
5623892
5588394
5577838
5600677
5627615
5641566
5582313
5610110
5570895
5631349
5604938
5596477
5624670
5601211
5574323
5585834
5626753
5596714
5573556
5581243
5603008
5556946
5594947
5596827
5554390
5606801
5581152
5579801
5629538
5525472
5599567
5603351
5598048
5600569
5595277
5584298
5580987
5563357
5586499
5592035
5625737
5621175
5642738
5582423
5550255
5577088
5553384
5538576
5607216
5582145
5604982
5586092
5612982
5533830
5545615
5577433
5594010
5560864
5581682
5571686
5608247
5599624
5559350
5623077
5625835
5577993
5589280
5601328
5590851
5585700
5596137
5611691
5624472
5602205
5584748
5598074
5558570
5574018
5599907
5602027
5572044
5575868
5588141
5557240
5621601
5592756
5598332
5630838
5580752
5612716
5610147
5627972
5591740
5572225
5563159
5581622
5599798
5599321
5588315
5613113
5616362
5622160
5590210
5618067
5610066
5580243
5556845
5576518
5613030
5608670
5618494
5572713
5529945
5604360
5619276
5608634
5560214
5565121
5593321
5576059
5589739
5630247
5567509
5614918
5603073
5561054
5606397
5553376
5611272
5587035
5596599
5574503
5638040
5581582
5567367
5595336
5609457
5605154
5616294
5595080
5596808
5557809
5587981
5580122
5561698
5561028
5535660
5609470
5545191
5565378
5583234
5636400
5587120
5602241
5603339
5595379
5607241
5604219
5610273
5622612
5559120
5612796
5574688
5548774
5622682
5583908
5602463
5580569
5586877
5590197
5592431
5573279
5575480
5562864
5585183
5563021
5605003
5570586
5590488
5577015
5612061
5531120
5614907
5570933
5573889
5636597
5596533
5630941
5580505
5592247
5558481
5628308
5608708
5586805
5607889
5621922
5639228
5569047
5591447
5612604
5562515
5614473
5615395
5596711
5586931
5579205
5615749
5552711
5643153
5593039
5585150
5567827
5590692
5527133
5571896
5543614
5616938
5577706
5603000
5580642
5607993
5577167
5604922
5571220
5585719
5600032
5624208
5559920
5583366
5606976
5577728
5600959
5614572
5625518
5572345
5635482
5588558
5605783
5608916
5631789
5609637
5623650
5560451
5606004
5626583
5572748
5599475
5570579
5563814
5581846
5576632
5613056
5599964
5575987
5566404
5586718
5592196
5576779
5612582
5604811
5563364
5585790
5568456
5648899
5568478
5584537
5578899
5609656
5589151
5567866
5569129
5607101
5573912
5582450
5601143
5600189
5585883
5606779
5601937
5636926
5617554
5601206
5588917
5571199
5578735
5599382
5590918
5594045
5619852
5557282
5589370
5588333
5585552
5578370
5554480
5616969
5607477
5629364
5560860
5590511
5591340
5537529
5616224
5597633
5578660
5566584
5623216
5621363
5620749
5590017
5571241
5592919
5596816
5570423
5607652
5567353
5619794
5578628
5554553
5604618
5585444
5633413
5640595
5637782
5619778
5594594
5619652
5551558
5592432
5561603
5616099
5564176
5592541
5554798
5604217
5583103
5562207
5594349
5535006
5563581
5617583
5601874
5558745
5566173
5582464
5623540
5581144
5627915
5603254
5575386
5555289
5599643
5605104
5574984
5596811
5613790
5620594
5631853
5620681
5608789
5613164
5629531
5588997
5607573
5595369
5630253
5585359
5603263
5610534
5548866
5613995
5595408
5632515
5610023
5609832
5643194
5549578
5559739
5581515
5605852
5621478
5587122
5586129
5625093
5540320
5553271
5583946
5585443
5597640
5628510
5608719
5587628
5607095
5589431
5587576
5584205
5553647
5640090
5581477
5569114
5547431
5607768
5579470
5572075
5608676
5573908
5584486
5586069
5556398
5613696
5604493
5636004
5549121
5578045
5603719
5616870
5572935
5569405
5618146
5565410
5566741
5575950
5573285
5638111
5576690
5608144
5553051
5608907
