1793352
1815832
1892238
1718309
1769416
1793610
1795051
1732437
1820224
1749019
1793127
1768092
1784647
1879040
1739857
1730398
1781865
1833920
1794355
1779070
1873106
1730929
1769300
1789620
1772017
1879902
1879562
1763036
1790652
1730990
1707181
1827219
1772621
1704110
1748158
1817526
1782714
1756401
1899341
1796614
1866309
1820420
1813270
1838040
1779640
1760527
1828448
1836955
1974372
1739741
1756978
1790001
1816188
1754588
1759335
1793240
1825547
1766548
1812203
1744380
1846656
1812570
1765896
1810382
1745033
1710093
1802073
1842626
1752004
1825304
1847618
1758388
1805850
1812001
1835736
1700294
1739973
1734319
1860074
1825424
1788201
1947968
1807786
1822763
1751135
1753283
1776398
1825494
1854714
1634466
1784992
1748262
1828454
1763477
1746804
1819711
1800961
1771865
1806140
1817916
1715703
1753452
1807473
1819702
1877971
1840908
1750607
1743073
1873074
1812461
1727819
1692264
1659531
1799783
1676182
1712927
1750451
1868012
1687031
1840739
1821296
1753965
1743699
1774538
1878537
1760118
1838973
1759676
1770010
1779663
1806306
1760527
1849568
1849766
1847143
1773697
1802716
1785650
1886034
1662736
1814925
1767854
1760303
1766684
1845652
1708754
1865977
1801593
1787742
1706737
1673496
1761967
1828225
1687137
1807729
1765166
1727147
1739331
1801425
1729336
1740498
1647994
1755602
1791613
1869515
1818069
1817242
1839692
1783601
1848363
1714990
1762930
1716099
1782236
1645386
1724334
1762574
1827844
1727760
1881724
1609740
1724368
1842959
1789940
1817256
1733371
1770715
1793538
1771757
1726170
1806042
1690610
1809705
1716433
1893087
1803273
1743367
1808135
1688584
1774254
1714996
1663491
1806581
1759319
1720341
1817711
1811070
1718035
1769712
1803766
1702318
1733718
1819043
1770201
1752390
1798113
1742747
1833332
1774578
1820633
1740828
1783847
1770086
1833487
1794615
1776652
1675855
1806056
1825381
1771284
1797729
1760477
1832441
1785401
1783688
1802757
1738405
1650762
1809544
1820267
1828689
1855166
1771605
1833645
1916953
1942133
1768817
1709511
1864254
1694493
1722097
1925504
1747566
1729014
1845045
1807150
1852309
1773447
1814627
1736078
1776429
1729962
1762518
1772887
1785755
1732361
1792434
1734300
1669275
1836525
1836301
1768973
1841842
1744980
1711675
1769225
1817151
1837926
1795285
1743253
1867058
1748808
1786588
1789407
1822984
1740482
1756479
1851612
1790487
1887133
1770328
1796316
1818028
1809987
1804319
1802317
1706691
1736817
1874220
1743327
1721784
1753785
1792151
1865017
1778035
1656109
1886314
1730939
1762937
1813228
1730582
1722395
1820205
1785712
1721729
1721451
1722233
1793935
1764349
1755435
1768479
1759553
1805212
1782799
1832511
1840828
1777186
1751045
1878684
1798375
1734435
1846848
1678694
1757271
1885812
1826364
1898103
1762165
1749938
1731038
1775025
1757463
1750523
1845382
1747517
1740657
1789305
1854242
1780311
1709200
1709575
1758250
1803460
1797659
1900263
1747800
1731372
1778419
1715387
1745656
1783614
1665167
1783146
1792310
1837872
1736153
1781127
1777253
1814693
1828803
1816056
1744370
1796076
1847961
1722161
1766801
1743485
1804755
1867441
1774984
1776367
1747647
1724873
1728240
1783942
1784596
1763653
1799705
1743183
1749759
1776871
1879718
1756392
1848512
1771946
1707943
1874159
1805874
1771450
1780836
1775723
1805059
1839036
1743038
1686575
1647993
1747654
1733268
1775361
1853215
1718211
1720609
1910809
1835807
1728282
1844958
1844575
1721264
1658150
1767049
1796017
1697592
1752021
1714476
1838704
1834680
1672825
1819825
1701816
1863524
1722605
1888466
1868169
1781206
1791744
1758072
1744399
1810194
1794060
1711310
1715100
1823155
1776597
1773065
1778753
1746262
1801413
1789273
1893879
1768982
1813306
1677722
1858332
1742224
1887921
1753900
1788306
1780995
1756067
1717913
1762415
1770761
1794863
1750259
1897537
1819967
1767232
1781703
1782611
1824993
1769548
1788220
1813717
1696680
1786579
1848156
1784871
1738549
1801790
1672563
1828600
1829450
1768509
1692898
1823742
1851188
1778336
1770265
1836001
1740167
1798807
1704057
1795800
1721839
1799472
1820193
1665659
1835752
1660637
1617996
