5562574
5579161
5574338
5602586
5616676
5565909
5570959
5562262
5619930
5554637
5589799
5578536
5610406
5565397
5651159
5586340
5596293
5570098
5626489
5596499
5565133
5599406
5587284
5628361
5575469
5583405
5569262
5568855
5664443
5534448
5588803
5594542
5589904
5578977
5607883
5594398
5594653
5595105
5556552
5624586
5600824
5585056
5575451
5565752
5549601
5621527
5567796
5564925
5569416
5618311
5604559
5573290
5603934
5586718
5581447
5553473
5575372
5601386
5555843
5589566
5618690
5590741
5629586
5601483
5586358
5600799
5538196
5590539
5542974
5570669
5621227
5602235
5622920
5616180
5555011
5627320
5627240
5615339
5582079
5592368
5569622
5633307
5604207
5596560
5598485
5575285
5597625
5604681
5649243
5594329
5598053
5606810
5602567
5556905
5589475
5598672
5554884
5609263
5583460
5579175
5628218
5532133
5570762
5575729
5598131
5625131
5593942
5561409
5573932
5591235
5587086
5613078
5624060
5594659
5614093
5588822
5577078
5577002
5576644
5566779
5608765
5607560
5605865
5584795
5637658
5533299
5545889
5575277
5595413
5584000
5581865
5576728
5609170
5600162
5544214
5601191
5602154
5548592
5561802
5626794
5593453
5586198
5597424
5589736
5624377
5574394
5554742
5598618
5558815
5563975
5599904
5578955
5570935
5583443
5587048
5594142
5593446
5594265
5598638
5605761
5575181
5615447
5582607
5598976
5561476
5572302
5561358
5581197
5623104
5602154
5588216
5614658
5619050
5623197
5617753
5591773
5582670
5581310
5556700
5603193
5641507
5609922
5647478
5570313
5528623
5579607
5620170
5582075
5586895
5566948
5612318
5546040
5571350
5607435
5568859
5614502
5604792
5588705
5605730
5550266
5608152
5561212
5578224
5573177
5614955
5581540
5569792
5570327
5636801
5605947
5616732
5592477
5565207
5556021
5587058
5604065
5561892
5582890
5570069
5609861
5546406
5566673
5608630
5636918
5587287
5573676
5603135
5569168
5606243
5605569
5611033
5603222
5560540
5632979
5572601
5524341
5594528
5581118
5602688
5580883
5612073
5611124
5592141
5575529
5574428
5564326
5585634
5586307
5574205
5602165
5565794
5604537
5589678
5534688
5591103
5599807
5573312
5638936
5570145
5628526
5606591
5591111
5551866
5628958
5609794
5586920
5606008
5620446
5614150
5568257
5610314
5612183
5562651
5594014
5615695
5625055
5557278
5605978
5590509
5554131
5643783
5592484
5582418
5545001
5591786
5536388
5602906
5545283
5616378
5576650
5602448
5577967
5578364
5576641
5605156
5597460
5589427
5629799
5650243
5588160
5610920
5583933
5610008
5600115
5593328
5624552
5570898
5635883
5569406
5575759
5638666
5606204
5610928
5623685
5562060
5606574
5603440
5573060
5623000
5569382
5562929
5604291
5577002
5589945
5599324
5574623
5534799
5558072
5592823
5577710
5613257
5630182
5564293
5554256
5567328
5650117
5572001
5585753
5603939
5583120
5617222
5588564
5600218
5580969
5604419
5606930
5571990
5626065
5612833
5607411
5600415
5637721
5639869
5603573
5617176
5572300
5578584
5578182
5565560
5593759
5589049
5557825
5604363
5613041
5616185
5579171
5556877
5606789
5585400
5601191
5582168
5569914
5558587
5560809
5644527
5597726
5604381
5569630
5598011
5593340
5595823
5592239
5576112
5619217
5597760
5572918
5585440
5597526
5618140
5580165
5557481
5603788
5557925
5630886
5615347
5638786
5592754
5610110
5621430
5580862
5622941
5559457
5587453
5566651
5592803
5587998
5603522
5577347
5567072
5624977
5561223
5595747
5616731
5602958
5558466
5591800
5584395
5599043
5553651
5627080
5603518
5600974
5556225
5598766
5583606
5576786
5574809
5641168
5593509
5615427
5620314
5608716
5615646
5599792
5588325
5589989
5594485
5660461
5586797
5621216
5589279
5548380
5585197
5623174
5630174
5612981
5608868
5616289
5554951
5559533
5581021
5608310
5622211
5585798
5586116
5591894
5567836
5583382
5605089
5576509
5579279
5628430
5584667
5604369
5606951
5589192
5615568
5581735
5579260
5619969
5610619
5597307
5550165
5607013
5578886
5563067
5634667
5546429
5616434
5593724
5557661
5615598
5573777
5637538
5577905
5603452
5604574
5617978
5548659
5591622
5645601
5539831
5598143
5603861
5601022
5613794
5576277
5600963
5579150
5608865
