7460947
7462675
7353048
7463950
7460214
7462695
7458681
7461513
7462733
7460108
7350792
7462098
7353336
7353949
7464759
7352124
7349975
7465754
7349732
7461025
7462647
7357161
7464006
7471885
7459638
7459820
7463397
7390967
7462423
7462578
7463697
7350150
7461285
7346387
7457858
7352711
7463820
7468831
7460959
7457246
7357673
7350202
7459389
7351153
7457589
7458064
7362969
7461664
7458190
7351551
7353797
7467265
7458870
7468881
7466675
7384076
7461399
7462105
7462650
7461910
7353124
7462778
7462568
7353313
7359396
7355489
7349817
7461931
7347909
7461580
7460832
7462949
7458077
7347448
7348645
7462210
7460972
7361925
7461436
7461878
7354237
7458820
7352972
7354004
7351188
7464316
7460023
7457744
7457439
7459113
7352957
7352706
7462460
7363208
7368908
7462440
7460755
7460415
7463761
7350365
7461469
7353377
7467727
7463639
7459386
7460820
7459684
7360872
7361149
7458326
7458940
7462503
7457486
7361176
7460818
7348300
7352624
7457803
7350484
7361784
7463711
7461020
7351259
7352505
7459784
7461649
7372577
7465065
7460827
7461244
7352512
7458736
7357790
7461561
7466593
7456583
7390146
7458448
7458317
7462053
7457649
7386351
7459042
7465065
7460781
7461436
7351727
7460272
7462750
7463825
7460510
7362090
7459157
7462088
7463706
7464839
7461957
7461118
7353161
7468544
7350555
7352087
7358564
7361098
7457927
7463369
7357366
7366743
7354749
7457831
7462002
7463519
7461589
7460392
7462582
7351184
7354352
7378413
7365007
7458026
7360023
7459404
7461880
7352004
7348308
7354885
7460890
7460686
7463252
7364049
7457377
7456321
7461753
7466080
7462418
7460809
7360988
7459152
7461788
7354506
7456916
7461727
7459060
7461719
7469161
7466497
7364877
7470243
7461791
7462900
7461692
7460875
7352831
7351694
7353312
7460326
7464993
7460649
7456530
7466830
7362527
7460262
7463996
7458168
7463131
7466042
7462282
7464541
7459626
7360825
7351821
7370288
7457332
7351992
7351366
7460741
7460991
7462179
7351841
7463444
7347088
7459949
7352650
7459229
7458672
7353915
7458801
7356786
7347997
7461287
7459471
7347765
7459991
7461757
7362621
7459750
7352672
7361549
7351468
7461511
7355734
7462966
7466713
7461384
7459530
7461594
7363923
7349259
7457880
7460732
7461196
7464226
7459479
7462128
7347967
7374744
7353539
7359298
7462503
7457116
7457578
7353141
7461759
7458161
7457493
7460983
7464823
7458402
7458642
7459818
7456360
7461272
7459017
7464210
7466520
7352900
7350935
7463347
7465140
7349857
7353495
7355618
7463351
7417370
7352691
7459451
7467144
7346003
7460706
7352115
7461031
7394170
7461378
7350719
7353657
7461774
7457422
7467076
7459672
7467087
7461647
7349329
7468799
7462509
7350820
7356506
7460230
7465362
7352772
7460211
7458222
7463465
7461870
7460983
7350495
7349683
7347706
7463346
7458132
7460589
7458806
7364780
7351111
7351769
7462961
7362155
7350488
7350270
7464335
7457338
7350507
7352642
7465265
7462784
7346880
7464244
7351810
7460130
7463230
7458364
7462500
7352651
7357475
7456897
7468285
7457460
7458619
7350043
7458326
7350475
7468257
7351953
7352887
7458242
7462274
7459480
7396617
7458642
7462634
7461920
7460885
7461346
7459659
7349409
7347636
7353198
7458456
7365694
7462655
7465830
7463762
7466960
7353030
7460540
7461829
7464507
7390219
7356259
7464206
7458377
7350861
7458424
7462168
7461953
7466288
7351175
7466191
7459660
7459718
7464877
7458157
7349456
7351693
7461861
7461323
7465796
7360151
7348615
7461381
7458744
7351777
7352404
7462291
7349876
7462940
7459321
7465997
7466902
7464134
7472241
7461253
7462385
7463567
7461373
7460338
7458892
7351209
7461495
7462172
7464349
7456265
7348152
7458971
7462320
7459808
7355855
7462956
7352952
7457671
7459015
7461489
7356402
7458706
7465667
7357684
7347690
7461033
7459830
7348632
7354065
7462307
7356230
7458605
7350230
69205
7456372
7355379
7465393
7462010
7456940
7362363
7431302
7353706
7363386
7351226
7354078
7462976
7462478
7462968
7354940
7459983
7464998
7458099
7464443
7460084
7457807
7460420
7354115
7461232
7459954
7456973
7460253
7359110
7457923
7468495
7350556
7355037
7463081
7458966
7466556
