6928488
7108895
7009796
7021851
6768866
6639111
7136228
7156087
7318696
7210222
6673066
7048805
7107806
7112531
7307001
6979940
7020803
7077624
6524763
7189766
7008843
7166356
7024800
6866584
6248294
6593996
7097925
7221679
6602386
7066378
7179074
7181055
7147158
7154908
7146781
7025796
6948769
6569081
7149747
6609430
7032322
7147372
6681909
7065345
7151094
6631392
6444975
7040558
7215389
7050598
7170722
6869244
7156883
6921566
7079450
7136784
7184852
7145136
6670250
6215367
7024584
6681674
7124692
7143992
7107937
7131690
6632988
7072119
7098494
7171511
6910468
7162799
6410799
7145510
7200989
7241650
7027068
7021598
6610590
6960128
6880368
7196633
7192775
7154372
6766936
6373137
7167392
7093225
6921552
7055185
7183495
6855841
6982182
7283903
6935932
6421269
7180335
7307956
7189983
6974427
7094550
7199287
6683378
7051193
7184995
7181806
7063053
7072909
6730169
7133411
7173099
6861205
7179858
6760696
6856774
7315505
7178726
6975975
6217253
6973484
7098308
7176085
6973519
7177663
6745881
7120835
7071130
7240572
7126996
6367707
7023847
6922070
6922153
7098898
6988824
6926741
6986022
7088974
7177141
7186459
7078745
6417998
7254622
7149989
7175447
7166996
6961239
7135982
7123649
7194983
7279697
6994896
6993075
7121181
7152074
6653119
6963518
7174582
6333365
7136743
7007548
7160158
6208757
7059008
6906628
6970762
6968358
6949872
7165648
7126992
6683582
7155242
6995622
7153747
7146992
6579887
7216919
7152709
6973683
7045560
7059136
7250966
7239145
7141563
6994690
7020616
7150412
7041630
7144168
7232800
6140888
7124381
6970631
7159916
7159944
7094920
7014236
7205107
6928712
7002926
7199085
7053492
7136687
6649093
7131294
7209310
6700086
6931938
7276734
7204557
7198683
7151691
7116194
7144549
7012347
7126288
7181324
7328781
6901134
7109349
7153492
6598082
7196079
7196063
7001085
7125798
7107387
7007179
7034322
7086071
7301262
7121397
7173680
7169988
7147418
6854395
7289156
7072551
6148045
7315389
6430761
6627239
7295862
7119669
6963462
7199556
7134933
7171603
7153122
7186317
6805898
6759994
7348733
7154395
7023281
7237805
6863336
7080087
7129452
7223774
7020399
7121396
6674402
6947960
7124559
7167791
6970451
6438701
7129834
7015924
6999683
7198722
6895524
7161279
6399620
6883227
7174566
7043776
7150242
7075533
7229663
7102836
6993117
7100597
6638801
7050590
7041418
6927901
6317587
6778953
7069383
6664689
7090575
6932551
7217251
7255783
7205590
7221678
7075942
7221013
7150583
6588496
7155279
7172441
7180676
7147310
7216255
7223257
7161956
7174562
7076800
7150129
7055425
7181004
7024296
7224624
7180151
7163516
7175795
7173722
7170855
7160674
6831767
7028322
7068722
7139813
7156341
6918916
6443733
7084926
7083603
7146916
7099852
7107031
6884566
7174085
7081668
7173104
7163203
7138058
7120085
7167567
7049216
6228420
7145954
7063916
7178916
7058776
7197587
7077807
7169174
7040893
6540355
6914929
6956169
7108147
7159190
7168568
7184317
6462106
7063528
6822625
7112268
7076706
6251546
7232518
7129348
6656795
7200719
6673473
7206760
6748082
7018847
7130033
7199790
7130040
7217908
7190587
6908112
7141542
7127237
6292487
7096023
6593926
6315429
7105518
6982848
7157023
7174299
6352583
7137169
6853444
7024041
7002876
7177539
7193399
7053400
7196450
7045427
7080240
7185559
7198337
6589532
7149614
6690946
6985100
6635271
6958359
6956373
7095133
6179265
6866770
7153683
7140446
7170725
7132941
7056519
7125104
7169646
7117089
7146507
7108493
7117483
7136143
7111942
7048853
6927136
6237388
7089387
6912702
6924507
7166682
7092022
6359202
7118194
6806868
7086650
6993840
7146629
7132200
7114580
7207339
7137484
7106906
7167501
7108096
6599894
7178289
7248133
6819996
7116949
7138012
7098993
6991955
6934339
6646298
6252839
7178137
7137584
6788722
7212143
7223595
7042886
6414432
7171879
7135738
7214562
7077584
7111923
6923806
7096761
7164442
7179367
6860002
7201625
6908983
6797490
7194955
6947975
6563315
7221689
7023918
7127188
7158295
7199841
6935120
7193898
6691609
6650312
7225167
7067593
6680737
6980715
7101147
7294214
7095302
6697414
6999084
6952854
6917474
