7471010
7460195
7462702
7458852
7350826
7370404
7350702
7466787
7460851
7458494
7354346
7355170
7461355
7458388
7347921
7461932
7459136
7460129
7460268
7458332
7461729
7361149
7458478
7353628
7466554
7470187
7463012
7464817
7458475
7357878
7459797
7458371
7462460
7463837
7359078
7456964
7458796
7460369
7352056
7382090
7350344
7462798
7461425
7466321
7461648
7352462
7461276
7464654
7463964
7460501
7463114
7463192
7465116
7463471
7353657
7460096
7350635
7352939
7353459
7353143
7466143
7360589
7460157
7350300
7459173
7463004
7462556
7462538
7462243
7461396
7462048
7464818
7462490
7465529
7460004
7353086
7462065
7390944
7458658
7457131
7353299
7455526
7458774
7361061
7463421
7458560
7360067
7351099
7352855
7462312
7465786
7348233
7461444
7350912
7461601
7462196
7460981
7367073
7353575
7464894
7462963
7459221
7459725
7461560
7390586
7460395
7351985
7456924
7460601
7458898
7463727
7460959
7345195
7463529
7464244
7461069
7371884
7345588
7463451
7355892
7466378
7380196
7462624
7361790
7462733
7460736
7465974
7367026
7461799
7352845
7457802
7357085
7461269
7346766
7356560
7462020
7462889
7470464
7350553
7462730
7354354
7466092
7355459
7358616
7368393
7460277
7459386
7460220
7353881
7462503
7351835
7352989
7352602
7463932
7458904
7459710
7462276
7457396
7468066
7456803
7463809
7462829
7461883
7458110
7460134
7460673
7464932
7457513
7464580
7351090
7353221
7465065
7459903
7464526
7460613
7460862
7461151
7460462
7352898
7354314
7465498
7457152
7348868
7459108
7461487
7457301
7463570
7350055
7459738
7470891
7348620
7458995
7355360
7354203
7361518
7466226
7461790
7456681
7466071
7363234
7458280
7353155
7460089
7370815
7463710
7352978
7461950
7354888
7363029
7465522
7367275
7466455
7461435
7350944
7458426
7460687
7351109
7352100
7459633
7350663
7459370
7348774
7353457
7373386
7370278
7461088
7352590
7458540
7459358
7460059
7457517
7459507
7462321
7460926
7460091
7458356
7463566
7465280
7465300
7457476
7354413
7463444
7353705
7350803
7466463
7364411
7344615
7459518
7351537
7457653
7350737
7463443
7459107
7459663
7459810
7460607
7354724
7460968
7456621
7351289
7462078
7458571
7353428
7389392
7462153
7348516
7458859
7347697
7460946
7461150
7463663
7462091
7347552
7462247
7460712
7458533
7459049
7458498
7344469
7349113
7460648
7461209
7458795
7457957
7462178
7353148
7463689
7461163
7355676
7463785
7356963
7464688
7463450
7458865
7352260
7460629
7460721
7359000
7454594
7461894
7456871
7463122
7464641
7350076
7462286
7457666
7351972
7351814
7462070
7354355
7464231
7460962
7370728
7351739
7351533
7459397
7458373
7468239
7350478
7352767
7461154
7353184
7459492
7366409
7352875
7461559
7456463
7458265
7457143
7460946
7351563
7461103
7461946
7460468
7457639
7354623
7465197
7354937
7466390
7352789
7354062
7461424
7462731
7353963
7464401
7460733
7462812
7462728
7461219
7458949
7458620
7461963
7460801
7362919
7461192
7463764
7457474
7365209
7461833
7465189
7458342
7464263
7458986
7458302
7459153
7366807
7366283
7356263
7463205
7456689
7458969
7461756
7462369
7461403
7456655
7463324
7356637
7390296
7460021
7463693
7359408
7458917
7460535
7463082
7459092
7464451
7468275
7461024
7464088
7351783
7358019
7460085
7463118
7459256
7461676
7357548
7349138
7459982
7365395
7457799
7386011
7350527
7459532
7459793
7351229
7457810
7457298
7459186
7345594
7463571
7471738
7466413
7463164
7459773
7369953
7458108
7461225
7457882
7461132
7460236
7355436
7347564
7460838
7352758
7462150
7460525
7363974
7354880
7465514
7456966
7458149
7351056
7457595
7464288
7466915
7459966
7463213
7460537
7388156
7459518
7458337
7462591
7467646
7391059
7345568
7349729
7462064
7462379
7458993
7462170
7350333
7456592
7471270
7392832
7349532
7348049
7469459
7461567
7457190
7459676
7468204
7346926
7466016
7459890
7350557
7360860
7465729
7457526
7461177
7458501
7460445
7350235
7461957
7458688
7460116
7459040
7457434
7351871
7461789
7461011
7459129
7462648
7459909
7459033
7460658
7463351
7354899
7458775
7458453
7350406
7351697
7347873
7363598
7468698
7461452
7461259
7460641
7461739
7459286
7352176
