1714713	163	1714550
1670095	302	1669793
1681749	456	1681293
1665234	178	1665056
1729516	375	1729141
1712073	228	1711845
1612531	86	1612445
1680345	180	1680165
1705003	387	1704616
1633169	102	1633067
1651852	1180	1650672
1632100	180	1631920
1669109	163	1668946
1663520	181	1663339
1702667	250	1702417
1703919	314	1703605
1535883	36	1535847
1618255	160	1618095
1627853	197	1627656
1610215	397	1609818
1682009	468	1681541
1640233	227	1640006
1573262	170	1573092
1691348	473	1690875
1774703	375	1774328
1728274	768	1727506
1611415	160	1611255
1705607	287	1705320
1561584	62	1561522
1647352	397	1646955
1777405	177	1777228
1684773	69	1684704
1748457	287	1748170
1772512	178	1772334
1662899	129	1662770
1789873	2284	1787589
1738179	527	1737652
1635184	115	1635069
1652165	156	1652009
1700766	154	1700612
1726161	911	1725250
1610110	75	1610035
1614793	160	1614633
1709629	661	1708968
1694458	296	1694162
1689310	455	1688855
1773838	734	1773104
1726578	108	1726470
1636043	105	1635938
1677573	180	1677393
1714685	426	1714259
1572039	93	1571946
1589751	13	1589738
1766605	68	1766537
1704280	296	1703984
1734804	953	1733851
1683383	239	1683144
1663355	239	1663116
1713235	644	1712591
1756050	768	1755282
1556255	23	1556232
1690362	604	1689758
1701986	718	1701268
1743224	392	1742832
1667192	135	1667057
1634701	119	1634582
1682108	34	1682074
1706478	27	1706451
1729346	792	1728554
1766587	409	1766178
1712468	497	1711971
1677661	126	1677535
1657418	169	1657249
1742217	177	1742040
1684914	238	1684676
1666875	302	1666573
1629835	392	1629443
1669688	181	1669507
1619193	455	1618738
1808095	34	1808061
1645355	439	1644916
1666313	297	1666016
1627322	67	1627255
1679668	19	1679649
1635774	190	1635584
1727318	152	1727166
1578722	199	1578523
1643395	181	1643214
1681479	154	1681325
1733858	352	1733506
1661431	135	1661296
1725513	678	1724835
1625588	658	1624930
1644050	171	1643879
1591804	184	1591620
1684788	434	1684354
1794578	256	1794322
1694620	409	1694211
1741452	199	1741253
1777119	34	1777085
1612514	241	1612273
1715059	614	1714445
1765766	3379	1762387
1688236	718	1687518
1667199	256	1666943
1654478	241	1654237
1654373	413	1653960
1650244	476	1649768
1716131	768	1715363
1747445	924	1746521
1625859	76	1625783
1727509	516	1726993
1681356	250	1681106
1654080	439	1653641
1664552	98	1664454
1675504	409	1675095
1667688	115	1667573
1810852	1063	1809789
1771919	947	1770972
1649923	234	1649689
1611241	23	1611218
1833282	2284	1830998
1701480	825	1700655
1584855	244	1584611
1547218	128	1547090
1711749	229	1711520
1708610	924	1707686
1733916	473	1733443
1734081	658	1733423
1694669	68	1694601
1693113	253	1692860
1750897	139	1750758
1660745	34	1660711
1708252	167	1708085
1680494	135	1680359
1726096	718	1725378
1652058	287	1651771
1682410	302	1682108
1659642	300	1659342
1564596	76	1564520
1716964	528	1716436
1637794	152	1637642
1689901	218	1689683
1642784	610	1642174
1624122	384	1623738
1723836	944	1722892
1652669	375	1652294
1573583	18	1573565
1790337	1298	1789039
1657280	153	1657127
1738805	168	1738637
1759419	378	1759041
1689518	63	1689455
1609802	184	1609618
1679473	212	1679261
1689591	156	1689435
1654330	166	1654164
1740837	139	1740698
1686655	191	1686464
1627277	289	1626988
1770858	283	1770575
1749761	314	1749447
1726545	283	1726262
1701453	234	1701219
1621661	125	1621536
1688454	105	1688349
1718921	332	1718589
1681620	624	1680996
1701450	181	1701269
1763461	871	1762590
1631363	188	1631175
1654737	178	1654559
1626464	574	1625890
1663567	375	1663192
1669846	1180	1668666
1712489	714	1711775
1761710	253	1761457
1716627	624	1716003
1665439	184	1665255
1691179	63	1691116
1565607	102	1565505
1722791	944	1721847
1686752	234	1686518
1696151	314	1695837
1676981	439	1676542
1768571	156	1768415
1629407	779	1628628
1636754	164	1636590
1643200	297	1642903
1674915	187	1674728
1637359	121	1637238
1769151	182	1768969
1618404	164	1618240
1619814	171	1619643
1596366	911	1595455
1644687	610	1644077
1672152	296	1671856
1714060	34	1714026
1681759	594	1681165
1688786	239	1688547
1610118	107	1610011
1621593	107	1621486
1598316	119	1598197
1608950	199	1608751
1696070	170	1695900
1737302	143	1737159
1784195	2944	1781251
1775492	339	1775153
1687880	184	1687696
1707645	199	1707446
1683540	62	1683478
1764797	1259	1763538
1713746	139	1713607
1706457	68	1706389
1705974	248	1705726
1745094	181	1744913
1640963	438	1640525
1653754	1063	1652691
1727222	107	1727115
1606430	118	1606312
1748373	944	1747429
1825490	540	1824950
1702811	121	1702690
1626677	300	1626377
1706475	217	1706258
1733470	352	1733118
1726105	166	1725939
1685025	418	1684607
1729273	171	1729102
1812092	439	1811653
1618080	23	1618057
1777557	1298	1776259
1729721	716	1729005
1663111	265	1662846
1815704	747	1814957
1735416	76	1735340
1631889	119	1631770
1686329	527	1685802
1686932	103	1686829
1681118	161	1680957
1697590	524	1697066
1672259	342	1671917
1756877	455	1756422
1747906	181	1747725
1741845	265	1741580
1747532	102	1747430
1683638	714	1682924
1720565	135	1720430
1712485	815	1711670
1758943	473	1758470
1729913	179	1729734
1699240	147	1699093
1749231	1214	1748017
1716938	163	1716775
1736103	122	1735981
1669962	187	1669775
1581683	75	1581608
1678285	87	1678198
1683260	375	1682885
1575401	140	1575261
1737054	284	1736770
1670878	287	1670591
1635127	86	1635041
1607518	98	1607420
1667970	426	1667544
1736606	687	1735919
1678902	283	1678619
1697304	287	1697017
1751945	508	1751437
1752285	687	1751598
1708598	734	1707864
1671278	36	1671242
1648591	135	1648456
1680442	426	1680016
1561586	119	1561467
1727964	966	1726998
1673276	426	1672850
1634772	604	1634168
1645339	152	1645187
1777502	122	1777380
1618040	102	1617938
1677425	232	1677193
1723847	244	1723603
1592402	181	1592221
1694681	468	1694213
1749766	473	1749293
1755023	735	1754288
1682007	289	1681718
1657063	170	1656893
1625776	687	1625089
1677152	1063	1676089
1696602	163	1696439
1701151	434	1700717
1570613	119	1570494
1654260	299	1653961
1609174	171	1609003
1720027	253	1719774
1595512	121	1595391
1704551	223	1704328
1755377	516	1754861
1739699	604	1739095
1636842	238	1636604
1612376	95	1612281
1636201	434	1635767
1615081	228	1614853
1597344	76	1597268
1664845	102	1664743
1704007	528	1703479
1662611	276	1662335
1671874	122	1671752
1654415	610	1653805
1613693	80	1613613
1672185	658	1671527
1661174	107	1661067
1727526	574	1726952
1647393	283	1647110
1551678	190	1551488
1633060	62	1632998
1738037	1214	1736823
1688575	604	1687971
1678599	168	1678431
1660636	328	1660308
1754120	241	1753879
1656656	34	1656622
1711341	384	1710957
1764796	63	1764733
1689632	455	1689177
1786181	944	1785237
1634931	204	1634727
1706333	181	1706152
1683625	738	1682887
1684307	716	1683591
1682968	99	1682869
1645981	119	1645862
1739776	911	1738865
1642011	187	1641824
1655860	545	1655315
1764695	735	1763960
1745589	426	1745163
1684545	528	1684017
1726428	233	1726195
1754214	190	1754024
1709635	458	1709177
1575262	180	1575082
1749793	212	1749581
1557484	75	1557409
1669755	19	1669736
1704462	528	1703934
1650258	352	1649906
1675311	184	1675127
1725457	344	1725113
1723436	67	1723369
1686177	135	1686042
1713683	375	1713308
1707241	594	1706647
1698144	126	1698018
1748649	149	1748500
1726404	166	1726238
1690746	302	1690444
1648808	166	1648642
1646357	438	1645919
1682064	178	1681886
1643292	296	1642996
1751826	752	1751074
1630779	102	1630677
1780941	764	1780177
1692998	289	1692709
1652801	614	1652187
1610531	299	1610232
1601478	227	1601251
1694428	265	1694163
1693609	378	1693231
1618142	85	1618057
1644064	439	1643625
1568621	64	1568557
1673740	352	1673388
1685687	738	1684949
1622486	287	1622199
1708462	231	1708231
1681645	289	1681356
1653886	426	1653460
1679610	792	1678818
1668748	291	1668457
1707446	924	1706522
1775417	609	1774808
1776513	392	1776121
1664628	291	1664337
1604585	253	1604332
1658995	139	1658856
1728307	186	1728121
1766092	764	1765328
1689970	34	1689936
1639486	166	1639320
1636281	316	1635965
1643235	166	1643069
1692219	157	1692062
1697615	181	1697434
1771177	354	1770823
1716327	352	1715975
1583350	187	1583163
1660685	384	1660301
1674287	91	1674196
1732414	375	1732039
1666147	289	1665858
1672911	287	1672624
1688222	179	1688043
1703552	426	1703126
1606972	271	1606701
1779275	852	1778423
1659537	468	1659069
1674701	1007	1673694
1706662	122	1706540
1671095	128	1670967
1713890	234	1713656
1693348	156	1693192
1615173	105	1615068
1615205	238	1614967
1624256	23	1624233
1757211	178	1757033
1625658	121	1625537
1690248	497	1689751
1746038	175	1745863
1725634	2224	1723410
1701212	227	1700985
1774722	177	1774545
1711065	528	1710537
1629049	574	1628475
1699319	102	1699217
1693101	352	1692749
1630787	375	1630412
1677305	271	1677034
1722186	434	1721752
1653634	118	1653516
1723833	217	1723616
1561862	332	1561530
1589439	103	1589336
1700187	418	1699769
1659513	176	1659337
1623363	75	1623288
1591200	153	1591047
1629789	352	1629437
1727476	716	1726760
1697360	287	1697073
1725817	139	1725678
1691527	233	1691294
1652884	1180	1651704
1709795	105	1709690
1688523	524	1687999
1624581	265	1624316
1718340	426	1717914
1647710	128	1647582
1630166	145	1630021
1624203	152	1624051
1702778	98	1702680
1748209	545	1747664
1633762	170	1633592
1729595	528	1729067
1742783	178	1742605
1760680	409	1760271
1758636	186	1758450
1701168	98	1701070
1648447	23	1648424
1725460	1438	1724022
1716620	458	1716162
1703865	524	1703341
1691848	1298	1690550
1711892	229	1711663
1698408	217	1698191
1625162	658	1624504
1641559	191	1641368
1705049	580	1704469
1666856	253	1666603
1755941	687	1755254
1613976	18	1613958
1704666	190	1704476
1605099	105	1604994
1589539	75	1589464
1761097	610	1760487
1593318	234	1593084
1662659	271	1662388
1643158	18	1643140
1637605	924	1636681
1560780	169	1560611
1674894	177	1674717
1711443	358	1711085
1719992	953	1719039
1706817	410	1706407
1665323	188	1665135
1836309	527	1835782
1596344	409	1595935
1645204	528	1644676
1739873	528	1739345
1660648	409	1660239
1672503	734	1671769
1710263	106	1710157
1627828	167	1627661
1564783	75	1564708
1626652	624	1626028
1652731	139	1652592
1683658	291	1683367
