1316728
1319480
1382086
1411919
1337451
1350714
1297953
1382339
1441652
1343689
1390633
1292922
1248168
1282849
1365467
1350367
1374801
1351861
1379941
1330048
1339951
1317582
1354916
1290631
1277747
1333767
1335365
1330084
1245988
1419626
1193340
1297547
1237696
1305737
1358402
1336940
1395981
1308084
1414986
1313814
1316952
1391189
1314570
1302430
1348037
1305272
1373410
1369375
1381533
1416085
1368846
1300129
1337937
1382960
1388630
1327328
1382082
1354516
1212679
1378197
1308510
1369510
1330860
1323992
1360332
1269389
1324024
1375406
1339608
1382608
1312207
1417881
1351774
1368239
1410471
1351779
1331156
1459102
1320664
1349513
1439194
1345539
1448099
1341921
1377752
1351842
1359828
1385919
1315243
1366339
1374584
1389453
1411757
1406282
1394627
1378298
1354331
1361009
1382486
1322513
1424608
1433879
1353930
1401964
1381473
1348336
1383629
1438355
1375763
1372233
1382401
1478006
1387299
1323380
1400988
1358283
1372824
1399147
1348492
1426997
1354216
1354721
1401846
1347543
1354328
1381343
1342271
1367237
1404096
1373848
1395097
1383408
1337480
1418264
1454365
1284842
1310951
1280297
1297252
1391548
1372090
1350121
1302269
1227689
1342570
1226601
1286694
1372654
1301532
1344929
1342925
1364429
1327976
1388769
1409386
1415402
1291927
1415765
1361752
1300442
1302755
1381451
1351792
1295480
1320533
1375223
1355304
1358530
1331948
1269468
1343094
1374943
1371580
1366990
1366590
1230016
1412336
1413544
1347785
1273935
1303925
1289316
1341919
1355265
1379126
1303324
1386790
1346885
1322430
1404399
1425573
1382455
1290497
1403806
1340687
1300567
1439643
1332961
1209913
1365487
1328972
1226309
1300825
1383081
1353890
1322136
1357937
1295913
1387337
1274215
1388558
1401343
1335734
1322528
1221413
1400474
1305274
1386646
1275557
1329696
1336725
1455021
1397688
1261741
1343404
1419541
1349949
1321437
1384338
1321470
1296517
1249567
1259001
1383248
1304260
1370838
1347822
1375644
1425366
1356951
1386381
1443365
1309504
1362579
1320299
1363439
1291778
1306225
1343675
1372784
1389640
1382507
1418676
1334248
1405690
1329474
1293903
1350501
1360900
1274086
1320296
1344936
1235743
1375622
1414208
1416000
1322558
1321143
1285476
1387736
1350221
1329059
1367359
1338794
1261551
1356341
1309289
1232664
1334801
1325237
1342453
1396520
1348107
1330886
1392977
1366198
1294157
1369058
1355307
1392849
1351143
1314566
1221011
1254959
1350587
1408844
1401705
1321505
1333877
1399419
1303685
1373342
1325561
1363887
1331636
1399399
1333465
1252983
1346380
1370758
1294784
1436510
1351952
1429605
1335079
1335245
1367497
1412334
1386881
1308014
1376463
1421937
1361255
1345158
1325317
1310096
1264422
1338671
1306421
1359654
1372629
1343316
1340641
1240793
1353701
1318277
1319591
1274221
1364944
1339793
1316930
1299911
1379468
1328576
1410361
1394808
1335672
1310096
1413101
1425513
1334361
1380675
1299330
1349010
1340649
1425034
1383521
1381445
1348636
1288016
1329664
1334493
1362280
1342549
1360111
1339810
1342631
1419602
1350691
1352879
1317863
1291776
1270029
1396342
1431256
1389285
1288308
1279629
1343206
1327577
1317033
1394969
1367376
1291782
1317613
1315868
1366805
1395164
1327527
1288839
1378465
1305702
1418788
1335290
1312323
1309294
1361725
1326223
1315295
1342089
1351881
1401827
1317968
1464492
1325310
1270442
1393732
1360212
1351109
1339475
1437853
1349592
1366415
1265388
1242424
1355194
1438115
1264585
1291226
1342188
1365526
1367552
1364946
1260736
1386094
1308825
1360839
1390955
1469177
1378501
1342479
1349008
1333936
1417900
1364549
1355091
1356058
1348539
1325319
1300341
1420622
1309938
1280279
1384113
1396012
1366616
1335147
1340232
1387238
1283008
1327708
1352700
1311441
1310779
1322809
1427685
1365109
1353950
1355380
1346674
1310430
1343728
1355884
1341958
1387870
1322406
1333567
1313121
1334769
1298709
1243195
1373711
1318568
1336781
1368772
1326416
1371895
1337273
1308848
1285575
1488762
1325259
1357508
1248398
1400234
1364831
1294158
1343749
1394967
1284569
1328812
1321057
1421191
1315371
1339238
1393952
1352481
1372966
1375110
1378244
