2430310	1837543	592767
2440441	1857870	582571
2445816	1838107	607709
2395511	1863000	532511
2407196	1847971	559225
2468662	1841704	626958
2454712	1860872	593840
2480611	1874121	606490
2373636	1846891	526745
2370463	1845580	524883
2443440	1850990	592450
2404692	1856467	548225
2359922	1830058	529864
2480182	1842947	637235
2349236	1779740	569496
2437338	1877646	559692
2384175	1866565	517610
2508169	1872780	635389
2382413	1808579	573834
2324480	1814820	509660
2381344	1844081	537263
2388210	1811326	576884
2517978	1876887	641091
2357432	1803472	553960
2403831	1855462	548369
2441783	1857819	583964
2436552	1836305	600247
2426983	1866966	560017
2318618	1803338	515280
2443107	1875526	567581
2426823	1878344	548479
2391958	1841665	550293
2422892	1817643	605249
2554346	1882664	671682
2395578	1804022	591556
2470400	1869374	601026
2365562	1837872	527690
2411599	1812823	598776
2513646	1909042	604604
2466946	1838666	628280
2471471	1844206	627265
2368029	1853684	514345
2339824	1830507	509317
2397915	1870151	527764
2441660	1863648	578012
2328114	1813546	514568
2456879	1848191	608688
2426013	1842505	583508
2488167	1839535	648632
2372309	1819231	553078
2388021	1815462	572559
2443718	1873124	570594
2461449	1831224	630225
2414381	1877976	536405
2356521	1830392	526129
2451007	1882810	568197
2422148	1863658	558490
2509986	1865296	644690
2486487	1887991	598496
2379968	1873312	506656
2363242	1813828	549414
2441268	1852262	589006
2413587	1809184	604403
2383679	1833430	550249
2457261	1877926	579335
2346411	1841100	505311
2409916	1877674	532242
2364126	1816214	547912
2490559	1899836	590723
2449542	1846274	603268
2435233	1845568	589665
2398457	1834682	563775
2385136	1813739	571397
2405766	1825242	580524
2420051	1853371	566680
2371122	1803699	567423
2382132	1837162	544970
2344949	1794091	550858
2443410	1881217	562193
2393972	1826648	567324
2430896	1839975	590921
2367515	1831758	535757
2401041	1834543	566498
2548142	1869325	678817
2336530	1838795	497735
2396085	1831636	564449
2466751	1838175	628576
2398255	1858113	540142
2402043	1781932	620111
2492408	1842276	650132
2416311	1868392	547919
2469072	1856994	612078
2387998	1862399	525599
2402778	1854971	547807
2438348	1816684	621664
2497962	1865849	632113
2437339	1851058	586281
2402617	1803864	598753
2459852	1853237	606615
2428800	1830811	597989
2434923	1808633	626290
2563997	1912812	651185
2412164	1838632	573532
2430408	1831559	598849
2393632	1840110	553522
2447824	1838985	608839
2478794	1842772	636022
2426139	1881271	544868
2429749	1834346	595403
2396105	1843833	552272
2428394	1822020	606374
2492720	1852420	640300
2390048	1810363	579685
2351988	1815362	536626
2388674	1794527	594147
2453093	1828813	624280
2475752	1887117	588635
2474248	1887463	586785
2502216	1890144	612072
2481090	1868644	612446
2371770	1800261	571509
2440774	1857288	583486
2482312	1858590	623722
2399334	1853100	546234
2476404	1827690	648714
2467544	1882218	585326
2430810	1864282	566528
2433225	1862411	570814
2447652	1841236	606416
2413542	1846580	566962
2448361	1852508	595853
2363629	1834274	529355
2391257	1831076	560181
2267492	1806304	461188
2474584	1906520	568064
2494809	1841159	653650
2361439	1807987	553452
2507656	1886194	621462
2365382	1848526	516856
2435029	1836501	598528
2401330	1843569	557761
2364975	1829452	535523
2550915	1868894	682021
2425679	1824751	600928
2421828	1837766	584062
2369065	1833834	535231
2448565	1878563	570002
2476941	1866407	610534
2478086	1883878	594208
2411509	1841403	570106
2381306	1836236	545070
2430706	1863534	567172
2432965	1841795	591170
2403232	1865109	538123
2438624	1846758	591866
2397319	1848209	549110
2380560	1811913	568647
2517082	1871294	645788
2389684	1815420	574264
2384682	1807767	576915
2397406	1857892	539514
2368370	1815792	552578
2418333	1852927	565406
2330716	1805898	524818
2425317	1872145	553172
2513433	1887214	626219
2433467	1874794	558673
2494438	1884946	609492
2408765	1811067	597698
2435875	1838344	597531
2483234	1875726	607508
2448876	1851417	597459
2401722	1818710	583012
2325544	1804023	521521
2354207	1817423	536784
2422994	1845075	577919
2498490	1855304	643186
2395521	1828587	566934
2536170	1905908	630262
2401167	1836597	564570
2353121	1789999	563122
2350939	1825815	525124
2447392	1818343	629049
2427886	1841793	586093
2437660	1878664	558996
2365307	1826849	538458
2401827	1820033	581794
2400593	1833013	567580
2478287	1878397	599890
2414989	1867767	547222
2478990	1851632	627358
2450892	1860924	589968
2447112	1849617	597495
2319340	1802755	516585
2438024	1846079	591945
2396166	1822095	574071
2420447	1839076	581371
2427850	1844517	583333
2460342	1861401	598941
2474454	1855459	618995
2467181	1830774	636407
2454955	1876053	578902
2458188	1863540	594648
2426952	1887881	539071
2400212	1826109	574103
2417304	1857154	560150
2526835	1870259	656576
2359861	1833844	526017
2433472	1828096	605376
2397615	1827449	570166
2353200	1820621	532579
2458866	1841017	617849
2363998	1843976	520022
2479385	1853525	625860
2376791	1818422	558369
2408936	1833121	575815
2471240	1849219	622021
2503307	1882376	620931
2405958	1893383	512575
2373053	1797383	575670
2515577	1889606	625971
2434965	1875088	559877
2434091	1856901	577190
2383136	1800082	583054
2525918	1847120	678798
2391277	1838228	553049
2456619	1861322	595297
2498678	1869763	628915
2405167	1858330	546837
2377620	1858302	519318
2432155	1828491	603664
2370354	1811490	558864
2417685	1852719	564966
2310233	1804187	506046
2462909	1864480	598429
2515542	1883110	632432
2375321	1843316	532005
2427395	1884883	542512
2423952	1824378	599574
2363426	1885223	478203
2434860	1850966	583894
2333287	1826378	506909
2396868	1848123	548745
2433224	1865930	567294
2355253	1860151	495102
2430238	1844138	586100
2396298	1823253	573045
2470276	1878416	591860
2369836	1860192	509644
2453768	1837979	615789
2399654	1841999	557655
2444133	1829256	614877
2425152	1852626	572526
2387324	1880138	507186
2383707	1823239	560468
2373283	1835928	537355
2410401	1841114	569287
2438589	1826358	612231
2482447	1835870	646577
2418078	1832132	585946
2423811	1859262	564549
2416168	1844798	571370
2441592	1886252	555340
2401314	1777156	624158
2422925	1857073	565852
2513406	1875806	637600
2379763	1858408	521355
2477658	1842191	635467
2364266	1828228	536038
2460261	1838163	622098
2495227	1855353	639874
2508585	1851020	657565
2435872	1875157	560715
2368056	1850826	517230
2441546	1815950	625596
2351902	1808887	543015
2447680	1875917	571763
2540617	1855534	685083
2408491	1845593	562898
2532890	1910225	622665
2432732	1823237	609495
2418304	1872882	545422
2411457	1822080	589377
2495842	1866137	629705
2495548	1875276	620272
2454065	1909656	544409
2449424	1858474	590950
2408915	1867806	541109
2463499	1847321	616178
2448066	1833627	614439
2421760	1862081	559679
2483591	1885361	598230
2398583	1857265	541318
2385962	1887794	498168
2419199	1831242	587957
2403705	1838313	565392
2399480	1849456	550024
2411056	1810719	600337
2311381	1788469	522912
2437478	1876089	561389
2376297	1854853	521444
2407886	1825738	582148
2478001	1855111	622890
2399207	1865565	533642
2448664	1821763	626901
2358141	1785286	572855
2457233	1840090	617143
2468537	1828066	640471
2366012	1846745	519267
2445466	1834111	611355
2519748	1827021	692727
2406088	1801749	604339
2430797	1854034	576763
2351568	1813994	537574
2491393	1878285	613108
2378103	1826291	551812
2376056	1810538	565518
2393639	1835209	558430
2399418	1843345	556073
2432736	1866096	566640
2526551	1876697	649854
2416547	1834546	582001
2519269	1889808	629461
2440672	1826768	613904
2391106	1836641	554465
2397244	1865491	531753
2409977	1867626	542351
2402993	1854234	548759
2392549	1821460	571089
2409757	1825620	584137
2512887	1852116	660771
2391221	1835289	555932
2487215	1846337	640878
2468715	1880292	588423
2512286	1838375	673911
2375062	1813847	561215
2459228	1867584	591644
2436683	1848368	588315
2426808	1859070	567738
2449965	1856539	593426
2375156	1818871	556285
2479851	1851705	628146
2493204	1838575	654629
2406306	1853459	552847
2400172	1859806	540366
2459104	1857847	601257
2470349	1863293	607056
2439412	1812502	626910
2415348	1826787	588561
2433150	1859538	573612
2313822	1807630	506192
2359147	1797350	561797
2376064	1826999	549065
2460257	1862475	597782
2381469	1846611	534858
2534745	1840218	694527
2652380	1887678	764702
2435374	1836309	599065
2515260	1870967	644293
2455643	1846390	609253
2386728	1818814	567914
2410013	1851150	558863
2438873	1858632	580241
2424729	1819471	605258
2325814	1823323	502491
2500722	1884373	616349
2438573	1852461	586112
2420604	1808838	611766
2438264	1856143	582121
2376864	1805121	571743
2513222	1858526	654696
2464320	1841984	622336
2469113	1875983	593130
2505984	1904721	601263
2461639	1817117	644522
2441634	1844372	597262
2413467	1830380	583087
2461882	1870344	591538
2459116	1809326	649790
2437671	1843490	594181
2397489	1815478	582011
2409345	1817227	592118
2443816	1866526	577290
2426932	1810392	616540
2439166	1866647	572519
2517604	1868865	648739
2446988	1853650	593338
2364873	1866951	497922
2437957	1800563	637394
2430251	1858347	571904
2467571	1875539	592032
2382719	1830028	552691
2482934	1877721	605213
2296945	1804575	492370
2433940	1827926	606014
2324518	1802319	522199
2436780	1819662	617118
2443599	1827385	616214
2357626	1814143	543483
2486561	1884208	602353
2419297	1812862	606435
2443744	1876998	566746
2464426	1849795	614631
2468579	1872342	596237
2406964	1844224	562740
2486324	1876858	609466
2413410	1833203	580207
2392820	1832255	560565
2422804	1872886	549918
2422766	1841846	580920
2534447	1873552	660895
2431733	1842161	589572
2416491	1823493	592998
2359050	1862905	496145
2362138	1852803	509335
2452028	1873150	578878
2472221	1854854	617367
2404300	1819333	584967
2429511	1881559	547952
2469263	1810805	658458
2408777	1861570	547207
2435529	1831054	604475
2422124	1861381	560743
2328402	1810846	517556
2326078	1825313	500765
2404331	1886166	518165
2503842	1841212	662630
2358863	1792952	565911
2426414	1816534	609880
2439572	1803880	635692
2441280	1845244	596036
2466270	1854912	611358
2407364	1848780	558584
2372321	1814497	557824
2454969	1876575	578394
2518912	1835118	683794
2386313	1841777	544536
2364354	1805634	558720
2460411	1875738	584673
2363125	1844386	518739
2451039	1852576	598463
2473712	1885167	588545
2387812	1819959	567853
2345368	1814151	531217
2426570	1834562	592008
2391902	1821624	570278
2457669	1856122	601547
2337032	1796701	540331
2527314	1882153	645161
2544734	1907121	637613
2413933	1825498	588435
2449221	1856917	592304
2351941	1814688	537253
2403819	1853838	549981
2478605	1853961	624644
2392384	1813012	579372
2448369	1896635	551734
2447064	1883727	563337
2457486	1861112	596374
2444064	1863280	580784
2436290	1865757	570533
2403821	1836781	567040
2511734	1855068	656666
2430746	1861654	569092
2465112	1800751	664361
2458859	1853910	604949
2426766	1823553	603213
2378574	1822139	556435
2467230	1849430	617800
2426714	1824873	601841
2390611	1828354	562257
2447031	1843274	603757
2431505	1856879	574626
2434612	1858509	576103
2423404	1826465	596939
2525714	1870892	654822
2444379	1801485	642894
2485240	1865434	619806
2459632	1815318	644314
2426658	1825812	600846
2445507	1883140	562367
2447930	1850180	597750
2394292	1829159	565133
2379262	1828290	550972
2476020	1886426	589594
2403445	1830916	572529
2393604	1833702	559902
2385645	1790381	595264
2479914	1862650	617264
2407342	1847985	559357
2385517	1821087	564430
2416642	1898882	517760
2372234	1839599	532635
2477463	1861677	615786
2422271	1835328	586943
2367513	1823133	544380
2487154	1858138	629016
2428909	1835291	593618
2445981	1857065	588916
2429365	1855912	573453
