81275
137631
164708
135517
81967
48718
177900
106521
143810
99411
155696
155556
121265
217110
183883
172319
159728
199074
115194
75752
171847
109292
146151
95172
68476
149506
179550
102131
191315
46011
168574
163282
160300
75737
130312
182070
116071
191076
137353
193140
118970
55253
195699
177006
184668
161959
69431
131762
167882
149919
145056
117271
140603
164509
196614
134571
157217
109839
151918
160749
154037
122662
150472
174861
209481
174364
118841
180005
109347
183329
154485
175627
106830
168685
122558
198537
190983
177018
190828
171629
194997
145437
148002
185226
178713
156250
159517
202513
101025
135331
140332
111459
128176
149605
43739
144136
170337
155419
143756
167917
108236
116757
140710
144796
185261
111285
175747
153046
155884
182758
114990
150902
140381
160547
114141
149296
122175
119846
179354
136579
195917
156640
123134
161368
152813
149137
167264
93692
122173
184673
128336
146938
178357
149577
118547
175449
70491
120509
152884
134242
151888
147017
155056
153380
176106
178084
77457
191486
162720
105566
134396
80214
199243
174611
170195
101951
130193
177781
67603
98872
98610
181378
93658
115515
167461
154345
145613
149219
211401
194557
144942
220980
83526
24519
159380
126049
92965
138064
37393
148511
145703
166331
133077
182943
187557
104678
128658
150113
174378
138969
156123
154783
173476
140576
118161
150926
132814
165897
82895
118569
130334
141563
160806
85120
156008
182828
145251
192026
62868
178721
134412
92049
131557
68907
95801
172457
74704
163741
142422
189739
177950
167027
169378
172939
45179
125315
148500
87794
153951
183088
157610
173983
172114
168020
150043
144156
174497
108076
136338
86758
120354
147727
165915
187193
126554
99743
150450
126584
137936
83139
65715
142839
150290
122431
120366
166653
31403
164854
133890
109782
189379
91673
154151
148468
123833
90232
123481
98105
151196
58971
79925
145570
121792
146743
188058
147545
106844
158522
171027
129386
87042
165023
151796
200286
186339
103024
103736
120579
129917
117602
165734
83364
159803
192320
95894
182379
133300
150336
177901
139809
153363
131296
66797
172853
47124
97192
74739
179639
158755
135800
171830
147285
138267
157104
135411
97828
163956
171516
170388
144948
181123
184815
162357
134381
159876
154858
152327
163188
137945
212079
163166
152361
74480
141046
105482
138867
84173
118805
77305
169794
109536
95677
208964
143750
144230
30440
174356
174333
128907
155008
178763
140850
199950
157435
99575
187961
155284
177460
203713
135439
46534
81955
196575
90086
151734
156080
91570
168910
88995
161373
148186
64477
130396
182299
136686
123693
162004
116222
131515
112063
106807
111040
76293
206886
22835
188985
98654
106830
142936
168827
180961
129207
145610
159462
177885
92592
199773
113246
163773
141292
154122
169905
26354
116228
131781
74773
87839
82448
191123
162701
116204
135883
117207
108761
139590
150710
146495
175583
81248
140788
197490
130513
128585
171426
180371
164638
123087
198158
154789
129867
98327
161498
144699
146268
155245
108736
79677
160588
37262
102935
116011
223953
98915
160156
118827
166270
150552
162761
162474
105455
164318
92624
140433
142413
69013
135188
143736
86762
165786
193083
120421
146351
109858
184781
125475
155934
119756
141461
139726
122787
165683
105011
87098
153570
100598
153833
42355
160178
97533
86793
185056
139476
78782
136362
176091
150175
142165
168120
165903
152529
157298
143916
122716
105929
185586
173590
36582
157748
150084
75167
