544419
581415
581970
536796
532431
562197
500749
494253
572936
604469
556564
594346
529665
498823
515751
498484
526876
449701
572380
524206
4266
528463
660370
559417
543784
569919
513039
589235
491255
589807
482853
546278
576069
545857
530998
625176
566234
495084
566481
550745
582831
511100
507488
571170
584180
467858
594750
564736
582595
543574
489372
519863
612293
588063
530813
556975
640848
582801
555089
617662
576174
523706
619480
600162
558717
532598
561906
565430
509521
497371
560874
626494
526994
551922
613335
490158
624777
590361
480148
532829
569085
559545
567013
577044
539220
607122
521008
564637
548053
528007
613573
606281
598547
585498
563586
590186
512917
571891
615315
555786
577651
593678
551315
594106
567975
545612
566166
653554
512680
498869
532330
632133
569045
531115
560975
566405
542938
636562
571940
624695
601531
605417
530377
567823
536382
597271
511053
629990
568103
517013
540258
601267
613867
554903
603602
531030
524651
510721
555617
586866
567857
534404
531618
446284
578607
553906
553906
499962
592057
592154
624399
487223
569430
545098
531632
650708
500159
482529
456356
508632
647607
562506
600982
586242
518005
591365
573309
539788
548138
524042
501458
619814
547713
571108
560526
567104
573308
527388
670151
509742
551739
546541
537144
609392
578541
560071
496609
504073
508125
605069
496939
583877
538959
593977
585643
611039
587200
530373
532472
575270
571887
571388
611963
668157
609789
526126
571163
495095
540082
518163
539251
597884
614514
578334
589540
549932
584533
621519
634919
580001
629862
591996
591533
567856
546872
528856
511939
490628
578173
588199
516962
589430
550588
529983
533171
621929
581127
572231
550542
549790
544990
602330
573816
551965
541456
587614
581380
522893
527053
550091
668693
546013
517215
517868
611595
527945
571802
548231
594848
564456
525099
552892
551214
532979
587626
542136
541743
579588
539774
529097
566107
609971
593926
526528
521540
535231
576030
493403
593114
564196
544659
594890
547470
656820
539164
609233
520675
631619
541369
507965
555827
563465
619700
548801
536720
616093
608436
541082
507494
578630
543601
522857
602414
603879
548870
511185
538304
597111
600401
662444
469403
680739
608749
587378
564144
533356
570463
527329
565888
542362
603800
541071
519672
559683
628853
540826
473288
541440
464505
575800
588979
545049
596731
579576
574984
565985
563156
533642
552259
543747
509315
569740
580996
655228
561284
620091
525199
555496
536824
556836
556579
536724
492570
585276
589958
551882
548851
621678
607590
661614
559672
503659
607628
560144
590435
474284
537469
617227
629266
557658
531655
603524
592575
578368
511062
601620
589127
543633
629364
592020
555883
445297
541948
611938
593116
581874
574258
597095
519623
615469
483858
531243
604981
594454
583288
611177
500224
522294
536324
530187
593189
639628
589703
626112
548308
577473
589166
571056
581590
608818
570256
618741
531725
521264
542080
562622
623192
497593
520090
602924
536115
616463
537653
556878
566628
524173
494024
552766
567595
549555
537664
626365
520030
570439
587838
624756
543151
605615
547354
529986
632983
517491
517284
543565
517064
577171
530924
526311
565573
604046
549508
584436
527016
581133
522492
570511
590741
530959
648648
538092
622003
550625
547081
508134
574913
583365
537676
542016
546311
561458
543779
565082
528990
502585
631481
619381
650826
512082
504775
550097
522533
528939
558507
489402
613157
623265
560616
597957
514187
496039
587090
583896
526296
572361
602220
539036
617751
577624
514940
550709
