3326247
3327811
3357906
3389325
3325938
3373608
3336092
3358232
3335851
3312538
3410196
3397218
3324822
3324257
3317852
3305441
3383100
3362363
3307820
3319352
3292448
3233772
3422098
3298152
3283238
3338705
3348313
3288021
3337113
3333399
3320179
3246073
3282163
3347588
3267115
3366875
3344177
3268956
3375192
3294484
3354268
3246840
3279156
3364030
3355597
3307754
3337303
3367246
3331434
3318647
3333290
3324903
3385778
3384237
3344926
3353953
3403068
3400530
3383140
3353002
3360550
3284725
3348858
3349973
3374644
3299822
3313635
3258209
3360106
3422043
3354078
3266362
3270757
3288268
3301084
3285889
3407132
3360657
3299729
3214612
3299760
3334034
3332736
3359819
3307483
3294783
3345808
3303286
3249942
3356303
3337917
3346567
3372538
3367118
3418295
3301098
3347346
3259177
3359585
3405385
3285724
3378438
3357953
3413130
3310891
3328085
3381277
3387276
3367897
3361746
3364746
3358533
3265132
3257654
3376855
3373045
3375557
3377805
3349602
3328917
3313183
3402404
3335562
3340265
3305482
3413948
3406604
3372496
3294923
3349210
3383477
3360974
3368853
3341493
3302530
3333864
3286347
3382418
3355870
3324626
3403750
3347389
3372416
3313546
3327422
3298317
3306283
3268592
3337993
3293826
3349487
3422743
3378788
3282471
3395094
3385975
3319676
3460237
3238411
3368844
3291756
3289918
3287224
3325324
3361344
3314907
3349697
3368169
3311845
3403653
3392122
3290794
3307509
3357279
3264740
3285345
3352511
3285371
3327209
3405147
3415581
3254614
3322763
3358173
3316571
3324233
3309695
3361179
3362413
3289077
3379696
3380824
3334978
3331158
3339632
3295721
3401887
3414510
3236261
3407272
3280226
3363671
3380588
3300657
3325348
3366390
3323802
3322766
3274022
3291488
3387268
3381741
3291022
3354433
3239151
3327795
3308894
3422989
3352241
3333625
3422486
3279224
3295161
3355938
3361809
3347273
3285607
3323410
3331656
3349998
3340311
3418719
3360696
3341508
3379941
3370823
3342622
3368292
3288835
3358685
3316576
3329946
3314579
3374639
3357938
3404839
3297092
3322811
3338855
3346049
3313167
3350292
3256065
3373198
3331434
3282253
3296184
3331520
3305378
3410816
3364562
3353020
3325233
3255378
3368270
3248531
3281690
3328928
3311650
3354623
3355445
3331367
3395840
3329972
3308934
3305408
3368265
3309000
3375397
3404846
3223270
3421383
3399465
3415141
3355042
3391424
3325383
3331504
3335701
3278034
3335045
3421170
3316004
3357211
3268697
3387019
3265971
3340472
3338284
3279843
3283701
3297128
3323714
3399221
3350719
3309010
3327212
3339235
3367928
3351561
3315853
3276898
3296509
3271261
3303547
3324447
3393604
3319220
3390436
3337372
3406309
3343119
3389256
3302712
3334894
3372567
3344362
3292702
3381818
3354816
3366108
3359203
3370265
3360820
3361351
3291058
3341315
3333726
3375801
3386566
3308670
3397306
3335899
3321594
3346264
3312465
3395633
3319033
3304831
3360546
3370077
3340149
3262519
3349610
3263036
3423361
3380688
3322340
3335697
3354733
3372291
3363215
3350515
3396648
3409496
3384662
3410002
3275425
3345452
3286924
3358591
3407129
3374042
3368275
3298314
3370702
3410567
3306100
3309669
3429877
3289428
3324512
3340676
3338363
3300602
3414375
3354243
3301852
3313449
3339887
3433431
3305232
3333644
3352420
3276402
3294394
3286623
3251017
3344025
3351828
3357081
3336656
3321307
3381113
3347757
3342528
3333021
3291620
3390529
3355861
3409106
3351338
3277759
3279015
3320691
3361755
3354245
3366002
3384940
3401765
3289525
3357669
3360197
3284898
3318875
3352417
3353816
3282265
3361304
3258584
3348997
3347532
3363827
3284585
3360351
3268197
3325384
3264219
3358698
3335077
3260012
3410470
3307343
3404397
3314194
3343966
3320217
3269257
3422462
3392942
3404460
3258133
3306233
3300361
3336411
3365421
3304195
3348286
3407442
3361255
3352499
3290361
3325974
3335021
3298851
3330607
3347657
3413452
3396860
3329280
3326300
3326528
3315615
3365240
3314926
3356949
3301557
3380331
3303132
3299506
3356304
3321077
3323908
3233564
3416144
3373988
3311032
3328638
3439627
3371718
3287340
3430902
3352537
3353751
3361396
3310727
3324408
3279263
3419273
3423851
