7404488
7424743
7396986
7398647
7429486
7402944
7426839
7435172
7464352
7430174
7400105
7429039
7427097
7431214
7409915
7433453
7422623
7432941
7409812
7428355
7420324
7433065
7416663
7407081
7431050
7416651
7412632
7427662
7327334
7425950
7434241
7414308
7435706
7428825
7428020
7431607
7401825
7427607
7429259
7406029
7443365
7420845
7432367
7442423
7410116
7413291
7432582
7408108
7407000
7426180
7432342
7424617
7425299
7402122
7389347
7431514
7427330
7428258
7430136
7402445
7415697
7429488
7435019
7429175
7415821
7394422
7432694
7410023
7424347
7412924
7430328
7429098
7428828
7432750
7430075
7418720
7427967
7429968
7423113
7426486
7436435
7434454
7406047
7425017
7430822
7429680
7403628
7395030
7422869
7427907
7422812
7426550
7434647
7427555
7428189
7397431
7426541
7439061
7412404
7420951
7423687
7434316
7425861
7411287
7424536
7433580
7417435
7403744
7408599
7431019
7432053
7410250
7431178
7398983
7403773
7412308
7432186
7427981
7431656
7430490
7398306
7423452
7431430
7434623
7429536
7386881
7441455
7428006
7405896
7406673
7409930
7431023
7430817
7430719
7436321
7428664
7414002
7411633
7423362
7383727
7403210
7423776
7432392
7414542
7410752
7428303
7411230
7432278
7414723
7428625
7419432
7425969
7429609
7422491
7426442
7429143
7430529
7425929
7437287
7412939
7417436
7428140
7432733
7404610
7425268
7428510
7423967
7430814
7432879
7433148
7402728
7434836
7410731
7424026
7405657
7405647
7436228
7432057
7432333
7419488
7430246
7409556
7424123
7417569
7424366
7430974
7425868
7404737
7434052
7423964
7426528
7397249
7407686
7429923
7410331
7425198
7431181
7433102
7429489
7435929
7425117
7402031
7425146
7404731
7468156
7418510
7426951
7431638
7432536
7431425
7430402
7432681
7432311
7413688
7436147
7426749
7433081
7430687
7419693
7431429
7415464
7427359
7435239
7416416
7430435
7428519
7426712
7431667
7423200
7431428
7426978
7424680
7430106
7426543
7406117
7411429
7430160
7402635
7418594
7432828
7441418
7409600
7431337
7433074
7422042
7423059
7399444
7427137
7406683
7435990
7422024
7419019
7402862
7406472
7410915
7409052
7396873
7431096
7419579
7440592
7418788
7417578
7425923
7405879
7434796
7415263
7423558
7431682
7445239
7430165
7428618
7428138
7424783
7421812
7423280
7428476
7406618
7428734
7413583
7419410
7445554
7431613
7430455
7432507
7416790
7419802
7412302
7423893
7428264
7430191
7429460
7430281
7424176
7425826
7420356
7399354
7421841
7437554
7419351
7417670
7428705
7430439
7419685
7396933
7430223
7436068
7467811
7432874
7427587
7428632
7405802
7400591
7428870
7430729
7432868
7398392
7431129
7422524
7428333
7431547
7436900
7469095
7406513
7402848
7434798
7425072
7435279
7394081
7427035
7406619
7429268
7411359
7427901
7425231
7428958
7401704
7434489
7429991
7400429
7400473
7408901
7431589
7429469
7399866
7424665
7404863
7431043
7434227
7425663
7469243
7429300
7433876
7432936
7427335
7425246
7424308
7406751
7427604
7427157
7428646
7441263
7431156
7411019
7397850
7424757
7427171
7429189
7427169
7434192
7430844
7436015
7403320
7433654
7429340
7433114
7414955
7393621
7394865
7430991
7424886
7429964
7417638
7434517
7428663
7437572
7431924
7406717
7418653
7446841
7417296
7424726
7395617
7430461
7404177
7405122
7435695
7431256
7435855
7399552
7428620
7403968
7427506
7431363
7397776
7431968
7430569
7432590
7427609
7430805
7433323
7418162
7432280
7396873
7429757
7428163
7433378
7433908
7429563
7433675
7404472
7435351
7419491
7428535
7408946
7411781
7424737
7427629
7428898
7416432
7395040
7464659
7399616
7404929
7436488
7414527
7431893
7434746
7425626
7430604
7400992
7405617
7415629
7398399
7421226
7416109
7423460
7435445
7434624
7424703
7402033
7421119
7415876
7421023
7403173
7448081
7441384
7408721
7447482
7426516
7434684
7433233
7417048
7428824
7428419
7429197
7419366
7430525
7431224
7433777
7434382
7405578
7419584
7435492
7427036
7429764
7403637
7430709
7406327
7415525
7430833
7428974
7429683
7418804
7430598
7427520
7395842
7412497
7433460
7416383
7432552
7423295
7430830
7422510
7426144
7430468
7427812
7427362
7426246
7413237
7411364
