7387432
7351760
7347636
7464742
7469911
7460265
7465205
7350988
7461995
7460206
7458688
7363241
7357118
7460385
7461550
7467577
7354707
7360619
7463026
7457069
7459541
7459595
7458488
7453822
7464971
7459502
7348065
7458303
7350915
7459565
7453881
7351206
7463685
7461698
7462735
7365482
7352093
7357039
7462831
7350166
7354552
7465749
7459317
7460975
7457631
7365323
7358451
7463151
7458780
7456450
7352512
7459384
7353069
7346365
7457648
7460678
7461818
7465630
7461659
7460331
7465202
7352079
7353098
7363026
7364727
7353012
7467293
7458193
7456558
7344500
7375065
7350951
7460722
7464458
7459462
7458995
7348488
7459051
7354853
7459098
7356929
7351760
7344578
7457245
7454432
7459485
7467292
7461964
7346442
7455447
7461087
7470060
7356229
7353778
7343341
7456636
7347153
7460785
7462643
7348832
7458314
7349730
7350921
7463249
7466428
7465390
7463106
7461639
7461777
7457634
7359521
7353367
7461252
7462585
7466907
7457140
7462594
7350311
7461926
7459091
7464849
7395688
7367642
7462446
7462610
7358931
7461976
7346064
7456393
7454990
7460926
7464875
7348228
7464250
7455730
7457699
7364235
7352623
7462774
7458592
7346273
7461072
7361552
7458080
7455837
7457605
7466476
7467544
7354486
7356041
7459568
7344710
7458947
7348831
7348566
7457068
7345168
7463104
7456270
7461188
7356230
7458631
7351709
7368336
7350069
7456468
7354732
7463778
7352310
7458921
7348867
7354407
7361887
7461237
7349107
7352601
7350706
7461436
7460181
7458309
7455518
7365858
7460997
7459560
7464131
7351455
7350560
7462446
7466071
7364451
7463205
7460468
7461417
7361595
7461712
7343923
7349901
7459506
7351769
7457610
7464082
7460321
7457684
7350707
7462004
7458592
7453206
7457477
7458229
7466037
7462286
7458646
7353561
7350610
7459890
7356695
7469567
7464563
7464108
7465347
7463652
7457261
7457227
7354550
7354333
7461238
7362957
7462751
7463193
7351701
7346890
7458236
7468019
7458951
7459041
7352893
7458090
7461380
7350813
7350701
7462441
7352115
7461689
7457849
7454856
7458204
7456484
7359433
7459251
7461875
7356664
7462701
7467726
7464791
7463166
7356728
7349232
7455717
7457364
7462185
7458609
7351317
7460595
7348937
7383965
7455887
7460139
7357504
7455816
7456929
7364508
7345124
7460804
7351150
7458137
7457785
7355912
7347377
7460126
7457949
7458354
7463619
7344835
7351033
7459921
7460086
7461263
7462159
7464251
7357416
7457878
7458408
7462206
7362047
7352323
7458015
7468228
7462493
7457088
7461287
7465453
7348272
7461154
7357071
7460406
7457749
7354787
7467067
7460442
7460580
7461734
7355226
7462169
7456784
7358600
7458183
7360105
7462130
7461110
7458434
7346336
7350230
7362076
7380672
7353050
7456115
7353542
7461791
7468179
7463420
7354802
7460242
7351784
7349214
7349681
7350476
7456998
7464364
7459477
7459361
7461533
7461466
7462561
7351297
7352731
7461729
7361095
7462867
7462631
7458742
7461833
7350842
7354546
7465303
7461221
7458444
7465670
7397122
7359911
7372840
7458824
7351798
7461095
7460928
7461323
7457052
7351764
7462095
7349134
7346931
7353199
7350530
7461824
7462500
7352309
7462276
7465082
7352818
7346086
7392328
7460613
7385459
7351802
7368669
7457367
7352365
7454855
7348800
7461602
7457401
7461045
7367971
7467454
7356833
7352979
7347799
7413011
7350146
7353040
7461688
7350769
7466787
7457891
7462811
7368458
7461542
7373881
7461954
7352057
7460849
7455057
7458218
7460765
7460297
7455809
7353473
7350812
7459432
7462982
7465267
7361156
7460115
7367327
7344150
7460954
7461112
7462108
7457835
7464191
7456185
7356120
7357103
7361979
7461081
7465763
7465182
7463937
7361751
7458170
7348892
7458306
7348549
7459837
7455566
7459919
7384342
7457915
7461938
7348981
7462337
7464048
7461376
7462002
7462210
7458685
7464135
7460892
7462414
7462032
7456103
7350106
7346626
7351529
7366451
7466707
7465634
7458183
7464648
7461280
7459776
7345449
7459358
7460517
7462490
7462726
7464634
7456191
7384662
7454236
7461492
7460815
7465068
7453806
7466528
7462347
7394549
7464575
7455757
7349755
7347214
7356598
7457726
7349833
7459642
7460990
7458502
7462599
7461875
7460253
7459868
