659848	227661	432187
543583	222130	321453
683092	228626	454466
669865	241813	428052
650884	234136	416748
655622	233832	421790
590480	201187	389293
637618	234110	403508
644899	213640	431259
724581	236465	488116
613892	204787	409105
576131	215252	360879
689465	205154	484311
656703	238627	418076
645266	217952	427314
548458	222793	325665
648138	225020	423118
676493	220164	456329
626156	218228	407928
703890	222237	481653
676647	230677	445970
635837	245219	390618
663281	235486	427795
624489	217941	406548
616589	222732	393857
629491	233651	395840
545599	224225	321374
709055	236467	472588
631949	213327	418622
675227	228356	446871
541060	202730	338330
609845	222594	387251
546331	211291	335040
596834	226924	369910
676258	225770	450488
648361	238023	410338
610328	241226	369102
624078	216420	407658
661782	231978	429804
625295	218591	406704
612306	215468	396838
593020	222953	370067
604730	223119	381611
710525	228135	482390
602167	236699	365468
604348	220507	383841
674195	234952	439243
717692	236532	481160
682482	224412	458070
632767	229876	402891
603423	221440	381983
676115	236938	439177
656989	231906	425083
738281	248641	489640
631355	212622	418733
637423	228787	408636
604860	227504	377356
618768	236178	382590
627614	228295	399319
699983	234645	465338
626477	226685	399792
590376	228022	362354
644159	227521	416638
614136	222490	391646
557958	218374	339584
639601	213151	426450
677139	230337	446802
597837	218443	379394
541830	215352	326478
600540	244646	355894
591843	217045	374798
674772	208661	466111
658360	227093	431267
625825	234063	391762
602093	229693	372400
575527	214289	361238
634267	227798	406469
663414	210664	452750
547694	228433	319261
549316	210730	338586
589111	216297	372814
681393	233886	447507
677379	245801	431578
593931	232113	361818
645509	227592	417917
658127	238161	419966
631083	235227	395856
636583	233003	403580
691508	214597	476911
626805	226605	400200
684300	242346	441954
683592	233035	450557
642479	221375	421104
638356	210834	427522
568887	210775	358112
634801	222832	411969
631185	214221	416964
665826	215594	450232
670511	236921	433590
600672	225452	375220
662714	252105	410609
726777	230599	496178
616798	211147	405651
708397	226932	481465
673233	231640	441593
646201	218630	427571
640442	231998	408444
699801	217206	482595
599348	220255	379093
624777	219403	405374
645680	233223	412457
596711	245908	350803
629679	215337	414342
621363	211565	409798
683173	235725	447448
673560	234229	439331
578160	227288	350872
656446	240394	416052
566187	209309	356878
690394	228321	462073
512881	214982	297899
693579	245939	447640
665692	230731	434961
684493	217093	467400
701076	218844	482232
585625	230461	355164
581495	209902	371593
646267	217798	428469
636794	215789	421005
618091	238279	379812
702539	243497	459042
675954	244323	431631
625372	225918	399454
600146	229744	370402
717033	224586	492447
621738	214055	407683
638133	233692	404441
571167	226650	344517
647741	232969	414772
624232	225737	398495
661776	230372	431404
674911	222603	452308
521594	217514	304080
704425	206414	498011
697375	228687	468688
585685	223623	362062
658258	218244	440014
606011	214117	391894
674738	215415	459323
627888	215853	412035
629024	223002	406022
621223	233718	387505
711601	244176	467425
665642	232190	433452
624617	209455	415162
601980	223708	378272
582859	216620	366239
603925	229028	374897
647969	215573	432396
593468	212555	380913
698213	224043	474170
690054	213181	476873
670118	230887	439231
619654	223897	395757
625097	219698	405399
588906	214885	374021
587321	222190	365131
659677	217439	442238
605923	222566	383357
598679	226526	372153
625180	208099	417081
587845	225191	362654
663389	216660	446729
552191	225511	326680
597781	234146	363635
632019	214899	417120
665234	233972	431262
651521	215974	435547
627310	219759	407551
648297	234117	414180
587472	225993	361479
585483	228925	356558
661779	218349	443430
542489	216764	325725
617715	229611	388104
595639	224956	370683
650020	224091	425929
625332	219954	405378
664265	231887	432378
678603	218591	460012
633281	221317	411964
634911	228168	406743
639216	216744	422472
602910	221697	381213
606581	228724	377857
679012	233327	445685
626655	212495	414160
598845	213511	385334
607527	219705	387822
635278	243169	392109
682271	232843	449428
598579	228635	369944
630361	226995	403366
734286	234379	499907
656619	236065	420554
637101	222871	414230
701757	227373	474384
612583	226645	385938
549101	223584	325517
728783	230462	498321
708917	241204	467713
711767	239479	472288
611430	214661	396769
639530	220674	418856
607609	213764	393845
576571	227062	349509
601962	225161	376801
679159	223289	455870
637244	226697	410547
569863	203768	366095
665616	244146	421470
642171	230474	411697
583208	226463	356745
575284	212443	362841
584561	219316	365245
677550	228101	449449
615695	216457	399238
558504	201677	356827
549517	225706	323811
590564	228996	361568
673221	218789	454432
643385	211413	431972
633541	201497	432044
685235	234088	451147
625042	227661	397381
710164	240778	469386
643655	229345	414310
614393	210661	403732
709259	240155	469104
663014	233086	429928
738582	235101	503481
628205	224253	403952
662716	226046	436670
532336	210899	321437
658003	235281	422722
614062	234122	379940
711918	226897	485021
657153	213415	443738
620628	230031	390597
693328	237909	455419
664503	243155	421348
616149	224435	391714
569662	218949	350713
686242	222800	463442
624807	215289	409518
663200	233844	429356
734199	240118	494081
584945	211275	373670
690307	207402	482905
643285	219668	423617
588102	207375	380727
629235	216061	413174
600862	236081	364781
641198	230070	411128
764941	232238	532703
657058	257454	399604
611029	213055	397974
637363	227548	409815
606496	223112	383384
589427	229587	359840
583738	220433	363305
637407	225240	412167
660252	233351	426901
648215	236689	411526
587812	224910	362902
677012	226742	450270
653900	227409	426491
649593	241640	407953
670275	225926	444349
587113	199517	387596
654271	202260	452011
546388	220677	325711
569118	221967	347151
691659	251784	439875
630174	222108	408066
649517	237013	412504
604852	221437	383415
643655	223708	419947
586828	221771	365057
740615	237891	502724
626750	231415	395335
738548	229914	508634
626803	228925	397878
574315	231688	342627
659303	236860	422443
595490	225288	370202
629807	225049	404758
567421	230470	336951
609245	222786	386459
592528	236924	355604
637626	220758	416868
655942	234067	421875
586052	215664	370388
600727	223382	377345
671451	238176	433275
545545	217323	328222
637480	230622	406858
596153	216514	379639
627585	235987	391598
656705	236462	420243
596418	214708	381710
641630	222360	419270
630161	226314	403847
617225	220817	396408
636719	225972	410747
662461	214051	448410
542969	225004	317965
593552	233837	359715
630830	221376	409454
635289	230466	404823
561792	223858	337934
686977	216802	470175
648926	224327	424599
586519	222838	363681
636652	238009	398643
599851	225375	374476
683189	223990	459199
718613	234500	484113
701985	228146	473839
536022	224807	311215
608355	230851	377504
572384	221256	351128
695256	235905	459351
697123	240715	456408
698358	223923	474435
659514	239957	419557
678340	233354	444986
698485	229166	469319
606723	226512	380211
590194	219472	370722
579803	216853	362950
589198	233773	355425
605300	217928	387372
606244	223355	382889
668259	234482	433777
617520	217193	400327
624816	221458	403358
570701	224184	346517
634311	216836	417475
600709	218110	382599
680369	242415	437954
669922	222096	447826
587730	216412	371318
671860	237259	434601
648246	229107	419139
617605	231809	385796
712792	227215	485577
650290	217149	433141
625474	224995	400479
700691	233424	467267
655488	217383	438105
587876	222952	364924
641903	217517	424386
612240	215024	397216
556349	223774	332575
589611	227409	362202
692915	224541	468374
762578	237496	525082
606236	216554	389682
609094	219472	389622
575835	221570	354265
639752	209511	430241
621100	233820	387280
641330	227611	413719
652819	224265	428554
567939	206317	361622
611190	233464	377726
590846	210452	380394
534270	223912	310358
621566	229183	392383
694134	221288	472846
638751	217192	421559
653506	208922	444584
638979	227470	411509
642032	224589	417443
657119	250182	406937
624881	222936	401945
695829	228824	467005
645620	234979	410641
715181	224390	490791
556870	235098	321772
568671	200402	368269
652678	239145	413533
656910	234755	422155
600257	228849	371408
558806	232433	326373
585277	206050	379227
617156	208908	408248
622868	223595	399273
653533	207890	445643
571457	217000	354457
576421	207425	368996
549837	229897	319940
636862	250204	386658
590541	224898	365643
590673	222667	368006
638023	216408	421615
649821	225811	424010
669858	221762	448096
683783	236058	447725
671683	251219	420464
666355	229543	436812
618635	205379	413256
681135	228946	452189
544030	210772	333258
639550	230282	409268
687944	229556	458388
571059	206380	364679
664848	222676	442172
543392	221855	321537
616731	218253	398478
740621	222414	518207
676167	226871	449296
579551	214409	365142
644488	203148	441340
600060	220843	379217
536428	208194	328234
583197	210470	372727
601419	232409	369010
691541	234002	457539
658589	227443	431146
660114	243739	416375
558899	231674	327225
678768	229717	449051
703248	235024	468224
664765	220787	443978
614869	213578	401291
686399	242056	444343
673128	223635	449493
634261	222513	411748
680142	216038	464104
669957	238680	431277
583095	234844	348251
592532	221546	370986
591386	231878	359508
688049	240260	447789
557598	210792	346806
648937	211770	437167
589413	220701	368712
651446	222656	428790
609984	227633	382351
641480	218069	423411
686622	210806	475816
629891	244660	385231
630047	223560	406487
677735	224399	453336
610733	229649	381084
714853	226248	488605
608263	218517	389746
578775	217064	361711
695363	245930	449433
650980	224944	426036
698861	212899	485962
559396	208159	351237
674508	232962	441546
644637	233843	410794
584383	209231	375152
659493	220200	439293
675460	232176	443284
638160	204415	433745
665974	222503	443471
611391	213199	398192
642052	229612	412440
589288	226347	362941
628059	233943	394116
740321	245165	495156
640149	225844	414305
687171	220208	466963
606564	215611	390953
630975	232409	398566
708798	240081	468717
572188	219740	352448
691249	239859	451390
564796	211365	353431
651299	241449	409850
651788	211796	439992
625237	218341	406896
584563	245446	339117
584407	209912	374495
605935	218172	387763
563499	224408	339091
733263	230520	502743
685818	242295	443523
652230	222238	429992
667707	240990	426717
557240	216576	340664
581727	195400	386327
643989	223043	420946
661877	231501	430376
627108	225902	401206
