6683778
6631460
6668253
6627033
6695672
6531064
6540814
6662779
6730606
6615843
6468284
6676698
6725664
6590797
6534704
6593834
6630263
6510916
6649466
6684076
6593209
6757513
6547381
6647588
6606671
6669046
6651337
6738168
6734680
6636752
6581295
6611542
6579601
6722827
6703904
6554781
6613526
6715365
6652524
6612818
6687709
6671455
6606840
6634727
6607564
6628225
6611529
6535218
6637283
6642648
6652111
6584513
6587712
6663579
6719332
6574010
6323701
6517638
6584521
6556184
6728119
6636533
6620357
6565174
6496959
6513379
6544259
6532451
6727792
6498682
6665183
6487219
6607521
6555534
6604918
6539292
6485359
6592472
6529587
6588448
6555713
6462083
6693051
6581882
6645063
6689941
6522291
6556378
6577896
6568421
6714466
6679090
6620584
6636428
6586499
6598163
6507384
6704089
6683915
6491778
6562004
6789528
6632238
6544916
6617566
6639315
6671598
6596417
6514173
6669427
6535983
6656454
6474882
6663917
6679938
6682830
6644934
6734257
6586323
6629653
6725740
6581484
6645848
6612045
6733959
6641316
6568428
6681296
6672670
6666594
6663829
6644991
6570241
6727344
6711431
6584042
6637465
6703892
6596999
6474073
6666248
6677090
6587955
6578423
6705411
6591414
6685361
6583218
6452613
6638866
6561735
6647956
6570517
6607170
6541889
6696835
6687353
6542736
6709690
6562000
6659372
6504115
6637191
6743404
6623457
6708333
6573551
6595757
6516130
6596641
6501630
6610840
6720360
6585943
6569861
6684539
6697667
6558689
6569116
6545349
6676465
6497018
6742003
6471633
6583341
6723442
6566416
6716962
6631330
6545868
6591440
6664466
6594510
6734055
6755892
6606605
6507025
6609200
6556320
6718750
6676758
6712157
6623110
6509292
6560769
6383958
6594312
6787400
6617407
6560269
6567243
6661938
6641425
6561050
6631661
6781708
6662231
6780968
6651975
6685999
6639640
6711172
6709704
6629023
6611115
6602947
6633518
6620898
6634568
6749503
6703015
6678433
6777448
6655600
6707471
6467315
6616272
6576631
6648607
6612669
6582527
6650819
6634112
6557625
6606092
6544073
6633135
6648077
6643743
6630346
6715360
6637936
6584768
6680031
6636497
6588477
6630690
6626842
6658741
6627840
6570189
6664601
6550460
6721595
6528629
6750870
6644725
6672317
6608836
6573021
6560341
6647862
6550200
6691932
6600822
6540295
6707808
6585991
6672715
6634112
6603817
6615174
6510357
6517112
6601236
6652973
6464197
6549306
6663593
6429267
6659974
6772704
6685688
6639907
6656504
6670273
6495845
6642749
6618824
6643110
6660012
6657180
6725530
6626004
6639329
6392473
6689984
6468310
6566254
6709979
6648736
6688739
6719025
6586207
6773211
6632271
6652333
6764185
6667274
6663118
6544821
6591432
6698351
6598187
6478562
6664613
6740429
6649956
6652763
6524484
6557495
6746298
6734018
6622301
6712937
6604737
6566779
6586744
6656667
6642962
6639640
6610575
6524396
6609967
6662811
6616530
6690515
6559777
6698672
6659770
6699378
6650518
6380476
6641184
6599437
6642662
6670364
6525545
6502388
6612510
6672626
6642683
6582182
6493328
6734542
6606043
6583076
6758846
6415850
6794288
6579549
6612768
6673017
6570798
6560490
6622133
6545393
6677790
6680639
6648590
6693045
6642861
6636502
6620099
6619783
6731384
6640582
6592340
6710156
6674965
6720754
6506605
6624154
6542391
6494437
6706064
6655587
6739378
6654622
6750879
6618614
6594693
6727932
6649329
6634233
6672520
6596023
6758492
6572022
6595471
6580504
6632526
6695813
6723613
6639564
6666041
6675019
6576838
6679912
6616922
6626731
6565947
6627860
6780168
6636967
6527744
6648803
6680008
6572256
6573127
6658534
6608991
6684572
6548047
6573235
6653091
6683818
6516670
6552486
6713286
6640905
6675697
6617764
6522879
6690023
6598481
6629101
6672960
6508520
6668519
6555625
6576072
6658255
6683426
6560299
6633418
6541184
6572403
6490245
6656377
6619585
6647725
6544445
6509254
6766300
6669992
6614614
6648631
6643718
6614244
6682445
6614241
6711107
6688766
6599750
6585360
6648553
6536633
6612290
6629419
6708272
6603738
6606929
6686335
6580370
6601648
6739336
6625265
6574361
6593519
6558152
6670294
6599941
6575992
6632361
6612423
6659152
6612460
6548074
6637739
