570565
546448
636494
586653
515318
651718
600328
564312
616784
610630
529271
581470
563667
580741
535079
591968
641096
625540
630097
571509
630020
581622
541285
524293
502242
625891
540384
563479
555650
535683
567789
555324
582134
616367
627784
589196
578204
567939
576359
560995
590149
590031
595014
595124
598034
576294
604898
613091
596452
568712
572040
559415
653340
662000
562235
509226
38343
603841
510385
604773
580872
48019
608252
542423
538291
608634
621249
571030
641377
616353
601145
601838
623354
548412
648154
541397
560460
565696
550152
533975
571321
568221
611529
639602
553279
574510
600925
592720
590895
576807
558243
597433
530299
594274
574879
545626
555640
592797
659017
589193
601847
570752
593695
608352
615589
542658
599153
577191
590314
620168
546920
657845
544455
526467
575887
555009
558323
610370
606928
604003
580492
589928
609868
619270
585797
609569
571344
591225
569696
527478
561779
611423
552605
581306
572024
574025
573359
560772
615407
581262
601937
567396
539036
547394
575283
546563
609959
619707
544238
562634
510086
558740
634264
535745
580183
587422
553444
585314
550650
593886
611744
549123
625810
558401
618931
546012
569143
594530
583031
535383
579957
582011
651080
630478
589685
557100
579462
650797
607570
582023
579543
590299
516158
588818
551327
621222
48762
531320
553812
602919
637276
579617
628023
623647
613321
606020
603861
530729
549343
550901
635303
635519
548740
620146
638700
522261
552227
515798
552217
577446
573254
592370
562841
585998
490551
511687
541320
568847
607518
579046
613472
647515
526250
616963
635020
641537
572432
593469
538676
597190
524297
536868
600827
573302
547334
599778
591294
534491
522789
577672
598712
572891
604901
579972
566466
633320
493784
505117
471991
597432
645592
603275
628143
611048
607901
586066
613781
580268
557244
532434
517779
624020
593059
623454
632660
632413
594851
558678
544839
536213
517168
567867
595613
626153
540702
618807
609600
630799
584390
597882
572571
600954
614364
671439
567971
622283
527188
560373
538390
543544
592564
564339
539598
571593
603445
573192
617670
589780
510088
628841
563751
608960
549567
602906
626319
558492
545342
585536
578200
550612
552087
559293
565642
578352
567247
531152
579071
649668
586305
606241
562173
550733
579899
572649
570226
520235
593628
622978
602689
594879
554885
573115
625263
556273
617937
566912
589124
589179
588866
632692
600616
547460
488936
571653
591112
617874
566013
520038
584989
576771
631695
605223
646573
631782
599702
598914
530592
577673
597856
579585
577550
583531
561513
574866
576833
572135
656168
643940
578477
675515
548321
586702
528484
597293
569319
511070
519625
593054
602172
650079
608117
573077
594055
644304
579970
562092
506059
598732
634687
569672
604351
517388
623240
623295
627556
576844
593686
535640
596060
642524
577092
536270
610946
665820
544101
583208
580520
629048
486309
649208
645820
571340
541898
590158
579546
558937
624342
571628
577420
582055
585489
627655
599428
521072
527950
528318
523328
604414
613118
554455
479335
673622
576008
568377
590965
534088
567590
590443
569187
553445
610661
665978
596501
555934
652631
593047
575514
500856
585417
582131
510486
628383
596526
638017
577266
634219
540072
622978
584678
621725
583705
636030
576713
579274
571792
532927
581853
527643
520719
540693
661269
524978
626825
558188
572350
617124
613431
547739
543084
541019
660054
655905
612362
576003
604332
533969
550863
614509
525519
570435
593241
616545
608501
552219
631340
622230
612493
573990
558492
592166
