1234802
1312644
1303459
1344744
1241899
1303979
1307963
1329689
1339285
1356694
1257473
1331895
1260842
1319684
1300803
1306469
1302016
1381668
1334494
1353459
1264441
1239921
1300681
1308507
1243311
1323280
1254384
1367515
1262126
1307185
1251220
1273492
1314563
1278154
1330539
1278818
1351078
1235483
1282138
1288558
1326474
1304394
1242455
1229885
1340373
1320266
1371145
1316357
1293236
1264830
1340562
1260974
1351885
1338729
1257556
1300094
1265989
1275761
1270721
1359301
1295990
1235934
1314461
1279348
1324825
1240642
1381190
1292195
1268454
1354086
1327526
1311526
1253447
1344884
1350521
1289173
1305093
1349751
1362644
1290375
1260385
1302470
1270954
1348866
1305621
1357523
1345684
1294305
1268847
1330193
1343706
1338821
1265939
1278772
1277980
1357021
1290716
1257159
1348971
1354968
1324613
1288641
1263597
1338782
1325383
1285245
1381495
1330716
1318575
1322850
1279447
1243962
1262121
1279121
1279071
1270088
1314697
1305357
1271005
1329901
1331943
1337505
1346753
1384258
1380316
1296643
1288426
1364635
1263710
1331123
1269638
1326603
1275789
1266384
1342916
1307341
1372584
1294781
1352649
1293629
1267138
1321608
1287397
1290121
1286646
1238062
1274530
1252611
1246923
1239770
1319152
1278638
1332311
1353777
1354867
1328861
1295454
1326461
1269529
1347186
1395332
1380505
1356285
1223642
1305742
1331194
1355016
1362479
1234245
1239931
1249975
1319495
1266588
1296412
1345883
1239932
1272915
1259902
1364882
1164142
1281620
1312079
1242683
1282919
1282457
1328026
1294172
1267702
1297691
1355253
1302385
1213957
1299450
1329178
1352300
1299015
1345735
1305162
1347125
1351532
1337171
1253036
1236483
1296851
1370946
1237565
1274576
1266066
1300852
1286012
1269538
1295031
1300802
1290997
1302600
1316540
1350854
1336936
1370499
1293922
1341253
1294852
1302582
1303730
1295594
1301556
1291592
1300907
1352719
1302689
1275249
1301761
1301845
1267509
1217835
1337924
1278966
1306308
1322596
1307463
1331685
1301657
1333778
1284003
1269382
1239219
1293917
1197333
1256017
1235770
1351455
1216950
1275142
1264938
1302176
1275250
1273365
1263059
1271410
1281741
1256842
1330213
1306569
1306707
1313599
1367872
1292067
1291159
1249188
1281423
1209850
1255336
1336537
1290170
1215610
1329657
1307988
1310453
1351369
1246331
1273651
1293355
1365192
1377656
1279332
1343904
1274129
1305256
1333258
1368584
1249208
1339694
1359934
1255520
1339271
1318508
1287811
1233287
1282576
1342112
1322131
1322520
1312349
1383311
1329482
1255708
1257884
1225076
1267707
1338830
1284641
1272167
1293107
1294162
1315018
1221439
1289969
1264519
1249030
1344233
1333968
1265283
1356570
1312018
1296229
1277307
1195309
1288652
1285149
1309609
1325993
1324138
1263308
1247402
1361285
1293390
1327973
1336965
1347639
1232905
1241347
1294083
1312103
1281117
1267853
1265760
1366741
1210964
1245485
1260997
1311694
1343228
1352192
1287094
1304114
1297940
1332194
1351240
1311595
1395568
1307485
1255823
1292683
1286155
1249082
1197359
1338081
1337065
1342441
1313110
1221170
1358013
1325332
1261127
1269549
1301637
1233767
1334099
1358019
1357960
1276245
1334769
1331419
1330108
1251032
1312473
1360317
1301130
1344614
1283322
1257131
1208439
1313996
1328994
1250814
1294368
1315869
1304598
1294551
1306452
1246162
1272527
1324345
1318320
1302055
1324024
1349974
1346889
1333530
1339104
1348749
1298318
1263120
1256322
1294772
1355108
1343355
1227755
1249012
1303428
1331046
1325931
1209485
1260048
1388334
1353038
1241625
1378515
1297437
1256785
1275218
1287772
1306948
1372862
1332330
1221613
1354910
1352389
1220169
1251715
1275615
1332778
1347750
1273039
1349810
1325024
1315717
1240670
1254471
1332942
1276282
1363726
1335871
1266136
1337115
1392765
1248191
1303312
1296586
1310130
1251361
1371455
1342082
1288369
1346577
1273877
1274562
1339085
1300692
1282402
1315478
1319116
1307737
1257818
1291569
1269110
1331723
1295614
1321215
1304684
1354627
1304896
1331656
1278519
1211141
1345520
1281660
1226425
1292307
1249053
1297578
1354378
1287320
1275220
1308598
1232255
1297133
1299799
1333911
1387492
