5566232
5582398
5574951
5603423
5617858
5592806
5601824
5562056
5619107
5555172
5615596
5579003
5586312
5598755
5651430
5556143
5598212
5567042
5626491
5595939
5594989
5630866
5589082
5609535
5549337
5582812
5603772
5598073
5663757
5538331
5586750
5593731
5593331
5578857
5635561
5593356
5595229
5595472
5558420
5625583
5599263
5612624
5605450
5595289
5549247
5624560
5588814
5594091
5573178
5584202
5601610
5589464
5603639
5588229
5608820
5555772
5604118
5602456
5578673
5567326
5589934
5613243
5630751
5602638
5586695
5623649
5557126
5591654
5541733
5594037
5598278
5629341
5624908
5616949
5553697
5626570
5627419
5614545
5584215
5585704
5570617
5632026
5603738
5575162
5597438
5601711
5598529
5584724
5652003
5596857
5597235
5609033
5603816
5557576
5618291
5599949
5554397
5630205
5583496
5608791
5628837
5555785
5570469
5604185
5573332
5627570
5572639
5559069
5576850
5591502
5586205
5615728
5626354
5595666
5642900
5583513
5577529
5550853
5577689
5568855
5609713
5607854
5605033
5582045
5637812
5534237
5549424
5603076
5596810
5586137
5580851
5574535
5608795
5600511
5538141
5600095
5602573
5577662
5589675
5626636
5592442
5613684
5597775
5582399
5625037
5602432
5583565
5600032
5581224
5565849
5575758
5603224
5571938
5601392
5588183
5563092
5622588
5595523
5620828
5630971
5576815
5615655
5612379
5603006
5591243
5547962
5562177
5581144
5624107
5573381
5588474
5591585
5617552
5622500
5591298
5617611
5581340
5582985
5558071
5605212
5613923
5608920
5647080
5571624
5559927
5605537
5644459
5609275
5561885
5569906
5612905
5547155
5592477
5607935
5595099
5591012
5604027
5585578
5605255
5549002
5611435
5589730
5599705
5575426
5639221
5581470
5598480
5596488
5613304
5607880
5616776
5594380
5595856
5559763
5587615
5580135
5588116
5558644
5570222
5640456
5544467
5566228
5610461
5636603
5587684
5601445
5579444
5595792
5605824
5605676
5610774
5623964
5583828
5632629
5575264
5549586
5622921
5581046
5575808
5578433
5612461
5614355
5593968
5599276
5581013
5567393
5585483
5551571
5604527
5572509
5592012
5603883
5612165
5531430
5614173
5572179
5598371
5625641
5570145
5631195
5580313
5591115
5579746
5631313
5610172
5563250
5608128
5622027
5614307
5568028
5609504
5597001
5589248
5616218
5617005
5598292
5586263
5578464
5617087
5527959
5643282
5592632
5613710
5542980
5590552
5527999
5603228
5542804
5618423
5603467
5580936
5578771
5610191
5576227
5606042
5598074
5616368
5598930
5649769
5561257
5584792
5583036
5579463
5599893
5588755
5627391
5572484
5618067
5590443
5606802
5639029
5633215
5612594
5595352
5587418
5606500
5626908
5575353
5624131
5542627
5590286
5601934
5548515
5614549
5600418
5577094
5534628
5558664
5594613
5580015
5613408
5609513
5565528
5585719
5568694
5651292
5572234
5618727
5576335
5609813
5587860
5588903
5570234
5608859
5605248
5607485
5601869
5627997
5588983
5606906
5626634
5636908
5640432
5603199
5592169
5575007
5579645
5570795
5590343
5616999
5590485
5583552
5584413
5589388
5616470
5579754
5556063
5631138
5608573
5630399
5563170
5568596
5589028
5561710
5617541
5621134
5603985
5567263
5623218
5599358
5618636
5594372
5598474
5620144
5597152
5570352
5608054
5568021
5643257
5561328
5588372
5604473
5559528
5611770
5610889
5638027
5592612
5609279
5620006
5551783
5593711
5592668
5615888
5592877
5595971
5554454
5577973
5579790
5590765
5595250
5535176
5565634
5617921
5602463
5559568
5590947
5562570
5596708
5583441
5653058
5603607
5602093
5556068
5624120
5605651
5576022
5600101
5613885
5619616
5608976
5620783
5608007
5614298
5601597
5590664
5580996
5594334
5662259
5585729
5619893
5592742
5577789
5616952
5605546
5630587
5612395
5610452
5642192
5583358
5560627
5586087
5608197
5622804
5586336
5586557
5598179
5568286
5582632
5605612
5579837
5598147
5629423
5583246
5605506
5631824
5613224
5617873
5613219
5580409
5639839
5581183
5598704
5548356
5609105
5603445
5593309
5635284
5547473
5586263
5588378
5555145
5614261
5604300
5637216
5578241
5576444
5603612
5646421
5549418
5591791
5619650
5565864
5566995
5603580
5601873
5638523
5574569
5627732
5578497
5608970
