191361	765	190596
57061	286	56775
133808	68	133740
44887	198	44689
98970	552	98418
57266	179	57087
211498	445	211053
145177	408	144769
219486	171	219315
166022	261	165761
53412	100	53312
212195	245	211950
139507	765	138742
163746	92	163654
120396	204	120192
249269	1333	247936
183329	423	182906
161758	92	161666
196521	171	196350
177537	550	176987
112340	50	112290
63063	354	62709
196139	352	195787
225741	537	225204
237156	552	236604
48494	50	48444
191587	54	191533
217136	252	216884
70908	798	70110
228159	550	227609
191659	423	191236
259493	1333	258160
206301	1333	204968
215723	408	215315
191539	261	191278
161508	276	161232
204023	580	203443
182676	276	182400
117280	334	116946
254407	1333	253074
205815	334	205481
211025	401	210624
174045	54	173991
188596	53	188543
124055	1333	122722
234019	443	233576
264409	207	264202
265669	332	265337
186716	83	186633
117482	245	117237
135473	349	135124
191802	334	191468
161834	53	161781
181037	393	180644
182022	567	181455
110839	204	110635
176195	190	176005
133945	190	133755
139407	238	139169
182409	50	182359
236319	528	235791
179820	349	179471
28868	99	28769
89153	882	88271
193043	270	192773
158907	798	158109
207235	53	207182
122174	85	122089
167764	294	167470
153702	99	153603
197312	882	196430
146980	54	146926
215332	1065	214267
243509	1333	242176
249184	1418	247766
129160	286	128874
224468	817	223651
185563	276	185287
248332	443	247889
62430	53	62377
157373	85	157288
173966	276	173690
143256	243	143013
102708	97	102611
71567	276	71291
217430	167	217263
180606	659	179947
175529	54	175475
194247	369	193878
240298	277	240021
220680	294	220386
187137	224	186913
168344	224	168120
76990	194	76796
185553	369	185184
157227	68	157159
182602	528	182074
222353	190	222163
231358	167	231191
238241	53	238188
243700	209	243491
217569	331	217238
93722	686	93036
73242	99	73143
257845	528	257317
196963	220	196743
114220	798	113422
175908	194	175714
73977	50	73927
179591	238	179353
92947	332	92615
118955	85	118870
88995	204	88791
112723	85	112638
168587	220	168367
188909	190	188719
83340	252	83088
209165	276	208889
266276	882	265394
246267	294	245973
168119	528	167591
133918	54	133864
74126	224	73902
223549	99	223450
208703	334	208369
80697	220	80477
206406	238	206168
223435	252	223183
188298	224	188074
81683	393	81290
195540	385	195155
75872	276	75596
22798	53	22745
247309	385	246924
149396	294	149102
137279	99	137180
79659	252	79407
220907	286	220621
41990	276	41714
195368	332	195036
170120	904	169216
195400	167	195233
42504	50	42454
163638	100	163538
202179	276	201903
175583	118	175465
112817	552	112265
177758	817	176941
92733	204	92529
240011	550	239461
83396	286	83110
88024	209	87815
84710	92	84618
220866	1333	219533
197140	286	196854
33126	131	32995
190884	131	190753
207264	276	206988
113640	209	113431
199331	683	198648
247851	252	247599
221926	1333	220593
184656	252	184404
86363	286	86077
223709	423	223286
217461	83	217378
104349	99	104250
142459	50	142409
138604	54	138550
209634	528	209106
56176	344	55832
56393	270	56123
219468	1418	218050
206521	401	206120
190005	100	189905
61849	224	61625
100808	349	100459
96104	50	96054
105591	369	105222
173004	92	172912
220936	798	220138
215852	118	215734
129570	294	129276
157312	1333	155979
93096	276	92820
140926	131	140795
188359	1418	186941
199591	238	199353
144400	276	144124
201193	50	201143
158361	92	158269
202100	164	201936
110645	238	110407
196566	194	196372
190163	294	189869
185031	100	184931
174944	198	174746
117181	53	117128
136520	804	135716
196201	190	196011
160594	131	160463
216306	131	216175
214240	798	213442
239328	408	238920
202768	352	202416
221350	567	220783
191812	238	191574
238230	443	237787
203052	369	202683
94971	659	94312
204493	352	204141
185575	349	185226
189314	385	188929
230709	537	230172
191621	369	191252
184370	276	184094
232851	401	232450
208561	276	208285
181294	131	181163
149860	445	149415
97055	567	96488
160810	118	160692
71379	92	71287
76924	276	76648
193906	207	193699
184648	170	184478
186280	194	186086
137454	552	136902
73700	194	73506
183270	281	182989
231998	528	231470
258337	204	258133
251359	281	251078
158046	54	157992
73728	423	73305
243432	332	243100
161195	360	160835
128737	580	128157
158444	274	158170
193888	408	193480
103696	224	103472
197111	286	196825
256350	443	255907
151939	54	151885
172044	54	171990
189749	1065	188684
216898	224	216674
206776	294	206482
160954	190	160764
213560	252	213308
131316	765	130551
80322	276	80046
228908	170	228738
99453	765	98688
218912	401	218511
190663	528	190135
203126	401	202725
196530	286	196244
118291	224	118067
192379	550	191829
148285	817	147468
236693	804	235889
234666	445	234221
161787	220	161567
220810	385	220425
174380	369	174011
205893	252	205641
211394	252	211142
130733	1333	129400
71516	209	71307
141301	207	141094
168617	137	168480
184408	224	184184
172565	385	172180
135728	798	134930
166918	286	166632
210204	354	209850
63566	97	63469
184968	167	184801
217494	220	217274
154099	1065	153034
192628	198	192430
163112	99	163013
131911	54	131857
192282	50	192232
170195	252	169943
71551	131	71420
176132	179	175953
195836	352	195484
69826	209	69617
169752	276	169476
254730	765	253965
190674	889	189785
206887	528	206359
109583	804	108779
201426	194	201232
179753	401	179352
205832	198	205634
168582	54	168528
182235	85	182150
191467	97	191370
155671	1418	154253
182226	209	182017
162398	68	162330
118249	179	118070
101117	332	100785
180359	1065	179294
242401	904	241497
159119	245	158874
98880	401	98479
159441	100	159341
220626	224	220402
150088	224	149864
221319	170	221149
224616	1418	223198
264132	252	263880
186206	84	186122
87685	798	86887
166423	170	166253
79629	97	79532
183696	286	183410
194606	245	194361
277897	1418	276479
168164	53	168111
171023	276	170747
201637	92	201545
47552	54	47498
172471	118	172353
35208	50	35158
194874	54	194820
151121	360	150761
102090	281	101809
247122	683	246439
199657	798	198859
183391	334	183057
175327	528	174799
264659	1065	263594
207659	401	207258
133144	209	132935
200830	904	199926
209274	580	208694
63227	252	62975
175482	270	175212
158064	245	157819
255724	286	255438
79101	401	78700
143325	97	143228
207013	904	206109
136677	179	136498
196889	1333	195556
175987	245	175742
158033	243	157790
229047	270	228777
162134	97	162037
151989	804	151185
149792	85	149707
134860	334	134526
202974	194	202780
200665	286	200379
196675	131	196544
181418	401	181017
201892	408	201484
36385	54	36331
101681	537	101144
159736	164	159572
262228	423	261805
177673	683	176990
119015	331	118684
211984	804	211180
151710	889	150821
94433	198	94235
198147	209	197938
59050	138	58912
153438	276	153162
169262	224	169038
189196	170	189026
205245	360	204885
112521	804	111717
213629	167	213462
122510	179	122331
210259	385	209874
159797	294	159503
219605	354	219251
172081	238	171843
193304	179	193125
278867	882	277985
114660	354	114306
191166	385	190781
145316	261	145055
101722	276	101446
228876	118	228758
108750	53	108697
127281	194	127087
186520	99	186421
162713	194	162519
67725	550	67175
172683	54	172629
137874	686	137188
146621	277	146344
185832	50	185782
79304	276	79028
91227	54	91173
144170	179	143991
227275	179	227096
180024	804	179220
141506	765	140741
218805	354	218451
225865	252	225613
176071	243	175828
213704	50	213654
159835	580	159255
142038	401	141637
162547	334	162213
68278	224	68054
222203	131	222072
225216	83	225133
255845	1418	254427
90824	138	90686
199876	765	199111
178887	92	178795
251548	1333	250215
216654	352	216302
154147	54	154093
119898	889	119009
192969	1333	191636
110507	904	109603
273804	1418	272386
204548	97	204451
205965	179	205786
187798	224	187574
222577	252	222325
157807	68	157739
99795	445	99350
161340	252	161088
147237	99	147138
213483	274	213209
173794	552	173242
202067	245	201822
246386	401	245985
110850	550	110300
207301	170	207131
169835	281	169554
118945	804	118141
203980	276	203704
242085	580	241505
219897	100	219797
206959	83	206876
153791	224	153567
165576	198	165378
272339	354	271985
182090	423	181667
165271	369	164902
131303	167	131136
253932	220	253712
244855	1065	243790
226330	352	225978
233083	904	232179
75296	408	74888
161790	190	161600
190741	276	190465
245456	401	245055
195288	138	195150
92077	224	91853
116949	270	116679
160072	224	159848
141601	204	141397
182801	220	182581
220785	252	220533
122148	224	121924
221246	209	221037
180997	445	180552
67356	349	67007
62767	209	62558
184290	243	184047
187276	252	187024
281632	167	281465
211669	401	211268
212179	100	212079
254898	349	254549
151195	252	150943
93769	243	93526
116251	238	116013
114557	804	113753
179270	423	178847
168095	84	168011
233721	204	233517
150493	164	150329
247541	344	247197
196777	164	196613
207047	344	206703
178238	904	177334
213652	904	212748
161236	190	161046
226359	207	226152
163984	83	163901
207047	385	206662
215488	401	215087
149480	50	149430
267649	385	267264
149954	354	149600
