1765849
1970989
1954237
1831400
1885509
1897570
1876932
1917074
1927886
1878578
1914944
1847204
1793782
1990904
1898406
1860556
1959828
1922466
1730698
1853646
1979236
1963706
1829784
1841677
1900585
1964879
1909276
1834528
1889647
1799326
1961136
1966643
1867457
1865271
1804440
1900963
1918523
1887180
1891893
1864067
1920495
1886792
1892700
1909693
1984578
1901136
1904673
1873416
1916930
1875639
1943680
1952922
1913386
1713559
1945128
1930405
1861236
1914696
1891780
1853276
1895704
1836647
1824407
1826726
1844003
1793137
1937695
1989095
1877092
1804606
1747588
1811473
1801842
1793751
2000715
1853840
1695567
1846876
1907975
1877299
1843774
1970142
1753177
1849510
1927932
1945882
1851893
1934005
1914340
1864249
1829014
1895366
1833443
1798418
1929875
1926973
1920612
1850599
1939441
1907389
1793879
1894496
1827293
1802154
1932839
1850776
1928915
1931052
1991878
1939599
1918016
1893154
1879695
1879229
1845453
1822404
1979637
1938852
1762905
1916056
1870633
1741326
1798818
1865765
1865434
1877405
2009454
1883161
1798875
1771888
1941278
1930863
1988795
2015306
1904437
1876035
1790368
1935592
1980693
1870016
1910300
1824966
1846722
1961387
1849152
1845057
1961578
1799755
1958149
1804487
1800654
1945364
1994428
1869006
1686846
1819563
1900099
1836349
1992414
1990663
1799598
1722244
1879819
1886713
1913086
1859627
1828894
1869211
1773756
1950135
1833543
1883006
1898814
1876915
1864281
1845802
1874762
1891444
1977039
1909061
1797100
1945171
1981558
1932242
1885226
1961222
1924975
1900199
1839363
1809866
1881698
1941526
1888983
1898375
1847927
1903001
1832413
1974586
1767660
1751635
1934118
1878638
1920339
1917108
1829050
1914771
1884173
1916146
1897380
1750962
1811292
1949955
1945765
1946222
1815957
1860332
1871791
1978047
1897970
1897428
1954523
1921246
1849324
1920410
1889863
1751325
1888721
1874146
1917843
1920446
1910354
1973933
1900369
1858104
1900777
1872799
1848355
1811767
1887065
1945821
1965065
1828361
1895183
1867527
1990078
1798997
2017520
1951662
1753846
1844550
1827656
1920921
1920975
1859259
1926097
1890953
1896844
1817867
1778459
1831367
1754394
1831832
1930352
1820733
1784484
1762125
1849553
1818760
1854310
1875380
1841535
1840679
1903879
1844571
1891578
1842303
1869274
1766560
1952556
1885041
1802078
1840041
1921917
1817600
1848120
1817927
1948588
1869833
1906698
1908713
1939670
1819886
1937363
1793877
1852899
1997578
1901241
1797770
1872821
1980511
1792490
1889019
1977016
1893247
1828767
1730974
1941964
1873270
2009554
1853055
1925618
1864458
1763726
1888810
1861948
1859861
1761537
1913575
1867787
1793179
1847638
1850188
1893822
1831788
2026269
1797418
1912618
1866428
1973037
1886387
1937955
1940495
1872256
1955929
1950824
1921301
1788123
1871716
1939950
1789580
1806250
1924141
1928614
1871851
1835095
1886532
1834300
1925144
1807991
1918380
2001761
1750542
1830529
1774124
1803535
1892719
1924896
1957434
1794988
1928849
1764576
1725708
1944755
1917725
2002803
1942875
1897825
1889332
1798232
1919254
1723749
1870679
1910900
1936394
1882950
1912798
1980215
1826559
1852158
1897732
1905355
1977801
1891539
1951026
1953245
1846700
1898054
1983316
1896978
1836738
1896847
1872046
1944442
1753045
1944608
1815462
1922453
1747104
1928395
1880921
1937435
1790547
1914920
1841031
1723262
1817214
1847023
1777913
1840716
1845261
1807936
1818588
1912780
1902242
1868124
1871576
1878425
1957475
1788208
1884819
1895490
1773298
1958216
1892634
1912324
1936416
1851074
1750270
1833726
1967779
1809313
1951173
1821998
1860517
1893328
1895659
1970300
1964423
1938507
1813684
1762090
1960174
1901444
1955504
1683119
1979471
1822828
1887213
1824279
1904063
1904668
1811961
1898828
1908416
1786723
1746748
1912874
1846649
1801724
1848182
1925060
1933847
1999112
1902287
1862054
1894117
1836051
1883377
1778757
1877939
1836332
1942193
1750919
1741913
1918050
1836372
1943455
1855471
1872326
1779849
1820491
2002032
1835853
1841935
1873299
1826973
1877214
1879166
1989547
1810173
1809529
1780379
1823738
1890641
1802072
1972855
1814639
1932927
1884250
1880269
