3438283
3433056
3479075
3429898
3457971
3452536
3482406
3390345
3486069
3459886
3444711
3420463
3494114
3441899
3419418
3495744
3470195
3473492
3414429
3393269
3476731
3387523
3446024
3444596
3440228
3469457
3463948
3444024
3460350
3460029
3475492
3483615
3511579
3475574
3397804
3415165
3424590
3398018
3442032
3474857
3408302
3404247
3455178
3477911
3472507
3448866
3446172
3462836
3414659
3392868
3470285
3450988
3433587
3448320
3455922
3401792
3439845
3430079
3436471
3465249
3445428
3405692
3362557
3504868
3456518
3477074
3466449
3410593
3493077
3407677
3429867
3415768
3475443
3467970
3477212
3372546
3422862
3423537
3442939
3436440
3424439
3430189
3464075
3442645
3442803
3404704
3468230
3468040
3450685
3461346
3436063
3450234
3413553
3453718
3514316
3476336
3483338
3504892
3436005
3501489
3467392
3438491
3450200
3432346
3418966
3355763
3434206
3462672
3444031
3457680
3437087
3394850
3453458
3476996
3443137
3367980
3414779
3456623
3431796
3462253
3466089
3476389
3440538
3449537
3495385
3409349
3445351
3408232
3452176
3448967
3424022
3407904
3472133
3442077
3517241
3467185
3445623
3465825
3459450
3387479
3437501
3476056
3474319
3421828
3448403
3456630
3407508
3421484
3470405
3510799
3458722
3448648
3461832
3433730
3452957
3491321
3499479
3407630
3454828
3524270
3483351
3419344
3483979
3387109
3414640
3484884
3385029
3430770
3463716
3478813
3516653
3431861
3475649
3436347
3456746
3432110
3460026
3426301
3467928
3356275
3392944
3442694
3483770
3483913
3446116
3500560
3438943
3526611
3493034
3420647
3410087
3409069
3468700
3427836
3471673
3428480
3404880
3469718
3400146
3480659
3413122
3473509
3407483
3460573
3417557
3416011
3485079
3490103
3470067
3492099
3365750
3393522
3450047
3518380
3483524
3488420
3459708
3414266
3424653
3465186
3407561
3516326
3428701
3471753
3421532
3395898
3436558
3465179
3493377
3416630
3448452
3463722
3465077
3364818
3442954
3455850
3482551
3452041
3411701
3455805
3470248
3453768
3470810
3446434
3452898
3395310
3495464
3486500
3380440
3438342
3468552
3468247
3468908
3419478
3427975
3462759
3448960
3502233
3385019
3418513
3447968
3438666
3446890
3467530
3450063
3453147
3411278
3409805
3438042
3442192
3491847
3472072
3437617
3447976
3442271
3426394
3393010
3393225
3487644
3477332
3410796
3393440
3444653
3462140
3401717
3426656
3450131
3431499
3415794
3476341
3436120
3424896
3499211
3434909
3486415
3408373
3411703
3437018
3486998
3379868
3429491
3415601
3400093
3416012
3476917
3383233
3444546
3420777
3422432
3427003
3490511
3443735
3450332
3444396
3384262
3449856
3398863
3430123
3440317
3416206
3471076
3421558
3435209
3444391
3467968
3469195
3488719
3468198
3378583
3444217
3509642
3463134
3364963
3399996
3418494
3415494
3433297
3472348
3434397
3434032
3427873
3418904
3482060
3477935
3449103
3444522
3483417
3457912
3451949
3446260
3440129
3471579
3393068
3495684
3459302
3433461
3438296
3461732
3480882
3401928
3449358
3481404
3421974
3419265
3439078
3504318
3436630
3354219
3492847
3427305
3462330
3446087
3402132
3446662
3436414
3433797
3378510
3488113
3368729
3428485
3443103
3459244
3365803
3432535
3372476
3452838
3451041
3471944
3455020
3451123
3415329
3468387
3449668
3433910
3375965
3459820
3433736
3439421
3454444
3442541
3430446
3458386
3437866
3421873
3400001
3453856
3417682
3431163
3469829
3409244
3406926
3438326
3489309
3487619
3488403
3405411
3431452
3390011
3432160
3474761
3421458
3425146
3507281
3473632
3488410
3413243
3467928
3522751
3429941
3415451
3474689
3464686
3474441
3498031
3435982
3437319
3436825
3396210
3390884
3414559
3492129
3478845
3405229
3456209
3418200
3372723
3429213
3409898
3452611
3406098
3403648
3444699
3458908
3436362
3470908
3430377
3450466
3488948
3472562
3432981
3453591
3415765
3428832
3413051
3448721
3478063
3387765
3439190
3431272
3485115
3473782
3395265
3473667
3452836
3453262
3438994
3425496
3450871
3448689
3420903
3493450
3480418
3434048
3474728
3449481
3520887
3457915
3431540
3398462
3409621
3442187
3445810
3477862
3492644
3427308
3486241
3504458
3448777
3471189
3466968
