7408069
7421215
7424476
7434429
7397055
7425851
7425445
7431763
7425862
7402675
7407875
7430260
7431112
7434539
7389556
7432794
7404410
7399282
7430297
7423788
7422938
7409086
7429943
7433186
7429314
7415401
7403522
7422990
7424883
7424704
7424886
7427182
7408207
7421963
7426009
7414474
7403632
7400515
7411049
7401623
7422135
7403504
7430935
7404972
7427327
7429873
7431346
7432735
7402010
7425081
7434151
7396978
7439413
7388538
7426555
7402293
7429007
7423796
7431209
7424310
7425987
7430627
7428632
7422310
7427193
7398607
7428201
7432244
7412679
7428293
7428112
7430190
7429326
7435823
7408388
7419989
7425451
7393675
7424174
7470460
7432472
7431929
7429961
7422042
7418589
7410771
7410975
7402598
7406525
7434075
7426972
7405518
7420417
7425444
7413292
7424337
7424475
7436563
7380075
7424137
7432809
7426408
7428501
7429603
7409618
7432012
7426578
7424111
7431834
7434652
7434246
7433744
7428933
7395037
7419636
7430259
7431046
7432023
7430113
7427129
7424055
7428202
7430869
7406363
7429331
7397909
7437591
7427668
7412257
7408445
7431199
7432049
7434591
7432811
7421180
7431200
7409718
7418412
7413903
7427904
7402670
7428236
7432412
7427260
7432786
7407064
7431592
7444312
7430649
7467879
7429705
7422378
7427498
7435204
7428265
7463901
7433301
7422036
7407124
7420369
7413612
7428384
7408327
7420299
7418654
7407927
7386912
7430128
7434670
7432461
7453887
7432298
7424801
7398204
7427958
7429924
7416550
7433452
7423992
7408268
7424110
7406623
7425583
7400003
7428123
7430679
7422724
7423318
7408424
7428671
7421135
7442672
7427988
7426184
7435063
7418733
7417921
7405621
7428775
7413498
7423387
7427993
7431852
7396543
7427292
7397973
7425015
7412008
7431477
7429710
7427871
7432282
7434578
7404090
7408759
7429636
7424269
7432907
7396267
7431746
7426300
7425492
7424933
7422715
7431156
7468364
7412579
7431222
7429799
7433048
7429120
7425921
7427625
7430683
7431724
7430523
7427855
7394053
7398922
7426583
7431320
7429236
7418450
7410272
7412681
7429620
7425080
7409461
7427832
7433915
7442104
7396027
7431757
7396904
7422526
7428968
7388765
7436634
7427959
7434809
7430625
7433291
7425884
7398700
7419912
7468217
7429383
7428555
7409270
7427611
7398573
7427621
7422348
7424893
7403966
7418010
7408460
7420367
7421798
7431096
7451925
7422695
7419039
7410356
7407352
7429067
7427561
7431519
7400781
7434301
7401342
7412299
7424788
7417336
7432598
7467988
7421858
7426201
7429493
7428199
7425551
7430170
7428679
7432560
7427942
7427558
7379427
7436463
7407721
7431178
7425673
7428506
7424363
7407904
7428410
7397335
7428442
7432182
7419223
7427523
7425927
7432219
7428055
7421721
7408044
7416220
7399280
7427025
7421099
7466962
7416194
7426562
7395109
7416356
7411637
7467970
7425194
7426822
7413620
7418428
7413854
7434646
7432269
7407748
7431853
7426859
7427894
7430315
7394345
7438188
7429744
7427653
7430218
7429820
7422196
7419530
7429994
7408805
7422619
7428342
7431355
7408656
7423445
7433500
7424393
7429187
7396928
7431638
7431604
7407757
7437302
7428940
7418589
7426537
7432624
7404697
7416428
7409633
7420341
7428425
7404946
7428565
7407210
7429156
7414027
7429239
7413487
7416130
7427589
7399510
7416027
7428334
7433254
7408704
7401884
7432291
7431060
7418313
7435240
7429598
7430769
7426937
7432382
7427134
7422872
7430930
7429517
7426978
7433858
7410206
7406789
7396080
7423830
7430639
7429014
7430716
7419692
7403465
7431959
7428091
7426500
7425591
7428805
7425892
7430114
7399482
7396059
7428667
7406425
7431003
7398945
7432448
7393812
7432228
7417821
7432686
7402551
7406988
7431838
7395103
7407405
7419647
7432031
7432534
7403259
7411690
7433909
7432830
7425754
7430599
7401172
7428472
7393287
7430297
7412022
7400143
7429297
7430081
7429426
7427415
7405044
7420506
7417491
7426453
7429869
7429481
7431323
7432386
7431180
7404929
7407676
7403315
7434616
7429248
7410572
7427656
7417766
7401340
7429457
7429307
7428405
7426334
7429274
7412241
7427471
7420112
7397371
7433284
7423694
7425515
7397786
7416335
7403114
7414885
7426617
7426196
7427683
7405835
7426572
7433629
