5569832
5607342
5574573
5602866
5616121
5573330
5571842
5559321
5618647
5555436
5590461
5606662
5610920
5572939
5653655
5584911
5598298
5565645
5606491
5624954
5564178
5600679
5587745
5628760
5576498
5583109
5582214
5576928
5662805
5558155
5587343
5622034
5616431
5579130
5609123
5594338
5595489
5595465
5556937
5624354
5621101
5589530
5577463
5596846
5572714
5623713
5589700
5593846
5568412
5585640
5626265
5590151
5603670
5586875
5608156
5584128
5603019
5602586
5578254
5591343
5620471
5588329
5630701
5573486
5586055
5622996
5556424
5619694
5540472
5594490
5620710
5629498
5624032
5587974
5578245
5626614
5626681
5642216
5580901
5610805
5573297
5633174
5605671
5596502
5597672
5602389
5573771
5607279
5649142
5595793
5597860
5606878
5603784
5583508
5619625
5597773
5555192
5630099
5583700
5609368
5629404
5525651
5599390
5606286
5597356
5627465
5594640
5584150
5575350
5591640
5586680
5613078
5627729
5620987
5642698
5611786
5577307
5577382
5576162
5566229
5606887
5584700
5605090
5610435
5637198
5534191
5573374
5603534
5594997
5585477
5581239
5602429
5611351
5633582
5557717
5623870
5601733
5552689
5590086
5626927
5593501
5595890
5596862
5612749
5625396
5574393
5583473
5599760
5582563
5565030
5599346
5602070
5596610
5600575
5587807
5594018
5621472
5593122
5596883
5631921
5606748
5588181
5610717
5626998
5592041
5573123
5590638
5580512
5623119
5600805
5588571
5612503
5616783
5622566
5594428
5590769
5581071
5612647
5558086
5605938
5641475
5611696
5646386
5599285
5529690
5604508
5644007
5589982
5560719
5542526
5595413
5547592
5591150
5606984
5566997
5615668
5626294
5587488
5605685
5549546
5634284
5562481
5599576
5573074
5639364
5581515
5573269
5574108
5637383
5579641
5590378
5593971
5596393
5558517
5613907
5579440
5587878
5582221
5570008
5639427
5574040
5565103
5592590
5638031
5590911
5577032
5603181
5596693
5605536
5607019
5614273
5624167
5582572
5605594
5554502
5525587
5593523
5578964
5575501
5553211
5586245
5612775
5592128
5599200
5605772
5591650
5614914
5585350
5606124
5600977
5569552
5604358
5612305
5554835
5593132
5572885
5573951
5640300
5597030
5632653
5577472
5592622
5554838
5627954
5610619
5587610
5608344
5623575
5614503
5597337
5611307
5612572
5589017
5616323
5615174
5594512
5556273
5606194
5617186
5552296
5644449
5593136
5613783
5567820
5591828
5554397
5602713
5567452
5595612
5603629
5603177
5580846
5609303
5548666
5605910
5597429
5616341
5599504
5621693
5589585
5611042
5606484
5577126
5601704
5617083
5627782
5572134
5635769
5560175
5604086
5611320
5632657
5612770
5624712
5559525
5606926
5599998
5599320
5623382
5570117
5564720
5601868
5552370
5588213
5599012
5573380
5534164
5590244
5616544
5578497
5611889
5628816
5586983
5585808
5566612
5622602
5597044
5617590
5602978
5610349
5618327
5588416
5602341
5579130
5574688
5607432
5600807
5627017
5586718
5608595
5625667
5615721
5638468
5603333
5617484
5576362
5578131
5598859
5592649
5616102
5619082
5583312
5605267
5588104
5617038
5578703
5581762
5629647
5608963
5628173
5583646
5567989
5558868
5561298
5643652
5620446
5578825
5596255
5597370
5622331
5620243
5615600
5597696
5595085
5597864
5575555
5607718
5597447
5642105
5579854
5589130
5604662
5559465
5632933
5637476
5638631
5620311
5609015
5622714
5550206
5594095
5562035
5615508
5563785
5568245
5587353
5576861
5606464
5588573
5623904
5560048
5597107
5616213
5603374
5561041
5593141
5585384
5601412
5583968
5652765
5577925
5602917
5576902
5625315
5605173
5576296
5597288
5614870
5591092
5633976
5621552
5608480
5615025
5631159
5589725
5581890
5593871
5628678
5587387
5597748
5612860
5578846
5615945
5625118
5629609
5588858
5580784
5642777
5582034
5559542
5608083
5608233
5623228
5588982
5556790
5590744
5541940
5554237
5603914
5601714
5575367
5628722
5610453
5604112
5632700
5613811
5617854
5614331
5580516
5618208
5583827
5597996
5551524
5587284
5578232
5565364
5610798
5574255
5587236
5590135
5556591
5614548
5603922
5639510
5577820
5605313
5604011
5648080
5575318
5592523
5645531
5566350
5569600
5601031
5601184
5635519
5577997
5628648
5553286
5581742
