1484686
1525095
1471318
1498627
1496809
1435944
1533380
1485164
1451338
1530562
1509930
1493802
1483475
1567309
1486893
1533469
1502649
1530209
1473778
1503252
1508884
1470245
1502975
1515798
1496660
1515060
1478247
1474593
1513945
1516900
1496373
1524665
1538187
1528832
1560506
1521812
1456957
1493897
1443763
1484454
1430522
1472551
1496408
1483937
1497454
1521208
1449628
1491871
1554387
1558275
1556362
1454306
1488361
1529624
1506541
1499584
1466010
1480776
1457956
1480654
1516303
1515588
1499259
1452695
1490005
1526174
1453816
1447888
1485633
1505027
1528984
1514864
1505696
1480630
1436305
1519623
1488068
1516972
1513787
1524181
1482612
1477801
1500320
1546146
1487026
1555182
1501290
1528432
1468907
1479347
1492401
1427552
1473899
1440379
1458093
1521807
1515520
1479355
1494937
1484644
1473857
1407721
1445995
1513464
1487774
1481424
1517250
1494877
1522259
1487707
1486437
1450756
1525424
1488580
1500098
1500195
1460707
1487058
1499257
1484801
1505544
1497786
1487493
1492679
1459798
1477200
1513501
1498931
1469161
1546279
1493635
1550323
1498966
1513948
1453810
1503872
1504609
1521222
1460684
1483270
1494848
1500402
1543417
1479042
1528689
1536702
1493287
1495365
1486815
1464204
1478539
1425615
1513528
1529586
1480276
1456444
1424269
1539585
1425579
1487684
1486659
1496745
1495491
1493055
1545616
1549858
1468778
1529082
1549655
1522360
1545604
1504683
1458662
1458670
1557131
1481534
1518121
1465798
1433130
1457362
1568061
1512946
1482877
1516438
1502186
1517865
1471167
1482774
1485007
1493816
1499741
1470256
1490909
1481744
1493770
1510547
1498762
1511579
1534627
1482339
1434031
1512220
1526364
1481959
1522617
1487386
1474828
1520683
1450859
1539392
1521578
1548269
1470953
1439583
1479586
1509831
1495640
1512859
1433237
1553398
1507557
1528179
1543186
1458366
1449726
1472432
1489106
1518925
1425465
1469631
1503749
1521456
1525126
1536732
1503937
1450714
1495925
1463121
1457767
1493986
1423625
1470654
1523541
1520109
1476268
1533777
1449305
1481171
1460774
1446660
1513901
1464936
1464147
1513735
1486818
1522832
1413397
1463873
1425941
1537725
1533656
1511379
1518596
1463422
1541415
1477390
1531472
1510216
1502380
1475400
1459631
1521481
1487842
1507070
1541723
1533063
1449940
1523888
1547485
1494055
1504563
1509394
1490087
1483841
1548292
1489759
1464540
1468044
1511184
1484074
1498708
1496429
1481265
1546811
1494647
1471593
1498394
1520937
1489995
1501658
1531256
1446532
1432038
1507266
1451175
1498634
1503318
1489961
1494267
1500320
1550406
1423928
1480858
1480705
1460667
1545438
1492133
1504729
1467735
1507155
1510531
1537285
1466164
1477194
1509780
1478991
1532804
1505212
1473904
1492382
1509213
1477283
1455524
1507716
1430799
1465197
1537212
1474488
1443851
1508340
1488235
1490761
1481077
1509674
1487845
1448902
1531207
1490137
1442178
1492793
1535754
1499299
1553398
1509985
1505981
1506267
1456321
1445438
1547496
1425040
1492272
1514882
1499073
1465298
1488805
1539329
1398489
1448569
1517123
1472380
1542284
1410277
1487580
1519833
1486236
1454348
1540059
1507214
1476096
1469227
1509466
1469085
1442357
1512060
1432950
1530324
1446916
1514075
1489633
1511061
1527191
1484766
1466129
1486262
1444073
1531694
1500780
1472465
1494168
1516633
1514476
1531757
1444966
1482601
1511820
1480063
1420584
1490239
1482901
1496993
1466672
1485853
1431863
1459005
1492268
1469012
1468013
1525693
1558858
1504512
1504318
1521190
1472734
1482464
1542869
1476710
1493503
1518502
1462156
1431049
1530429
1489954
1537752
1499302
1537287
1470515
1502510
1497505
1416883
1516048
1468701
1453512
1492547
1497163
1497961
1506327
1500072
1443477
1518859
1433776
1550027
1478252
1502081
1472776
1493219
1533108
1493946
1509603
1463673
1506182
1483145
1496777
1451072
1512134
1475713
1472820
1520340
1450814
1435877
1403988
1538244
1499380
1465426
1499862
1445875
1535609
1416877
1520460
1512702
1507568
1490069
1459203
1510317
1467056
1480758
1514159
1516189
1494180
1462031
1519829
1493949
1508568
1486205
1464801
1501202
1474925
1466598
1521666
1512392
1459198
