3268651
3261592
3227815
3249093
3249243
3253723
3285751
3285533
3273107
3190073
3321581
3315321
3193749
3247057
3233521
3267406
3266085
3296048
3233201
3250137
3233903
3158304
3336819
3157111
3260188
3238472
3239385
3266268
3216348
3329306
3292090
3198712
3252134
3263356
3219877
3350984
3242813
3296050
3296311
3235819
3253871
3239126
3235547
3282374
3282086
3200867
3221983
3262276
3319072
3255980
3241120
3222959
3275711
3302872
3251797
3287941
3233751
3320103
3269686
3297057
3242209
3312355
3273299
3240676
3264023
3261682
3281095
3260085
3262888
3292470
3268920
3194429
3218957
3207546
3228858
3210215
3258757
3265868
3295246
3204783
3328696
3268693
3248008
3236973
3179204
3301911
3221020
3254331
3241913
3317045
3274968
3297583
3263440
3345481
3259580
3227138
3240229
3244433
3264837
3273918
3181221
3313990
3287104
3298334
3265792
3270319
3311698
3270128
3208026
3339854
3249152
3241823
3169212
3233773
3268899
3305674
3293337
3255736
3235208
3278878
3218929
3276850
3211074
3274373
3252661
3267126
3243338
3251480
3286378
3271435
3308202
3303811
3324691
3185141
3333467
3271606
3217115
3290608
3232207
3223561
3272870
3187804
3286202
3165929
3281926
3236917
3325987
3234369
3246384
3197592
3274643
3235538
3291895
3229191
3232448
3298458
3227506
3337841
3197081
3246762
3276582
3237366
3244319
3264620
3332812
3335125
3258631
3284242
3226367
3305550
3264444
3253891
3312025
3274371
3246493
3241374
3276565
3208128
3315615
3275356
3223132
3276504
3274701
3271680
3222366
3235166
3264127
3284682
3336740
3194289
3265880
3322703
3216803
3217930
3320215
3266384
3297974
3309968
3249057
3302801
3291942
3357462
3236895
3301527
3235686
3302687
3274159
3258101
3247304
3233067
3257645
3266909
3245754
3339553
3207533
3303063
3306961
3350297
3278284
3233993
3257732
3368531
3267331
3229291
3259476
3241763
3259036
3375183
3304403
3287291
3254442
3263405
3253837
3252954
3306155
3350606
3286202
3214096
3301809
3269194
3275513
3276902
3298324
3246258
3244555
3324182
3237248
3250334
3272966
3294748
3254937
3247004
3242858
3300477
3236994
3232663
3279235
3254515
3294623
3307760
3239643
3256463
3249218
3193070
3243238
3227208
3225423
3235646
3284708
3302417
3275480
3320429
3337726
3224093
3237649
3249696
3267966
3277774
3231769
3365476
3216525
3280149
3285906
3335281
3297502
3238123
3212093
3325121
3259162
3313302
3311178
3345113
3202185
3296878
3259096
3272560
3246885
3209644
3254723
3258329
3255752
3285102
3200770
3284931
3228965
3256017
3260358
3239145
3289877
3269597
3254775
3291724
3227636
3207975
3272669
3178559
3266978
3266935
3223925
3273246
3237358
3260381
3324152
3238425
3237445
3263594
3255768
3315592
3219049
3227858
3254027
3236421
3286709
3204441
3270123
3263350
3217296
3283676
3345793
3244105
3236033
3315866
3241767
3260226
3250971
3231400
3276209
3233875
3242615
3279206
3238714
3230963
3198372
3238509
3225461
3273190
3336779
3297270
3282880
3222318
3283635
3284434
3307851
3313908
3305794
3295766
3278641
3204142
3278621
3298817
3285575
3302024
3227757
3256470
3209347
3310179
3274899
3265521
3255169
3258831
3233364
3265749
3270223
3211396
3235165
3274119
3291423
3200922
3219328
3263667
3305030
3325850
3249853
3302534
3222586
3251611
3244015
3222392
3292025
3202973
3242734
3226789
3260028
3194610
3272186
3306951
3270440
3218692
3262553
3289349
3321024
3308135
3206951
3271608
3267469
3295049
3284453
3230377
3194179
3215089
3313199
3231063
3233710
3296928
3253271
3291166
3296033
3222912
3249433
3215061
3267578
3278790
3231029
3238473
3249098
3243393
3251441
3200498
3302917
3235757
3231175
3346478
3239881
3261202
3258635
3244772
3281944
3192027
3354847
3317591
3236783
3263227
3221368
3231576
3304189
3238490
3286232
3299462
3338471
3265206
3280718
3235872
3212064
3281044
3202570
3226983
3262270
3278827
3334748
3164818
3166955
3226818
3310468
3234751
3253945
3301112
3285164
3257244
3276071
3231891
3278351
3265080
3270823
3242411
3390749
3280370
3285913
3205117
3337420
3334985
3250945
3284588
3329857
3228134
3236779
3212166
3197583
3233676
3241448
3358357
