7472815
7473097
7472963
7472892
7472813
7472750
7472727
7472577
7471644
7472805
7471770
7471792
7471356
7472860
7472752
7473007
7472642
7472891
7472855
7472850
7472947
7472478
7473008
7472518
7472309
7472969
7472430
7472589
7472409
7471653
7473077
7471106
7472747
7472660
7472390
7472923
7472096
7472549
7472757
7473200
7472532
7472927
7472248
7472829
7472793
7473341
7472789
7472631
7471819
7472915
7471725
7472880
7473038
7472351
7472724
7472757
7472568
7472654
7471473
7471698
7472525
7471910
7472906
7472493
7473277
7472520
7472703
7472340
7472584
7473067
7471305
7471609
7472875
7472585
7472687
7472880
7471999
7473051
7472620
7471442
7471978
7472604
7471654
7472237
7471750
7473189
7472449
7472818
7472590
7471208
7470927
7472930
7471717
7471819
7472626
7472672
7472455
7472939
7472896
7472929
7471828
7472613
7472730
7472338
7472799
7472509
7471628
7472559
7472617
7472601
7472386
7473091
7472637
7472868
7472194
7471605
7472907
7472623
7472334
7471738
7472549
7472463
7472738
7471775
7472879
7472461
7472871
7472999
7473065
7473014
7472967
7472821
7472505
7471876
7472814
7472551
7472469
7472836
7472654
7472789
7472658
7471985
7472776
7472587
7472569
7472896
7471469
7471582
7472793
7472720
7473081
7473061
7473095
7472570
7472574
7472447
7472796
7472960
7471092
7472255
7472678
7471670
7472509
7468870
7472590
7472427
7472719
7472461
7472983
7473059
7472653
7472327
7472849
7471698
7471573
7471678
7472605
7472764
7473097
7472936
7472993
7472976
7473040
7471448
7472985
7472754
7471794
7472430
7472567
7472568
7471641
7472793
7472884
7472793
7471654
7471609
7473197
7472863
7472992
7471524
7472680
7473194
7472505
7472918
7473091
7472832
7471500
7472823
7472820
7472274
7473000
7471784
7472879
7472797
7472657
7472848
7472449
7472347
7471974
7473229
7472726
7472744
7472883
7472497
7472187
7472700
7472614
7471869
7471060
7472596
7472484
7471573
7472642
7473057
7472760
7472974
7472628
7472912
7471871
7472858
7472850
7471941
7472808
7471058
7472901
7473027
7472939
7472486
7471647
7472854
7472907
7472561
7471574
7472696
7471675
7473221
7472384
7471691
7472776
7472976
7472762
7471401
7472424
7472529
7472631
7472702
7472708
7471801
7473029
7472679
7473009
7472008
7473063
7471578
7473108
7472411
7471467
7473129
7472893
7472988
7472452
7472590
7472822
7472472
7472838
7472549
7472658
7473136
7471714
7472999
7473130
7472698
7472973
7472896
7471465
7472896
7471433
7472763
7472629
7473038
7472506
7472719
7473133
7472756
7472070
7472399
7472467
7472191
7472915
7473183
7472640
7472525
7472987
7472565
7472943
7472524
7473065
7472681
7471674
7472606
7473112
7471697
7471891
7472420
7472351
7472764
7472994
7472761
7472961
7472707
7471764
7472791
7472695
7472569
7471664
7472733
7471739
7472687
7472462
7472449
7472718
7472866
7471863
7472719
7471496
7472833
7473043
7471480
7472946
7472759
7472748
7472380
7472596
7472894
7472733
7471359
7472927
7472742
7472066
7472634
7472390
7472849
7472865
7471640
7472913
7472590
7472223
7473056
7472521
7472905
7473104
7472897
7471927
7473200
7472647
7472090
7473049
7472756
7473085
7472767
7471236
7472832
7473214
7472759
7471706
7472859
7472638
7471261
7472968
7471817
7472788
7473220
7472793
7472815
7472528
7472912
7472880
7473075
7472724
7472842
7472345
7472771
7473254
7473389
7472531
7472639
7472967
7472724
7472596
7472938
7472364
7471648
7473098
7473098
7472888
7472668
7472358
7471667
7473121
7472589
7472946
7472780
7471889
7471803
7473062
7472720
7472749
7472580
7471470
7472292
7472618
7472782
7472780
7472907
7473039
7471912
7472966
7472671
7472852
7472853
7472917
7472204
7472505
7473057
7473027
7472750
7472529
7471403
7472451
7472695
7472709
7471806
7471251
7472668
7473024
7472189
7472712
7472536
7471813
7471950
7473205
7472330
7471654
7472941
7473090
7471856
7472936
7472509
7473099
7471969
7471403
7472610
7473109
7471682
7471840
7471153
7473047
7473064
7471759
7472887
7473150
7473104
7472825
7472694
7472885
7472997
7472432
7472111
7473036
7471731
7472877
7473071
7472899
7473098
7472350
7472797
7472891
7471862
7472588
7473020
