5563101
5579877
5601489
5602041
5598845
5592215
5571387
5534386
5617588
5556062
5614678
5586284
5611153
5567695
5651589
5555763
5565965
5592190
5626773
5621663
5565388
5629366
5587619
5607671
5574747
5555211
5602367
5574834
5632916
5531474
5566873
5595111
5616966
5553175
5635725
5566477
5567161
5594898
5557674
5625130
5621175
5613495
5575346
5593226
5572883
5599963
5588816
5564001
5569976
5617318
5599874
5590046
5574998
5588667
5608139
5580201
5603204
5601545
5554133
5591254
5619184
5597682
5630538
5601976
5586394
5622670
5556062
5590751
5542372
5593777
5592331
5628212
5624006
5615528
5552396
5604064
5627493
5642221
5558267
5608562
5600543
5607698
5632200
5596348
5597555
5600464
5572922
5582887
5649457
5596109
5596898
5608345
5603423
5583133
5618439
5598552
5553971
5602043
5582044
5606619
5603779
5555628
5599597
5576756
5599865
5599736
5594408
5558813
5602352
5591045
5586611
5605084
5652551
5619625
5643272
5608155
5557230
5560169
5576048
5567203
5603894
5581140
5580896
5608702
5635942
5533389
5545059
5602736
5566594
5562319
5580712
5574418
5606752
5633187
5538459
5602218
5602166
5547797
5585805
5626203
5569029
5585335
5596690
5582669
5625856
5574735
5583796
5598934
5558574
5590149
5578650
5572576
5596056
5600074
5586274
5593288
5592362
5592632
5622736
5604205
5606060
5613417
5588980
5603521
5591724
5573620
5561866
5580384
5623369
5578474
5557652
5613572
5616595
5624175
5593657
5585673
5579391
5612112
5534318
5580975
5640915
5609809
5645175
5571380
5558769
5578219
5619422
5608615
5586840
5566030
5590195
5546153
5561898
5630551
5594470
5591336
5624594
5585031
5602726
5548048
5633319
5588656
5600432
5546963
5638065
5580468
5594892
5568139
5610458
5579240
5584081
5569460
5566063
5557930
5584597
5579147
5562411
5581668
5570176
5640327
5542626
5536695
5588335
5606253
5587212
5572992
5603052
5596609
5603368
5605025
5610277
5605988
5566639
5600977
5543891
5550886
5595291
5580813
5602257
5580409
5586601
5611242
5592089
5596863
5601733
5562389
5586042
5586196
5573966
5572046
5591165
5576252
5612090
5531958
5590643
5599243
5573640
5636992
5568635
5628784
5607018
5592467
5579104
5628985
5609542
5564613
5608902
5623053
5638758
5597808
5610387
5612780
5587284
5614929
5591998
5596799
5586076
5606114
5590008
5536780
5644729
5594635
5615601
5569974
5589871
5529655
5572230
5567131
5598432
5574275
5578850
5554547
5578674
5548439
5604509
5597477
5589096
5610654
5649506
5589392
5583361
5606480
5609984
5600595
5589981
5624412
5571891
5611317
5587777
5576796
5608814
5609056
5611341
5594120
5587833
5606215
5628896
5596905
5624276
5569360
5562286
5601724
5575165
5587468
5599214
5597386
5563823
5557788
5592218
5576215
5612767
5605383
5564132
5585006
5567513
5651231
5596353
5586438
5603877
5608886
5589098
5588664
5566592
5581039
5576395
5605934
5570819
5599682
5585638
5607570
5608597
5612655
5638908
5604334
5589427
5591817
5579438
5569796
5591652
5615707
5589563
5582491
5580984
5594636
5591294
5578461
5552582
5630357
5607026
5627974
5582541
5590182
5559555
5561518
5616035
5620433
5579704
5569732
5623485
5621548
5594635
5616679
5598310
5591585
5571614
5595329
5605131
5567189
5620349
5552483
5588886
5581293
5563235
5632870
5613298
5639012
5596919
5590332
5594255
5550580
5602681
5589874
5592248
5563851
5592365
5587358
5605113
5605845
5570915
5594470
5560878
5596375
5591961
5602585
5559063
5563766
5561230
5621042
5558285
5653657
5602839
5601089
5576891
5596463
5576089
5548662
5572571
5613655
5596514
5608865
5620394
5608408
5615487
5603763
5589693
5581357
5564495
5629265
5564521
5597605
5591007
5548238
5590777
5595288
5628628
5588824
5610415
5642514
5582262
5559322
5607768
5583201
5600990
5585384
5558824
5593068
5568508
5582584
5603800
5601770
5576091
5628512
5592869
5604860
5632839
5591873
5616353
5583781
5555672
5639840
5582788
5597015
5549714
5608392
5602080
5595175
5636017
5576132
5587504
5585859
5554859
5592302
5603112
5637322
5580677
5586362
5602061
5648067
5574334
5565107
5645129
5565697
5566488
5577268
5577577
5638008
5575585
5629250
5554192
5608317
