24852
21533
80959
60480
48870
22022
35746
25759
38886
63037
43001
103460
15359
41217
43086
15393
31825
52160
26503
63452
17157
17635
114063
49235
22416
91432
41858
75429
11176
74489
38588
45602
28796
40833
60463
43190
16550
62113
58213
41172
70620
22061
55303
19582
32273
46791
78897
76279
105331
88791
83591
53990
64655
51510
24481
21725
76579
67236
25928
72459
14505
52149
50403
78654
52464
22010
63474
29934
63927
58146
51746
61129
34054
35106
46239
64921
51401
46590
37703
66173
36443
58858
43813
62083
34465
66426
23432
38897
73138
89565
85155
61437
85449
79317
116662
88455
102930
72141
97171
85049
15562
36891
73599
72522
99631
76299
6496
99840
85136
46532
75115
39288
34260
17531
77108
40900
53971
39879
35334
103480
13340
33817
80800
23959
71584
72159
49712
51818
66586
32113
63552
36752
67513
99176
88957
64333
76992
50709
44451
56666
47609
52891
78902
42641
53324
43994
37607
47188
53427
55381
104169
117134
22388
11480
35033
65358
58791
27398
64157
22916
74647
9686
68120
44134
43132
100574
38664
71012
40535
82926
51757
33869
48997
14708
29133
82066
43215
97421
102793
38818
16052
49850
93869
40686
84814
26917
49856
31673
32433
85679
45151
43605
18263
94952
84986
40260
25807
31173
39963
78088
72519
89304
10583
29439
90514
24600
56378
31754
100678
36869
62777
43059
64833
48995
91471
26623
94594
46407
93314
17386
30936
29095
54900
34177
121742
93921
75267
25200
90791
36041
10633
62329
24459
34947
12231
47700
51776
41182
69082
26475
16141
64056
26909
58401
51476
27412
77139
88278
70824
50811
21161
68213
92581
34526
59107
95100
111901
126443
92156
58126
58802
42200
21345
61558
42625
84398
71741
92561
25812
86892
81464
41709
61098
71146
18926
53740
117827
23605
64421
67645
19842
18750
13935
38577
11082
52990
55310
40529
104072
83630
33729
28395
14325
22824
29885
77044
44250
31418
46124
43546
35976
42281
49853
106567
40156
58880
25800
33397
98316
84065
19219
61980
85638
87776
23484
48986
13072
17703
96969
39467
127720
45930
19583
76016
114907
49264
36159
42560
14164
39171
60820
33230
31080
22048
79935
97782
34724
58519
38448
17780
28009
65907
23583
86674
54022
80112
61993
59380
101651
20077
56307
39486
43000
68913
38976
36440
52410
79524
66677
58547
90993
28311
30411
42516
20801
59375
28958
54764
31836
24417
40370
125482
27301
62897
18949
100833
62613
46940
86778
23944
67297
55600
89979
61853
14568
67568
113143
53233
42151
35978
29059
60879
87033
57200
83260
69187
54549
72514
95991
100355
92616
93127
17779
42555
73670
31760
93722
79614
33904
15385
32710
103381
57358
85898
63000
84736
31879
18288
73376
48630
40490
59192
27859
14826
43341
33791
40279
67243
109550
96910
67141
88262
20155
77211
23713
72142
46949
40548
38831
65813
86222
34374
58749
33537
26221
33360
79229
12758
71821
67702
12155
54772
45857
53120
28356
138660
39244
28324
88366
19867
100884
14951
60496
47592
26749
101840
86904
60362
85202
58623
23151
36251
67720
32493
47414
66512
58320
27358
42379
72389
26961
90571
30381
40546
13412
32025
37013
54748
59309
54818
25586
9515
49427
68482
81106
101434
72742
88740
51984
122966
