1803838
1749180
1864090
1645607
1861254
1814458
1561922
1757187
1768606
1753780
1792582
1752865
1795681
1839124
1640056
1728477
1650099
1809949
1672568
1738558
1701139
1830888
1719708
1677524
1876477
1682074
1830175
1798939
1720436
1635586
1748118
1897717
1645319
1811947
1704780
1750309
1701979
1829109
1878960
1683744
1862712
1788755
1764182
1707619
1797290
1756529
1813418
1745072
1766624
1740356
1772296
1825190
1784329
1818900
1683592
1786254
1725628
1746355
1740497
1701942
1741600
1695960
1622145
1876596
1729274
1730929
1680553
1690862
1706486
1818575
1767165
1730596
1685933
1696891
1721666
1762503
1841470
1687588
1720150
1709909
1777099
1784312
1859546
1848155
1743743
1754889
1726438
1798024
1818965
1643124
1755766
1865385
1704203
1790685
1802116
1729776
1734359
1822435
1818051
1737997
1734587
1728205
1727768
1760344
1827975
1792809
1746748
1666688
1687052
1740332
1802431
1732021
1642432
1789003
1721930
1781891
1786292
1753789
1807370
1728099
1752525
1688985
1665242
1710396
1845365
1697724
1667690
1745267
1698172
1869142
1669351
1651903
1772911
1762867
1786678
1662475
1875811
1693082
1723531
1809122
1761948
1782327
1680031
1802432
1705497
1684074
1888231
1823699
1704193
1783934
1679733
1799003
1723504
1771118
1724861
1754161
1720800
1770039
1711252
1803192
1841271
1694592
1691468
1655136
1724538
1774833
1650277
1631464
1726921
1835727
1702250
1692648
1797030
1843046
1729193
1724507
1730570
1711039
1837197
1773034
1668262
1693874
1858727
1688074
1825082
1734387
1724435
1730733
1681789
1787221
1749436
1755585
1716317
1687107
1783560
1814786
1674589
1781657
1845296
1757706
1784962
1724390
1673232
1791559
1794318
1730163
1737489
1681820
1794096
1803141
1683658
1668127
1686098
1741833
1741601
1696328
1754026
1735490
1759471
1780122
1750717
1760819
1765319
1697543
1791940
1689732
1608823
1733936
1733012
1748867
1618938
1736950
1705533
1709939
1755944
1766782
1769355
1694986
1880154
1797912
1680516
1757365
1694635
1788656
1834241
1881740
1747446
1725634
1761116
1728728
1891698
1732348
1721079
1844056
1842916
1789080
1816192
1730554
1732749
1753583
1813812
1806849
1669575
1785022
1698583
1676904
1791225
1815052
1733427
1705682
1798341
1717768
1795635
1621212
1796924
1684620
1676979
1807955
1832450
1754846
1821996
1676269
1654198
1807056
1656200
1620223
1679245
1748956
1860871
1694042
1658635
1809040
1760655
1557127
1871043
1812973
1680206
1754544
1806566
1674383
1776912
1803260
1834638
1695556
1820448
1731414
1812276
1637849
1776829
1801799
1691116
1719086
1746647
1742762
1755855
1839030
1638943
1807126
1664888
1751911
1805325
1748837
1725100
1667527
1700727
1679031
1678761
1730232
1744765
1804539
1770546
1733639
1768105
1734494
1751622
1794830
1775998
1721358
1780709
1768650
1737312
1713863
1752075
1826968
1735818
1754759
1792597
1744147
1770038
1772656
1745828
1804262
1742869
1733141
1766106
1711288
1839306
1760003
1685758
1720453
1714864
1651988
1864092
1839716
1828025
1674584
1809080
1834830
1826004
1838469
1759535
1872987
1672625
1765427
1719293
1755460
1775517
1800464
1746879
1756193
1764980
1849025
1823662
1702194
1818020
1878217
1777863
1748292
1702084
1728904
1744652
1785147
1716756
1889888
1776087
1716673
1783926
1654582
1795640
1816043
1684802
1779316
1757102
1742101
1790188
1887367
1928988
1752726
1782731
1664480
1651697
1736985
1911666
1730580
1717631
1744666
1776060
1687514
1767010
1816748
1815399
1788443
1711882
1689745
1738708
1751147
1686758
1734615
1774572
1749797
1794120
1757639
1684639
1745698
1590848
1672878
1816199
1677504
1811689
1850974
1761379
1784798
1908808
1756308
1748025
1861471
1740518
1661228
1779819
1786698
1676195
1747322
1845058
1693145
1796858
1757673
1677554
1736889
1822960
1726289
1728345
1731160
1771289
1761346
1868624
1748766
1723221
1816481
1659762
1700800
1656325
1675961
1662272
1815284
1818633
1855561
1894939
1698539
1693479
1775892
1872191
1755965
1709653
1742058
1754103
1719849
1783388
1732953
1889164
1788076
1795095
1758673
1806830
1720464
1715699
1734612
1753883
1752353
1660289
1796173
