3486271
3431802
3465222
3411017
3506483
3468979
3436811
3441489
3479987
3412783
3432343
3463552
3500861
3429362
3454449
3477233
3476466
3413778
3454261
3419259
3467127
3405717
3417862
3451922
3474462
3466009
3467636
3454744
3498374
3446602
3477624
3484945
3519370
3475563
3403340
3405582
3465621
3352722
3442185
3459421
3410413
3422553
3420344
3478322
3481335
3492647
3440385
3468171
3459907
3415860
3422477
3446954
3411838
3447378
3449029
3461390
3445825
3421457
3469396
3450611
3438586
3450791
3418742
3484535
3460604
3468773
3489934
3447054
3493065
3406247
3439755
3477563
3451979
3473460
3477392
3377053
3389956
3421294
3447289
3471182
3466221
3444848
3458802
3473763
3456347
3384767
3438415
3475705
3423719
3447443
3430873
3484354
3402776
3430811
3502220
3482439
3456561
3509722
3432827
3493718
3463903
3436199
3467780
3455182
3448378
3373067
3458722
3440296
3448712
3461338
3426092
3443908
3491890
3432321
3434852
3381174
3422861
3475005
3475577
3410131
3457797
3466613
3437785
3494718
3453817
3423355
3463404
3453802
3453975
3465927
3433600
3403569
3484692
3429194
3499658
3430224
3447430
3462259
3450120
3424674
3436622
3479393
3442724
3435028
3441827
3463388
3453023
3402097
3459385
3488018
3458402
3471515
3440137
3422097
3457823
3491173
3477104
3423408
3472300
3525191
3474139
3470277
3470106
3413776
3460060
3485704
3442427
3473363
3514232
3484335
3515358
3424228
3469624
3418657
3428951
3442074
3457731
3462149
3485873
3400516
3392695
3424558
3486206
3467395
3469600
3458981
3417976
3473413
3444658
3458006
3437371
3423216
3470720
3476327
3452485
3462532
3442622
3467074
3464482
3481727
3446245
3468600
3456139
3466956
3462504
3436917
3460742
3484609
3464539
3473140
3403846
3434081
3432229
3482164
3457121
3487246
3408313
3441572
3470609
3466975
3440852
3536067
3439509
3438512
3405090
3412618
3434494
3444319
3490127
3444856
3449837
3445660
3500431
3397469
3479666
3473835
3443395
3463903
3415291
3421101
3462649
3435811
3486412
3430592
3439857
3443947
3501193
3475589
3381236
3445061
3474652
3502438
3463847
3398748
3414707
3445280
3430950
3480917
3434994
3369489
3417582
3472429
3444909
3468695
3472864
3477388
3424878
3436740
3416710
3438743
3458856
3465861
3476274
3434473
3431610
3453878
3447017
3422172
3480853
3458574
3435824
3434891
3459224
3396430
3396088
3413458
3439188
3476110
3459331
3471943
3414608
3381297
3500685
3438918
3431772
3463007
3448684
3449557
3460053
3422865
3435951
3452453
3462667
3438780
3431313
3368599
3452255
3424410
3451884
3469010
3492031
3399139
3461409
3462895
3428682
3483817
3451648
3482038
3468831
3463460
3475999
3419760
3426314
3454774
3435008
3486357
3476498
3462503
3390647
3462025
3504482
3431921
3396219
3369628
3457454
3456935
3463045
3467094
3472978
3433336
3456248
3422453
3473185
3455602
3458373
3417559
3481373
3447589
3469505
3458876
3455021
3468721
3383019
3483483
3427605
3436371
3461837
3462067
3489668
3404047
3447583
3426491
3421888
3474363
3434339
3474458
3431599
3362451
3447129
3394612
3433801
3472754
3470002
3485150
3478801
3392118
3409016
3476603
3424814
3390628
3423871
3389416
3377043
3464003
3435800
3414163
3456365
3501097
3453440
3415851
3428581
3473539
3458209
3461906
3400861
3451750
3382915
3444561
3440539
3432343
3397863
3430127
3457438
3410967
3393915
3451514
3459388
3407824
3516033
3420720
3453724
3449891
3446361
3488097
3498381
3444679
3414863
3407339
3422101
3457901
3452490
3389907
3438789
3470107
3457376
3407043
3476034
3474038
3406963
3393895
3473139
3459832
3479601
3474056
3413730
3474346
3415166
3422878
3461529
3457434
3447614
3482981
3404387
3434310
3440766
3355927
3464306
3466006
3467302
3401379
3455759
3511006
3452816
3431934
3522283
3450398
3448009
3484847
3465890
3453648
3457759
3457719
3433780
3424289
3435445
3476411
3429141
3472898
3447325
3494284
3455984
3424914
3441577
3445999
3446317
3387645
3419280
3477830
3471969
3465509
3462153
3459199
3383053
3460784
3449503
3524273
3439717
3436818
3396365
3408938
3419948
3461027
3481172
3493147
3434978
3485435
3506377
3467408
3475798
3410901
