1613907
1596879
1542922
1651428
1575845
1680683
1586969
1641184
1574252
1642740
1492421
1354497
1600942
1550966
1615267
1651783
1552643
1551180
1662979
1599022
1582600
1512785
1673913
1604391
1656867
1565253
1490251
1534806
1497218
1635650
1486297
1669613
1505920
1671729
1604978
1531192
1653667
1566054
1569398
1598638
1545439
1630667
1483263
1506295
1655129
1513410
1615385
1588204
1433708
1463702
1530722
1612377
1575019
1558667
1578467
1592309
1657683
1603178
1568352
1578946
1626533
1540818
1541182
1605859
1555101
1592146
1577090
1611560
1684283
1596231
1569113
1648169
1626378
1668892
1556459
1489176
1633378
1620792
1595577
1482472
1627701
1584107
1494421
1525314
1670104
1499763
1506809
1540696
1713229
1569786
1643075
1682263
1676051
1639203
1687526
1563971
1597031
1557467
1594184
1510228
1641114
1674193
1613366
1610416
1569076
1631354
1584800
1587217
1515190
1525709
1528635
1588957
1630969
1624047
1580144
1575794
1618830
1601212
1622604
1655321
1634529
1584307
1609995
1660082
1616881
1586261
1522380
1635938
1592592
1482386
1584623
1600725
1637112
1642590
1605233
1577134
1569688
1563052
1558615
1659328
1639367
1487589
1485858
1536838
1574836
1482423
1636895
1623740
1641633
1545028
1638496
1680994
1493254
1546896
1645792
1628802
1643421
1580064
1559916
1716653
1550742
1652542
1541327
1585216
1645226
1558231
1569404
1420607
1499503
1426373
1605914
1652310
1598367
1592600
1586842
1642760
1629492
1461988
1739062
1418302
1560263
1488793
1539839
1592605
1637285
1687837
1565768
1554175
1496102
1534833
1610713
1570884
1539046
1586936
1610402
1564213
1544509
1591850
1553038
1671835
1680107
1626830
1630540
1691373
1713513
1639730
1551967
1500891
1600359
1562352
1527590
1638172
1619539
1657599
1535809
1587927
1619970
1521078
1669079
1561990
1696807
1561797
1567606
1535584
1607214
1610006
1619517
1687957
1628101
1532292
1611664
1619595
1546117
1556238
1503021
1712055
1631906
1615528
1628747
1665084
1725877
1563226
1589880
1546247
1554223
1589022
1569710
1558052
1448657
1582846
1658177
1506118
1676317
1620741
1643661
1471496
1576011
1577201
1644306
1632333
1584950
1588182
1592868
1647572
1620334
1661781
1523655
1398214
1604885
1633196
1556609
1586307
1650656
1610866
1576938
1618119
1543934
1587206
1536319
1546436
1538376
1451821
1612314
1521045
1580698
1663472
1518625
1622328
1666941
1724830
1498489
1655799
1651127
1566345
1686301
1567104
1571627
1434894
1552558
1495729
1563193
1672679
1486331
1538594
1624098
1559921
1636307
1515756
1579161
1712325
1581003
1610624
1668948
1617378
1699401
1505972
1686697
1513283
1594205
1616234
1661173
1457806
1646636
1556877
1603019
1490261
1630078
1594824
1546597
1577014
1584683
1509375
1634149
1589192
1643852
1527591
1531010
1573140
1645898
1526485
1606060
1587845
1501874
1478104
1670400
1611671
1523537
1649620
1560177
1575129
1490485
1463395
1536960
1501246
1616063
1485186
1586195
1649095
1522430
1680348
1561713
1649244
1554439
1653472
1586502
1424451
1680685
1680829
1704370
1575909
1566499
1657750
1615807
1633279
1680589
1583195
1498863
1558484
1470017
1615250
1478602
1684816
1543315
1567658
1520656
1625054
1509762
1597528
1657898
1657293
1525988
1579418
1622397
1604965
1577213
1546790
1527497
1629415
1527834
1551606
1559479
1498178
1667840
1666602
1575627
1567050
1574737
1442468
1511433
1575984
1663607
1671471
1537529
1621695
1651615
1556820
1594286
1559680
1550756
1476420
1662928
1601454
1531521
1506037
1610596
1574554
1620848
1665691
1582459
1696690
1587851
1543771
1594022
1608434
1661872
1569526
1732168
1579927
1606460
1577334
1608549
1553333
1577623
1567885
1653720
1578899
1506389
1607780
1599557
1610571
1591729
1693144
1462514
1583019
1520231
1699200
1580265
1740571
1508973
1624545
1652980
1678247
1687701
1512003
1647547
1620613
1659551
1475990
1613290
1554717
1559487
1572350
1551761
1474570
1670842
1492589
1630241
1528655
1549711
1535593
1548027
1480464
1621383
1568441
1586056
1652712
1584034
1585600
1510931
1579510
1533023
1524249
1564883
1696053
1499993
1635625
1610477
1558616
1624192
1503436
