7177478
7229589
7190283
7188802
7187820
7192039
7188412
7189119
7201671
7194585
7221091
7202089
7187437
7181696
7214137
7172023
7199446
7190386
7205841
7189621
7182602
7155746
7161652
7207885
7182476
7188341
7171402
7148994
7187447
7185076
7211468
7176327
7191751
7196754
7172196
7167030
7186868
7166543
7192477
7200863
7179805
7187675
7189425
7181309
7190359
7205564
7179198
7186426
7195552
7176920
7195841
7180527
7183877
7161306
7211227
7164075
7187742
7196460
7197507
7184091
7186570
7194512
7196010
7197745
7189102
7192576
7183434
7185595
7195152
7167662
7185395
7198292
7202821
7188369
7186313
7191602
7199515
7213061
7173628
7192330
7198235
7192964
7166333
7177555
7188553
7169821
7174462
7187544
7208241
7178832
7158815
7172199
7229070
7195835
7214706
7187903
7206173
7211999
7183781
7196360
7173571
7185875
7206951
7192664
7170352
7197403
7172204
7192686
7190576
7171621
7192669
7190820
7186367
7204284
7193745
7186672
7193800
7180623
7189288
7182265
7207552
7174713
7175930
7204794
7198168
7175243
7199564
7189814
7181270
7190390
7181421
7168590
7192246
7187915
7181673
7210567
7176475
7190961
7181987
7177765
7177886
7202644
7196482
7218217
7197025
7182076
7193809
7196061
7204395
7208379
7189198
7219337
7184178
7181013
7202094
7177428
7194332
7175403
7174316
7183813
7188743
7186538
7193815
7185952
7186585
7204114
7186605
7209926
7180594
7188704
7209603
7177689
7187013
7176740
7195358
7189396
7183485
7186760
7175703
7184839
7178079
7177388
7209875
7201441
7188409
7177315
7194444
7211161
7199661
7166340
7199237
7191461
7194874
7193291
7195600
7198855
7203670
7194777
7181174
7185800
7169865
7190038
7199258
7187330
7184238
7202776
7178941
7199994
7180052
7179683
7187758
7181238
7188718
7199590
7203046
7200938
7173511
7191006
7186419
7211324
7191597
7193582
7176487
7207993
7189019
7189418
7212119
7208663
7224676
7180944
7182998
7215042
7187979
7162674
7201902
7180589
7195074
7172432
7184342
7178337
7189303
7191133
7182892
7184241
7196184
7176306
7192482
7211805
7170857
7183890
7147691
7181198
7194598
7181957
7181633
7196291
7184099
7211289
7183189
7192931
7207476
7184602
7189873
7193966
7173309
7166059
7184507
7179775
7202795
7194819
7197932
7189244
7181905
7178143
7186140
7185099
7186202
7153777
7168231
7207239
7210827
7173239
7195087
7166655
7206317
7172349
7171599
7189623
7203574
7162569
7191121
7199468
7186514
7185879
7197736
7196368
7198559
7169769
7196731
7178476
7189488
7171925
7190527
7184902
7182872
7198459
7169999
7206797
7166930
7186030
7201647
7178545
7193178
7204385
7170346
7212083
7170037
7186470
7227487
7178457
7181220
7186687
7180491
7205760
7186639
7197210
7189257
7181328
7182644
7191692
7197449
7201455
7172289
7159650
7185489
7163295
7174730
7182052
7196285
7186937
7234402
7173476
7197369
7177316
7193174
7189522
7165712
7185789
7206447
7173359
7157882
7185237
7195021
7187046
7175671
7199390
7176982
7190958
7164640
7185250
7182862
7193221
7191649
7185024
7188269
7193500
7188840
7175974
7213012
7168051
7161700
7195355
7180925
7194656
7181694
7190842
7195701
7187372
7186882
7188688
7183874
7181802
7204104
7179596
7177652
7161562
7179872
7198034
7191371
7177303
7191379
7197186
7170770
7184538
7195488
7175097
7185121
7209205
7198271
7186089
7190107
7201283
7186275
7147821
7197317
7186110
7185822
7199649
7193617
7177327
7176184
7193987
7200500
7193048
7175320
7164177
7173848
7191419
7199603
7206997
7206926
7190888
7196750
7202800
7208638
7189093
7205740
7205636
7190641
7190961
7192431
7175283
7185431
7184237
7164050
7196674
7185273
7178768
7195264
7190077
7182453
7165144
7177768
7186584
7174286
7178572
7197584
7193691
7210800
7190596
7186228
7176593
7211705
7181258
7197168
7197404
7179840
7194702
7188406
7194179
7183429
7179670
7208798
7186311
7167692
7183592
7195499
7186725
7184465
7209593
7185470
7179708
7191136
7190296
7170585
7183999
7188486
7197581
7207574
7197346
7185201
7199022
7183879
7186029
7180336
7201893
7198544
7178851
7177071
7163922
7174588
7194507
7159478
7185707
7166198
7212481
7219729
7172509
7190213
7178565
