932106	193817	738289
811915	212041	599874
884090	222615	661475
946623	210755	735868
899380	191790	707590
1034417	220065	814352
901937	198736	703201
994583	213669	780914
828256	209027	619229
816917	209322	607595
865551	207315	658236
999611	204389	795222
1006796	214059	792737
875536	199076	676460
812144	204482	607662
928352	204219	724133
829172	211268	617904
984913	199347	785566
841496	218956	622540
1061066	206832	854234
899434	208595	690839
911095	204600	706495
879319	203180	676139
944288	215516	728772
961065	223524	737541
943176	216917	726259
932081	212317	719764
953338	198759	754579
929882	217654	712228
930646	192801	737845
785209	207041	578168
955744	194426	761318
963043	232734	730309
907781	203221	704560
721422	209218	512204
851560	202738	648822
845068	209235	635833
1094272	216651	877621
721979	200722	521257
992374	205823	786551
810781	206858	603923
863231	202390	660841
971391	224737	746654
879080	207570	671510
939454	221637	717817
849744	188218	661526
865152	212189	652963
760056	196881	563175
844357	198091	646266
1037419	197025	840394
869703	203144	666559
835919	197557	638362
851111	189625	661486
868351	202186	666165
867657	202514	665143
951852	206471	745381
958598	207510	751088
853709	210452	643257
975092	213534	761558
889113	196840	692273
880854	194924	685930
948455	209518	738937
971839	221787	750052
833025	196542	636483
889943	207100	682843
775655	218745	556910
934206	204978	729228
989549	216665	772884
697831	189584	508247
986100	194919	791181
1003655	217317	786338
771923	194613	577310
798214	196319	601895
788759	209863	578896
743927	200702	543225
826178	199380	626798
788058	199027	589031
957833	219669	738164
876811	214411	662400
858001	199629	658372
887677	210950	676727
995897	215855	780042
946910	202115	744795
793892	187486	606406
984988	217572	767416
816917	192889	624028
776294	201128	575166
784491	207443	577048
899692	213864	685828
748750	187679	561071
754261	227299	526962
865878	198155	667723
746778	203589	543189
738589	209504	529085
933522	214020	719502
1025923	205336	820587
853336	213756	639580
890093	200206	689887
1039231	212307	826924
930807	199064	731743
880815	188198	692617
704157	185563	518594
815965	226051	589914
1033392	199962	833430
945998	220743	725255
875230	198251	676979
863105	203850	659255
730621	214299	516322
903902	219439	684463
961882	211242	750640
821171	203910	617261
903637	197600	706037
909230	210270	698960
1033998	203048	830950
807564	207301	600263
809535	208086	601449
799704	209296	590408
994192	219124	775068
994876	212860	782016
817707	217432	600275
865814	207497	658317
936197	209210	726987
818797	202522	616275
1010072	201637	808435
846995	192586	654409
885418	199707	685711
871584	210455	661129
852278	206525	645753
776118	205235	570883
913849	206062	707787
888694	207631	681063
743614	199459	544155
858306	211244	647062
951662	191135	760527
795612	201733	593879
910818	199785	711033
996820	210658	786162
821700	214131	607569
945029	199351	745678
860784	204800	655984
891919	216905	675014
1006713	200288	806425
898672	211799	686873
782959	198092	584867
979530	227901	751629
893286	209581	683705
964933	201397	763536
975050	204112	770938
936545	202826	733719
978605	218791	759814
831655	204376	627279
995610	211636	783974
1018252	210961	807291
737917	195465	542452
904901	193133	711768
872179	207229	664950
890252	198284	691968
855120	199766	655354
891044	216988	674056
911946	208607	703339
1032122	211647	820475
959551	221454	738097
922990	197045	725945
757284	199487	557797
906388	219470	686918
967070	213317	753753
851918	207755	644163
922601	206137	716464
856063	194038	662025
1006168	212058	794110
931043	220507	710536
835040	197673	637367
880973	203614	677359
916299	212271	704028
842177	207046	635131
614408	202010	412398
844537	201318	643219
1069679	219357	850322
972042	216765	755277
929268	205345	723923
722508	223845	498663
832061	213373	618688
793077	205193	587884
935107	209722	725385
841274	219818	621456
776082	220049	556033
687735	215321	472414
854379	214810	639569
957699	218737	738962
1020765	218673	802092
972759	212631	760128
928521	209734	718787
892787	207836	684951
741747	207532	534215
908381	218512	689869
983195	217091	766104
966396	216172	750224
905134	203190	701944
942335	214376	727959
985463	209464	775999
778668	200523	578145
753797	198661	555136
896818	212928	683890
956774	203139	753635
1015729	189325	826404
840171	218705	621466
922700	207008	715692
842564	197064	645500
785270	224579	560691
996339	217703	778636
949491	207006	742485
873122	215888	657234
856029	216875	639154
936776	198672	738104
863216	217132	646084
747088	202179	544909
876307	229833	646474
836874	210628	626246
827935	202834	625101
856003	206845	649158
812080	196136	615944
819655	203619	616036
934205	198785	735420
951998	204138	747860
851068	196530	654538
774125	185576	588549
679363	186970	492393
1036188	202323	833865
720532	213825	506707
851541	208148	643393
765835	193673	572162
923607	195447	728160
847265	194969	652296
825250	212552	612698
872937	213778	659159
723934	210253	513681
769512	197618	571894
828157	213468	614689
801541	209999	591542
957052	204894	752158
821213	223465	597748
910726	223468	687258
901390	194984	706406
834461	228666	605795
912462	201372	711090
942777	201381	741396
703117	202236	500881
748596	203959	544637
954493	232733	721760
845221	214965	630256
942871	205244	737627
857767	209443	648324
753929	195411	558518
1013341	199577	813764
861506	232675	628831
983809	211752	772057
902288	200066	702222
965789	218169	747620
617124	196564	420560
953927	200958	752969
957800	206300	751500
853360	208516	644844
837709	203590	634119
774801	208547	566254
830606	206743	623863
907115	219288	687827
994962	217422	777540
956147	194891	761256
905945	210495	695450
954727	216044	738683
842400	216932	625468
846437	219580	626857
879131	201984	677147
832875	195536	637339
918434	201075	717359
918145	206924	711221
1050667	219399	831268
898850	208005	690845
902713	214337	688376
761371	194506	566865
1010160	208670	801490
854053	208491	645562
975626	207150	768476
890272	194131	696141
956015	209924	746091
921734	205596	716138
800529	206700	593829
828286	204594	623692
941443	204604	736839
860382	206166	654216
948966	193193	755773
898162	196597	701565
853047	212926	640121
696358	218426	477932
1000685	213123	787562
729321	196427	532894
884808	211222	673586
937440	200973	736467
863137	207309	655828
971801	210756	761045
956317	208376	747941
701896	206060	495836
944368	209651	734717
929000	214309	714691
801838	189138	612700
761222	193775	567447
942336	206937	735399
857880	197256	660624
862575	212316	650259
795665	206837	588828
946055	213803	732252
884361	202530	681831
723593	197357	526236
883387	210819	672568
779005	215467	563538
948483	203455	745028
832385	205086	627299
922408	197035	725373
768373	198534	569839
879973	192048	687925
865520	196399	669121
962573	206226	756347
667365	200120	467245
872845	208131	664714
941614	218229	723385
817755	194465	623290
1023472	207177	816295
885835	224198	661637
993414	206587	786827
937650	203064	734586
810460	190851	619609
881187	211801	669386
891748	203021	688727
857744	203738	654006
835632	209132	626500
854147	200806	653341
941796	207738	734058
802190	201908	600282
905027	215542	689485
927555	213996	713559
719953	193905	526048
971536	210692	760844
871142	206793	664349
930539	204862	725677
841651	215544	626107
990865	208624	782241
978652	203402	775250
853203	189028	664175
825610	222219	603391
797520	206458	591062
856493	218770	637723
918603	217265	701338
721839	213324	508515
869693	196003	673690
988451	200452	787999
809929	192310	617619
750566	193864	556702
771193	205891	565302
895717	214191	681526
830893	199114	631779
897743	192968	704775
950731	200453	750278
845535	207985	637550
912906	201628	711278
979129	208406	770723
864279	200054	664225
930510	197411	733099
844462	207045	637417
1023150	212596	810554
833578	213743	619835
876996	209802	667194
952356	212087	740269
828653	214302	614351
880973	218928	662045
724168	225198	498970
802974	203446	599528
704735	197131	507604
879138	193420	685718
870789	209761	661028
760037	220594	539443
797386	198324	599062
761131	216166	544965
952029	203156	748873
917787	206645	711142
1011353	219667	791686
1086510	226661	859849
1029476	216296	813180
881785	213834	667951
948583	198793	749790
920739	209612	711127
987190	202976	784214
872610	217390	655220
774364	204079	570285
998104	195105	802999
803646	207321	596325
885546	204685	680861
909617	210252	699365
878458	206547	671911
768534	216951	551583
941666	199232	742434
873439	199742	673697
922999	210755	712244
971588	205759	765829
840420	193992	646428
879040	211035	668005
844729	209196	635533
910023	213127	696896
879534	184190	695344
951242	208283	742959
994577	221917	772660
762858	201900	560958
880551	206216	674335
842105	205061	637044
818180	194082	624098
779020	193555	585465
1038438	201592	836846
813863	212412	601451
880445	204427	676018
952692	181576	771116
905951	204717	701234
947123	228871	718252
972652	219002	753650
923150	199701	723449
800963	207677	593286
842042	209276	632766
875716	206354	669362
704062	208468	495594
918224	198096	720128
804312	199277	605035
730052	219272	510780
856993	206057	650936
1018551	213080	805471
761530	205322	556208
720357	204752	515605
975106	186986	788120
729698	193598	536100
1028959	203207	825752
942821	207840	734981
987883	205417	782466
1008378	213553	794825
705878	200090	505788
897273	212085	685188
980105	216367	763738
848106	202601	645505
752435	193336	559099
1005175	213853	791322
970515	195664	774851
824488	210768	613720
867507	199084	668423
905636	193272	712364
912432	224731	687701
863480	197251	666229
1001294	216457	784837
833531	196987	636544
974083	223939	750144
971828	203999	767829
891071	200846	690225
972305	195219	777086
891446	213230	678216
890803	198314	692489
895927	217002	678925
896758	205815	690943
782699	210443	572256
765643	206412	559231
719251	206939	512312
885139	204559	680580
823179	201290	621889
931612	194508	737104
799754	199224	600530
881447	206376	675071
824753	172413	652340
812608	189599	623009
952428	201030	751398
838305	206410	631895
894429	208388	686041
1026623	212377	814246
910562	205093	705469
955422	199150	756272
862200	191895	670305
891397	197494	693903
874074	216789	657285
942328	231272	711056
937257	194130	743127
749227	195851	553376
863046	220602	642444
830120	206068	624052
927158	206165	720993
881512	217364	664148
1000499	210048	790451
947914	192413	755501
879299	208161	671138
964940	207269	757671
997345	225278	772067
878883	209963	668920
905131	189991	715140
965727	205095	760632
924766	217655	707111
971410	197449	773961
835123	199655	635468
911013	212656	698357
