44014
172104
57526
205261
34223
75781
218708
32229
145306
206445
49693
46445
55599
200862
202973
212889
65057
171123
165970
34642
91382
69414
179650
72724
46389
103717
182475
46090
196599
44677
220997
202367
253915
17621
166031
195947
172528
217240
177192
229320
183191
113457
212170
173503
248995
240621
75081
203248
72030
85645
217751
166946
182068
197697
261179
184225
200635
188908
189255
71256
248978
197777
162480
210093
201980
243490
207193
153705
38751
190362
205618
238181
16117
229578
84045
182638
204713
235759
234314
153629
175189
151433
199675
42692
206863
70489
59091
200714
45724
195091
69393
59187
67781
163993
95861
73216
58177
163973
62734
213241
64743
191895
74434
194961
58595
17114
217395
184628
62256
175468
183792
183050
195865
161688
32093
204053
167016
122880
234172
72128
215635
165794
78112
210090
189450
45632
149314
11056
73289
183150
212876
209025
181654
192916
62892
177162
42916
201851
191738
179849
206005
51771
52433
47023
189162
217104
25391
187697
181226
43462
187039
130070
162284
237471
176680
55274
29726
248060
101915
54583
33907
232252
51810
197548
85838
63677
174099
50600
177519
64366
176266
213017
43139
62982
29044
76532
194690
73153
100793
176499
226410
185751
53066
232770
197195
11308
39370
186379
174168
70650
196908
171637
181125
183273
63683
51562
197647
136652
41786
155288
14615
58471
196002
34159
178699
238482
149607
252840
78329
123041
214688
215558
167702
80340
55522
188564
145057
175863
70996
219751
224978
194713
166610
179567
60748
190664
181201
8491
192339
201177
198051
166889
196710
167385
244168
212410
71447
154215
183835
20754
80226
186907
223370
216495
187557
43645
82659
70700
173502
22969
60617
205242
199589
32435
20703
55996
77719
180334
45685
34224
197044
54351
224824
38280
192879
27283
28829
26180
206997
24402
106864
94413
70695
223949
210924
199296
34142
42339
52665
31442
31263
181231
204123
202454
66429
40068
66613
162027
178358
35510
168196
38276
224491
220589
32048
197170
39907
206147
202641
155537
38726
61174
113163
82238
89098
169523
67205
219368
70074
23088
39682
80278
84303
188668
47195
44616
188367
217846
177256
38772
196513
70727
74609
153058
172005
193702
181830
188040
49963
174188
73033
209518
24006
208199
165357
49784
39671
65034
105546
193020
182423
23480
205815
80733
181025
70731
25972
230526
165167
248442
61191
151462
198612
39656
61617
206431
201889
183477
182399
65084
54675
81726
209698
103912
167537
248719
58336
179135
27029
243690
194734
82716
240992
177591
76975
182515
85210
25985
64563
200352
203282
48487
25712
156442
79171
198438
30245
192216
217657
218019
218168
174043
179188
197966
162258
36546
201325
54390
178933
51189
168810
196421
72848
181974
41143
54201
58729
41014
180560
71951
160837
56091
207004
79254
40952
47784
80727
234417
43848
213719
214462
167244
186590
250842
258307
195552
51602
42861
205612
94067
69884
52837
182494
165073
199608
181506
65297
48384
84437
41128
184228
159338
19939
204601
167697
28543
55839
78787
193421
47841
84745
26525
77038
51226
19265
225124
199771
27783
194650
222494
79795
208892
70164
185565
75211
174717
40501
187443
42197
133397
212948
205213
17405
163585
34360
89565
81616
22438
206174
35442
174210
197805
57106
239066
201004
163193
188272
207251
184674
198908
206436
202141
175729
59545
67320
176678
104680
66923
212790
23404
