1590813
1568472
1669819
14579
1639147
1701736
1566506
1614696
1608340
1624483
1624219
1618464
1617878
1636984
1599203
1686491
1594409
1616247
1614011
1652925
1619066
1647904
1558485
1673170
1599531
1660786
1690528
1640310
1516898
1582669
1644889
1671120
1630223
1604796
1633568
1530553
1537917
1544549
1650426
1722543
1574923
1612400
1663329
1598421
1577965
1668499
1593046
1635697
1620142
1597626
1642211
1586658
1657954
1696208
1624970
1659397
1674755
1554208
1601404
1680071
1570182
1574828
1559094
1611163
1620599
1710485
1698032
1612023
1684050
1662965
1610460
1603947
1543855
1630994
1591622
1649360
1661828
1662012
1656321
1708126
1689015
1657732
1617889
1631232
1655225
1661901
1564574
1635198
1582211
1641556
1609187
1643542
1601130
1656751
1690698
1630907
1695565
1691361
1656900
1688284
1573833
1642164
1633519
1640773
1625681
1579288
1674088
1657157
1625075
1576855
1618708
1591333
1665010
1563485
1563108
1494648
1659276
1614434
1601005
1628881
1562935
1607821
1634113
1665342
1524494
1692084
1703688
1649404
1565973
1647293
1649420
1670156
1684572
1563525
1720114
1641585
1595090
1600009
1599104
1594768
1642844
1661351
1619773
1587898
1569314
1636321
1628845
1602175
1635806
1584306
1729839
1667203
1633594
1522608
1616687
1650218
1629597
1584447
1626891
1573193
1792829
1655224
1673410
1664993
1678814
1658092
1649382
1658158
1621303
1677402
1551130
1606252
1581664
1587342
1592503
1631797
1653824
1523000
1612151
1679513
1628998
1592500
1572048
1583519
1678345
1659165
1638585
1584838
1650489
1703505
1546782
1644930
1569836
1591893
1657695
1618172
1626115
1681680
1615570
1662816
1581160
1621171
1590920
1642942
1604774
1648934
1734226
1660715
1556475
1645756
1644594
1661268
1700937
1633122
1669783
1615368
1654290
1600597
1603662
1589379
1645068
1747689
1614882
1510562
1706703
1682588
1635734
1624337
1634642
1681523
1556790
1616709
1643672
1600134
1604476
1646085
1673498
1673227
1631362
1598987
1646287
1610518
1660196
1694899
1644631
1731957
1504819
1649197
1654465
1617338
1683550
1654005
1588255
1521127
1573056
1679472
1505013
1601252
1632192
1598111
1682350
1645714
1551954
1592267
1678952
1607592
1746822
1611600
1697208
1619441
1627522
1695385
1699944
1582548
1592217
1563899
1576175
1536053
1574296
1745027
1570275
1590632
1711310
1577737
1665315
1641190
1602577
1619134
1555742
1626237
1593364
1659593
1567974
1679322
1674604
1617252
1650092
1589999
1577064
1672650
1672080
1637820
1625847
1615074
1637127
1645357
1585693
1512640
1676457
1568943
1640586
1641823
1616085
1570074
1663437
1661554
1577930
1714687
1623747
1664183
1629931
1698461
1603324
1587696
1610623
1605088
1756641
1668515
1634312
1713512
1645462
1586228
1679693
1658841
1610228
1631611
1650869
1614910
1601962
1597629
1643546
1755409
1619613
1580759
1639739
1569165
1641930
1586309
1599983
1537912
1641809
1677351
1564165
1650521
1682963
1655290
1697284
1652080
1574951
1676256
1640643
1706270
1617204
1624751
1537826
1596980
1629938
1618126
1691145
1636853
1640349
1718522
1648330
1629534
1581892
1537660
1552832
1601665
1700779
1702221
1616965
1558921
1651954
1566499
1609401
1656788
1635317
1549203
1653180
1574916
1615012
1723204
1626167
1631385
1551743
1695360
1617057
1584093
1682101
1638304
1628161
1587993
1670582
1603789
1554350
1597144
1647425
1623511
1668448
1678121
1717254
1544253
1623091
1650066
1626579
1586844
1678873
1630807
1636268
1543198
1655441
1614678
1642774
1668830
1567701
1592429
1588714
1639812
1602200
1620993
1708933
1656280
1620045
1614195
1643353
1609776
1572855
1619747
1639231
1580492
1714719
1685301
1604959
1641471
1694837
1740082
1585027
1562548
1590793
1626491
1608182
1620240
1576817
1637147
1730212
1665008
1613994
1677314
1683631
1596989
1623926
1635326
1658785
1635588
1628508
1622264
1628586
1584071
1570360
1601508
1669634
1565876
1695265
1610983
1661432
1679057
1663747
1675359
1593775
1650849
1645523
1641125
1694386
1590055
1784861
1640073
1631463
1667945
1697506
1580817
1523371
1643209
1646551
1622797
1639227
1620154
1642400
1616254
1621800
1615994
