7168
434
222
15159
12556
96
1367
14903
145
516
69
465
7367
22378
36833
4107
591
21437
81
15236
871
12469
29173
5647
7476
98
30154
23039
255
18429
589
9045
11370
12514
835
11118
130
33596
1126
7124
2262
88
26288
5113
19313
21571
18503
9135
515
354
643
101
15537
9007
19123
23260
12349
22672
6852
405
151
483
26150
1736
40870
223
12314
19381
1293
21225
4816
31391
31934
9002
176
32632
3862
19599
10847
13745
34186
32121
11978
647
8244
116
1414
29743
16
7
3706
2779
8855
27
20175
193
796
33366
803
8060
20881
32
4169
22503
684
10457
231
31
325
10049
4944
3038
33940
27460
18686
18403
3781
14176
4324
2728
167
29772
3784
101
1161
19690
13590
320
3453
13144
506
1282
7231
26035
3007
25043
20545
672
4710
7739
4293
1081
325
258
23450
1920
11560
5393
37052
20540
6143
19600
28952
10139
32685
13900
11616
591
20357
13073
19095
6689
25257
564
424
1035
67
129
33266
1139
18311
31038
219
281
161
900
1481
508
11094
27665
359
2392
547
9916
29901
7646
521
4431
23623
257
5960
10740
10245
9722
2255
255
6247
11060
20268
14847
13985
9764
304
13444
33157
5456
14449
233
20503
517
35921
174
37
4297
192
14928
66
18629
8408
250
10891
1966
33595
3498
14612
3951
7655
6832
13168
11465
257
32426
6389
24114
20749
7753
606
206
3825
18627
17
17673
21660
31360
22151
30337
5192
1756
22883
350
19593
21481
1148
10452
12684
1150
62
20022
89
16243
12656
27077
304
18917
188
22
31913
26030
18323
8911
18876
466
2598
578
296
21470
14023
308
914
10347
17509
30316
26
19437
809
51
9594
184
29920
11213
9462
16238
651
812
20119
6707
2523
20634
36321
7778
285
148
11841
257
91
4863
18198
1104
500
12415
56
2251
3081
11455
248
23759
1327
354
912
58
28531
901
118
8090
19069
24444
21596
2260
385
31510
933
6154
9106
140
818
435
16782
7505
7607
5977
87
67
29976
286
19687
372
375
3038
8495
9568
774
10844
35982
306
19497
359
1874
8609
36903
17080
188
13591
35333
6567
915
21809
7353
39
16796
228
22134
13312
617
28174
151
5896
862
23075
627
4504
748
4234
8202
11415
122
1627
18469
875
258
15424
2744
13927
14726
26657
10173
21799
33495
3940
4233
300
22127
37660
142
140
31218
12809
10548
28737
4696
438
72
11850
1031
2577
11940
1252
338
294
10870
19108
14166
25314
16195
226
8007
3002
93
67238
8794
1271
19231
211
127
3201
77
3479
9420
224
394
17976
6802
11217
23854
646
222
112
346
76
29403
6868
413
152
828
14178
26284
17124
5024
15248
12330
13748
20262
94
4423
32964
160
22960
15698
3107
3300
20014
372
458
50
2940
266
1124
455
684
384
23398
7115
11891
21487
21044
1137
35446
4695
23540
11023
20388
16002
15883
14450
17125
1077
17778
96
368
284
15234
