7223669
7188596
7203229
7217805
7223963
7205873
7197987
7203831
7190070
7193032
7201116
7206460
7214023
7212286
7213636
7214907
7214070
7225858
7203472
7213336
7186949
7216897
7208404
7205179
7200637
7203471
7194024
7219248
7199316
7223174
7199284
7214974
7187653
7209623
7195185
7210235
7188742
7209276
7219372
7194343
7199713
7233522
7199999
7213808
7202543
7184188
7180444
7201858
7212006
7199220
7218938
7212477
7209833
7207668
7208556
7211709
7200955
7186078
7207159
7226650
7216804
7218536
7226936
7200297
7208172
7206728
7213304
7179845
7220865
7214469
7205883
7201572
7193239
7177564
7199888
7222799
7217534
7210669
7205172
7218500
7210796
7179354
7226248
7216600
7181922
7212058
7194804
7207795
7198906
7227590
7182882
7222820
7216865
7209683
7213956
7201885
7217683
7196423
7184150
7192081
7192241
7215870
7183569
7230069
7204729
7220707
7196369
7207947
7180195
7193584
7185670
7219706
7217295
7217462
7204121
7211020
7206919
7204316
7208025
7201084
7188075
7202342
7213481
7189096
7208054
7223812
7211937
7208214
7219322
7211709
7209798
7212250
7238233
7219823
7194998
7201715
7198406
7207642
7219697
7185082
7175323
7219628
7210462
7214144
7196661
7209436
7219785
7206110
7206332
7203207
7188304
7211098
7205695
7211803
7219881
7180206
7256438
7208806
7217936
7190952
7196605
7206594
7222940
7221791
7198643
7200257
7208783
7195424
7210921
7211059
7203293
7198376
7186869
7173532
7212596
7214707
7199539
7200686
7205472
7191041
7181668
7194607
7219192
7189002
7177307
7203379
7188499
7191558
7192630
7178656
7208758
7204472
7197927
7200246
7183531
7209482
7205831
7207293
7216605
7243598
7203930
7206200
7219014
7194844
7224066
7207954
7189901
7199020
7204112
7192113
7219070
7192180
7207980
7191984
7180359
7212467
7175411
7199519
7197108
7215732
7213309
7213660
7227911
7205534
7203919
7210766
7222925
7207587
7193735
7192076
7209368
7218801
7196283
7204681
7201233
7191462
7196158
7242264
7208421
7218151
7207895
7180827
7216571
7186942
7185629
7223989
7213627
7189445
7191098
7179914
7199614
7212557
7213993
7213088
7162170
7213423
7192336
7202322
7203222
7199226
7214031
7181398
7194421
7193722
7215854
7198934
7190463
7192526
7220468
7181157
7210390
7173157
7210923
7222130
7217688
7210833
7111270
7221391
7208441
7221354
7207705
7212506
7200679
7222518
7196764
7211088
7216074
7218945
7222598
7199466
7200579
7196789
7188688
7203289
7213902
7198486
7216044
7207454
7234466
7231911
7171562
7185035
7208891
7224415
7218219
7211190
7212371
7231709
7213109
7202350
7186773
7193048
7219340
7193076
7209366
7204476
7210017
7232308
7217228
7223217
7217217
7191340
7177553
7210745
7213715
7199460
7215677
7182281
7217056
7216213
7197800
7210696
7218478
7193185
7213653
7198315
7217678
7225754
7188865
7209012
7215415
7193971
7213218
7219860
7204107
7210950
7218537
7218887
7165854
7197113
7200789
7197303
7212682
7224224
7226396
7218279
7215248
7220092
7193103
7220316
7189556
7205121
7211078
7194115
7203032
7226148
7107130
7205511
7208322
7189167
7209922
7205543
7207960
7197285
7191758
7185087
7215882
7223284
7215050
7192584
7221418
7172936
7191882
7213442
7181827
7190078
7196132
7199515
7200276
7209870
7220632
7210966
7212785
7221714
7216069
7208490
7194394
7205598
7197651
7213463
7212739
7189683
7202815
7227574
7181815
7240272
7207446
7227041
7219965
7208766
7219453
7188638
7209456
7221587
7225195
7195810
7195948
7211437
7207373
7219013
7198733
7203940
7214268
7211706
7218295
7201048
7221471
7216346
7221697
7201811
7183342
7209377
7178649
7184753
7226417
7184575
7220052
7187950
7221272
7191146
7223245
7191465
7195970
7184812
7215371
7216301
7229823
7187651
7217275
7196362
7198686
7205924
7204023
7192469
7176072
7220645
7217855
7225570
7193145
7217202
7210208
7201248
7201258
7213750
7195722
7193623
7225754
7212533
7205390
7217683
7237745
7247388
7223996
7187507
7211296
7202098
7189872
7190790
7185519
7196486
7193062
7200800
7233899
7226771
7207688
7216658
7210867
7207370
7192073
7197593
7210759
7214070
7180596
7186135
7225374
7199940
7176309
7198478
7206303
7213087
