368373
262738
421561
531277
513276
457382
547066
499050
531462
348486
433347
599179
325640
533900
569362
503657
372575
502409
447667
253393
487865
388510
580477
373119
393929
504291
559463
368374
344814
369286
530008
477924
375588
393987
247944
167052
460821
481112
318874
517410
345190
406040
551640
484951
396088
462331
474894
383116
484563
554341
216428
312047
533737
487422
435008
532466
539507
420968
472472
471222
536629
140543
551626
546132
270194
292992
221312
544394
221882
563592
383620
239412
461073
511256
313775
330750
425413
521069
424521
200631
529148
554165
372045
469007
379216
486629
436686
540221
411270
266011
277272
264653
382255
439524
303556
510643
414848
529709
363809
440558
309726
271618
461782
531454
361088
367178
443474
231618
470210
502274
324843
475178
519299
517859
439003
547001
295844
212553
348107
352089
510109
272164
425755
504843
293848
386704
476315
326053
367820
509857
325460
445764
464069
530532
282472
497038
325237
314137
355029
267757
545311
479171
443011
385746
514422
451667
503072
465591
502473
437826
525424
352916
269276
391179
455623
412659
477641
388427
394472
382118
347365
453044
184793
238474
392933
567220
497454
499972
540795
382921
486523
197305
192743
428795
385697
213487
276516
514277
368600
369489
287054
341334
321459
449909
491938
509157
216807
475138
244512
454182
579943
509803
466343
376106
280317
437496
507256
466803
502220
403136
470191
552109
359243
387098
502147
451908
550224
439421
239869
481351
539263
229410
334221
377076
373650
553432
355608
287848
554046
469921
316575
517616
550628
558128
491664
427780
367584
348020
499492
553885
498757
538086
435775
211628
555022
274056
403561
531547
329501
445409
359971
529081
455381
549012
219172
384665
268277
203878
558632
443152
433697
536030
331703
372665
539655
390583
460279
561752
338505
487329
534117
496398
441719
429313
280917
390564
318520
358581
491651
430664
489848
445885
248158
231772
396256
473932
384526
520849
428169
303702
407821
470932
546722
500909
351200
475634
463130
312492
533158
426233
212521
172906
463034
525753
479479
367424
463654
469566
233430
461830
554716
209006
301045
488966
455197
306993
406966
466682
524523
536323
455060
486177
315967
473877
287030
375227
527504
408164
331220
569633
552995
560991
313607
172669
542845
208638
311247
492777
505788
530817
526144
378605
368452
316570
379579
293000
354559
493575
349157
400651
499769
309553
214227
474910
462029
368244
486445
478509
471977
360114
517334
508514
242941
546705
512944
535914
299513
369718
356851
455118
326637
226873
247189
339770
506381
507495
369217
212757
560363
407253
531316
447062
515536
559396
332603
522645
499805
473688
475321
513758
321250
258377
422060
485895
298301
534724
318767
190725
382219
487548
366030
204153
314622
496243
421168
471501
556837
250152
216162
489572
190326
271846
487704
401389
553942
428738
374642
364983
409384
406850
490842
517593
314188
435814
395221
551010
360990
545248
308199
524537
467080
416806
165511
374667
526634
510150
246346
438885
404518
324492
355623
520798
468837
388827
542136
357728
365281
542881
383080
384573
478219
581075
534402
377382
510472
416335
537205
374253
537660
443509
487414
469677
449561
513762
380145
472345
431601
412412
547212
363596
447556
525096
431765
314914
321494
535265
421308
395770
322115
316842
477068
293413
401246
479581
407965
459589
431939
373033
245996
210563
476131
578217
574627
409381
462978
464450
500323
486086
458877
514747
427168
377089
547931
425526
508053
549058
442933
460038
171874
365192
