7159347
7104253
7096291
7164127
7156334
7163169
7186854
7167887
7139982
7143298
7130817
7163897
7082707
7171941
7145316
7162978
7175601
7088745
7117189
7135779
7154495
7147669
7164079
7181120
7168389
7144933
7162313
7125108
7145079
7135920
7122461
7077042
7170791
7165904
7085810
7085181
7073668
7108572
7136981
7192619
7090205
7166345
7100029
7175658
7076244
7104037
7166131
7180324
7169563
7182091
7074980
7082249
7163282
7161338
7099583
7092979
7081885
7060702
7088875
7161983
7171374
7156358
7162177
7148328
7058697
7097239
7080985
7132483
7204610
7161418
7129611
7186486
7088392
7168472
7074001
7168120
7094071
7170081
7150365
7092109
7083996
7135665
7152279
7069719
7163956
7176115
7162354
7073884
7178809
7084336
7168226
7083848
7170959
7165243
7195238
7179566
7108917
7159801
7161062
7181765
7153491
7159145
7174787
7139182
7151181
7104077
7160955
7166078
7097584
7169602
7165413
7137183
7102354
7066985
7173689
7161559
7163344
7151981
7095640
7129863
7108286
7089526
7177151
7177301
7192433
7160331
7191561
7108755
7159286
7078726
7167919
7156890
7171260
7163593
7176373
7177657
7155314
7072057
7150936
7074762
7032162
7096911
7150975
7185786
7160900
7168483
7080382
7162533
7200652
7108052
7160364
7120066
7117269
7112451
7089653
7189181
7156371
7077344
7090719
7177449
7090174
7178618
7107805
7167729
7167686
7175749
7196320
7175168
7180045
7113652
7096410
7091387
7128041
7178132
7071568
7177841
7157739
7173516
7099975
7127121
7159927
7090502
7087584
7200329
7190345
7084889
7156442
7109864
7104399
7155875
7101342
7169675
7090376
7151058
7162650
7181799
7096182
7158634
7118932
7133127
7106540
7157710
7170039
7152600
7165639
7104448
7176871
7172161
7088287
7101241
7082486
7153639
7184182
7195324
7172567
7110071
7138950
7164808
7151727
7199093
7125019
7166492
7179745
7115386
7159360
7146665
7170360
7051454
7155940
7158664
7155512
7094372
7100968
7152481
7064269
7087690
7125263
7181197
7071503
7088663
7151940
7091049
7168651
7098156
7163255
7172072
7152686
7101364
7155973
7115411
7110132
7097355
7086667
7097092
7126812
7182316
7138864
7182184
7170977
7093155
7119231
7169951
7161759
7107009
7157011
7149336
7170702
7145687
7163216
7143407
7155392
7161487
7096642
7069523
7162400
7150209
7159792
7053337
7150260
7185302
7209009
7162020
7104250
7078414
7172512
7165570
7076277
7094767
7183856
7098958
7118268
7136575
7155183
7159511
7168776
7126319
7088505
7153437
7084689
7054255
7049640
7060602
7179132
7050574
7136509
7107955
7064469
7109484
7157890
7162947
7121035
7149336
7162209
7179180
7181149
7190875
7143609
7161502
7175977
7192240
7092552
7174401
7126079
7188021
7074088
7178337
7174484
7111803
7164823
7087109
7155910
7111209
7185856
7149083
7052555
7083665
7168791
7160045
7114348
7144146
7090004
7118635
7165398
7128947
7087795
7175873
7154521
7137841
7170234
7168302
7127464
7203159
7158434
7170054
7165373
7194801
7164682
7041808
7135641
7158010
7069210
7159261
7077690
7157273
7134192
7171522
7152551
7159011
7122805
7161333
7077484
7164547
7154665
7164889
7115672
7105881
7086551
7205738
7167693
7179531
7170265
7107653
7099027
7088520
7088741
7063999
7160257
7188512
7089699
7167051
7166100
7150758
7152609
7188537
7161988
7107473
7157723
7082841
7104885
7190278
7071131
7146525
7180857
7136466
7102915
7166627
7081156
7102490
7091285
7124865
7156279
7162343
7169112
7102262
7175689
7096702
7077693
7091839
7102539
7166846
7177123
7159172
7109865
7092914
7176788
7147004
7109431
7160845
7170689
7097429
7077624
7078950
7160001
7166462
7179542
7147002
7175683
7128973
7054971
7128528
7122543
7078283
7086167
7168026
7170574
7161447
7074058
7087112
7120215
7095530
7087385
7062790
7112263
7166086
7165713
7096405
7165683
7066297
7174587
7111069
7157733
7182788
7209464
7179582
7160840
7148103
7202886
7177420
7103920
7190106
7173498
7086994
7106932
7085297
7087472
7126672
7174293
7168934
7177949
7170313
7043823
7171236
7093206
7164832
7109982
7165123
7156753
7132848
7183838
7062187
7166434
7080796
7148980
7147343
7158436
7186251
7211799
7149004
7077643
7149680
