6620740
6663929
6484638
6655927
6605011
6649275
6639936
6677633
6553900
6515831
6738805
6510704
6529086
6415336
6446077
6571640
6582845
6433467
6494194
6582831
6679877
6578347
6550659
6557021
6593209
6592131
6509829
6650490
6478347
6583888
6456886
6594843
6500735
6667872
6510287
6545691
6474197
6480347
6526325
6551652
6565249
6544355
6541125
6434367
6551050
6446639
6612181
6454342
6604548
6537131
6611542
6631573
6512259
6628391
6607542
6577704
6468143
6522993
6581167
6532748
6658690
6609396
6552793
6524541
6503078
6655809
6532308
6571178
6399296
6542917
6648080
6429142
6674805
6628841
6537161
6438238
6426137
6550524
6559955
6577675
6656229
6527619
6607994
6607786
6576739
6471696
6482202
6370947
6634556
6638289
6481912
6652467
6566151
6556141
6631551
6530366
6504945
6526022
6579498
6370742
6528527
6537129
6698290
6529623
6566850
6675939
6681008
6539463
6560592
6485594
6530581
6535408
6637442
6695383
6690204
6352585
6525031
6509615
6588127
6537785
6402010
6492266
6714396
6677731
6482068
6586408
6462196
6443090
6561195
6611020
6534003
6721623
6473654
6515871
6301757
6576270
6639500
6769715
6495407
6558162
6537728
6542256
6613622
6544405
6526122
6482617
6535706
6657209
6511496
6581967
6527121
6614781
6507485
6570680
6536636
6512200
6649931
6580223
6660168
6575231
6648223
6585513
6730277
6689509
6574324
6561650
6580813
6575409
6330937
6473825
6614313
6394309
6409467
6580554
6561407
6630881
6586346
6529852
6642257
6421773
6566116
6600850
6308197
6574741
6478737
6518130
6438425
6427406
6656791
6517910
6654146
6581678
6545502
6559165
6439599
6493321
6501737
6365503
6629981
6495229
6659637
6553948
6557448
6546642
6562469
6554857
6341805
6481691
6550485
6590041
6524065
6628118
6569394
6667929
6563999
6612998
6666135
6663668
6481825
6691473
6529674
6649954
6519081
6495005
6599742
6664843
6508925
6494048
6573994
6599102
6451340
6568388
6473116
6521924
6582588
6515365
6476110
6542546
6593718
6633457
6566031
6419620
6577599
6580022
6662353
6587170
6597064
6476140
6605456
6475226
6600205
6412308
6569209
6678500
6506883
6566725
6736559
6570345
6610462
6712773
6593272
6662866
6671063
6518797
6434847
6522353
6772924
6705295
6608796
6460699
6668648
6526676
6460420
6439910
6660465
6527516
6519839
6594106
6465150
6574261
6674141
6631303
6622874
6511949
6693571
6534034
6481640
6679631
6462701
6522427
6596538
6652759
6529346
6493377
6634941
6538289
6463560
6530489
6438211
6490715
6553991
6396793
6701721
6614769
6599385
6527755
6596324
6523698
6498759
6455803
6444818
6631702
6624737
6509428
6470653
6663883
6529819
6519695
6552314
6450376
6584653
6593821
6513745
6481262
6473601
6530696
6519822
6505120
6600177
6435642
6486435
6557608
6609006
6503040
6538235
6637236
6601026
6512348
6536988
6454120
6778030
6560946
6375669
6525714
6611013
6658728
6540636
6457698
6647525
6449287
6619942
6585891
6514409
6394314
6578494
6633352
6580590
6634501
6284577
6535971
6676906
6423912
6542175
6506479
6366722
6406553
6548479
6535167
6591696
6401966
6622079
6657610
6726669
6601057
6574583
6711022
6495165
6658350
6601706
6670326
6515231
6423515
6617457
6545855
6635938
6527499
6596257
6561595
6454947
6597480
6573185
6411705
6659480
6499227
6532515
6642880
6486190
6685350
6482540
6456375
6565058
6441111
6624375
6765297
6690291
6564187
6687477
6659794
6616235
6697532
6609807
6445303
6464416
6646466
6541346
6483302
6525868
6609795
6550046
6603156
6545573
6571095
6478942
6464007
6470136
6566693
6430871
6632584
6680935
6612879
6648495
6659156
6631704
6514137
6631558
6641409
6497241
6547002
6663078
6647679
6598324
6530911
6633590
6552565
6548981
6547222
6483932
6653374
6642234
6698138
6697402
6524038
6574165
6510234
6575434
6565514
6573493
6558604
6553913
6626615
6571740
6657083
6744965
6495893
6628512
6736432
6616809
6653340
6653921
6624704
6554711
6424688
6471432
6600412
6586306
6585096
6594183
6580857
6661194
6702711
6619769
6507976
6629089
6534603
6642770
6665200
6488318
6569997
6422411
6380543
6574588
6521269
6439454
6627282
6583296
6501159
6641883
6668409
6610918
6711439
