786641
921013
875331
849259
763604
819411
706873
675174
926657
912288
706050
909719
821651
924328
847638
851056
839093
892762
834368
840709
877174
814166
806537
899303
853247
772679
921796
849833
979656
777471
781995
852289
874808
768987
793565
787129
870153
787472
938887
898045
896245
912904
995513
757966
854753
732592
847683
808204
850971
856764
937696
910558
675346
912051
858844
876025
940010
916660
945078
769695
810779
956263
795575
1004510
730977
755616
743982
854146
808172
860942
889348
807442
901265
929425
878633
864186
809378
800065
844773
744223
850139
786117
889173
891727
864236
765419
883218
885659
864525
701561
881302
861193
898653
926421
861134
928427
983334
725085
838547
861315
935391
889035
900591
851101
806692
914931
815946
867352
941097
877943
863904
901977
862749
933524
827108
794753
966158
987677
907835
906195
948659
757869
809735
989707
825418
891577
768596
720350
820025
686722
900669
912427
858566
902242
801552
777865
846291
852297
783361
827534
895109
898698
753749
782892
967051
856528
742729
756669
857963
744736
792508
842323
865482
939808
905513
893705
936670
781829
834713
720541
885430
877497
772253
870804
917684
908209
823322
853108
815940
831909
877252
901690
809399
798561
775095
791242
805057
868434
908310
817324
763530
877896
756026
897516
823273
799136
780995
834073
716078
835160
792818
888707
804392
954490
829682
856237
829576
840991
910863
724670
920141
788865
764861
702198
874936
901334
855448
820945
897018
884996
875630
872287
875728
948805
783588
966148
892047
891194
956798
913090
840206
873574
974752
920967
835353
941456
760675
794879
802948
907688
780247
806248
757771
799566
732014
1041876
876015
750513
848969
856772
916188
896602
831484
940318
840464
826398
813492
788326
859464
921150
889194
884045
837065
875984
913250
783345
855454
860441
894989
855054
799980
801941
815990
909171
858838
916603
905894
925179
856165
851246
857765
911794
900398
926041
723274
750954
862899
755391
948944
907756
818538
898806
901149
794675
883981
832805
880403
699475
842843
878412
847227
799207
774062
749652
966080
899964
975361
806778
1006627
791321
795017
901462
843385
823670
725753
627771
855363
869100
903916
907353
764959
785289
828006
911368
785177
802984
794503
772903
811231
857904
825191
833719
775453
794812
915289
923974
794127
846636
881636
787177
902532
790367
807168
754587
917994
821960
813897
896894
844956
894380
819833
847639
919454
768723
897055
874940
729499
902959
906952
871988
948436
827854
884775
688191
835237
857716
754064
913477
905043
745856
949712
714657
905641
956414
848807
707841
861127
939581
781491
842266
834959
731864
914413
787243
759882
956888
726134
818103
780434
856783
864557
909877
756392
818825
795716
732620
722951
848180
835810
825113
826265
814547
819630
824677
856362
914876
850884
996539
891853
795883
845008
900532
861058
881985
734427
881023
925561
761962
750318
965066
863815
805293
890685
841151
875788
800240
900652
932705
846574
884026
745714
957013
744890
857011
958023
934405
827378
624773
858311
902441
865143
860565
918862
1008043
815627
770339
781152
891391
826217
882593
867806
816706
805474
950081
896774
904872
896112
903825
887323
794665
881683
779281
834880
866066
887815
775935
770674
763814
804106
851993
879995
793455
916191
805000
821700
844133
801815
936555
750652
667464
834123
906456
884931
815726
933387
907142
955106
791460
845857
837551
841635
966529
627551
858233
811655
775807
832623
900158
940665
891004
882473
887950
835996
944796
792709
1030792
805834
938066
887056
725396
