7180712
7207400
7191301
7169869
7169959
7195284
7207471
7177394
7136644
7177382
7208711
7203360
7205011
7188570
7192585
7190348
7182873
7184749
7203818
7188632
7191521
7180898
7176953
7199560
7192761
7190220
7190663
7160250
7212158
7201376
7173043
7182191
7195706
7180221
7196658
7165256
7173635
7185271
7170302
7199307
7201175
7178748
7201761
7181608
7178652
7197898
7192034
7185814
7194186
7175287
7187892
7182455
7161539
7166728
7201243
7178236
7179085
7192450
7190324
7166495
7177362
7184418
7203032
7197604
7204820
7131326
7184466
7205273
7208225
7180247
7173724
7193736
7183201
7190911
7205109
7185186
7202326
7221514
7183083
7189963
7187024
7192705
7166351
7187282
7188035
7189318
7189375
7165166
7225817
7195389
7185135
7183544
7201246
7178889
7204689
7174320
7197851
7203504
7175310
7195985
7176340
7197194
7213521
7195887
7167276
7196225
7173786
7199939
7199282
7201418
7194737
7151022
7207040
7195165
7211558
7187737
7172253
7182292
7187331
7170623
7178379
7173154
7188462
7205635
7194828
7188971
7197375
7196107
7174910
7174846
7163041
7167973
7196919
7191704
7197090
7212637
7168319
7191240
7185481
7178925
7171559
7202793
7194586
7218837
7198007
7178475
7203451
7199808
7210180
7210769
7191147
7194713
7184505
7180960
7197985
7183045
7201306
7171950
7193868
7187822
7203518
7194604
7191511
7165507
7204143
7136284
7202506
7193011
7185895
7202428
7208349
7193806
7188623
7200186
7188667
7231093
7190587
7224735
7202620
7191168
7184444
7198459
7210916
7203083
7186607
7181009
7193948
7188013
7198787
7189322
7204165
7178250
7193757
7194513
7186280
7186204
7205034
7207182
7202165
7174852
7187972
7171929
7197390
7166290
7194682
7188545
7185991
7201417
7189211
7195761
7181406
7169983
7192165
7194579
7201768
7176711
7152930
7189879
7197019
7213536
7183877
7182688
7194558
7215748
7178680
7206319
7186349
7208253
7179542
7182427
7185879
7215405
7207845
7186510
7190357
7185530
7191754
7210151
7184160
7181480
7174448
7196040
7203590
7184293
7197676
7195164
7177220
7210732
7175384
7188792
7153028
7192633
7209229
7189681
7186452
7188936
7185129
7209773
7184736
7187478
7215800
7192647
7192587
7191757
7193775
7150880
7199888
7199195
7206033
7194512
7190125
7175144
7187161
7190262
7167396
7164402
7175390
7180099
7166133
7198214
7211374
7180495
7196063
7181110
7205606
7172109
7195285
7181528
7188633
7171312
7192156
7198543
7197297
7181312
7188483
7192203
7187047
7170582
7170704
7163316
7180479
7182982
7210570
7175270
7187582
7204129
7195085
7215830
7183093
7181406
7210186
7192987
7199515
7202089
7196715
7210215
7182690
7162224
7204909
7180354
7183538
7208199
7179693
7207767
7171954
7179824
7183955
7159036
7189021
7177313
7186253
7200456
7164866
7178213
7168715
7182951
7178573
7190387
7202652
7203902
7211117
7216932
7182292
7204072
7193960
7189166
7198366
7187554
7183581
7181342
7159630
7193820
7104278
7177061
7194648
7182014
7195702
7190993
7198083
7188036
7193942
7195124
7168468
7198663
7196835
7174838
7194460
7163043
7209214
7178546
7158708
7208999
7186716
7178949
7180613
7192223
7196170
7188439
7165036
7165261
7207728
7192383
7205646
7191915
7197370
7172609
7179863
7188803
7190748
7187461
7186385
7206338
7184460
7186033
7195060
7177843
7209300
7214957
7184110
7201973
7182251
7200917
7188994
7167065
7183108
7189652
7169783
7182504
7176213
7170730
7179527
7175720
7205061
7187680
7227295
7167390
7165206
7211464
7194111
7185264
7195810
7196961
7198507
7198646
7187510
7202492
7205533
7208389
7175126
7169566
7131888
7182431
7185879
7195512
7187680
7198482
7181629
7181714
7199767
7198078
7189307
7166723
7171096
7189341
7178491
7176567
7207809
7212147
7216396
7172025
7168284
7186423
7195313
7164045
7192826
7171023
7178155
7194879
7173895
7192495
7176881
7200372
7203808
7192770
7188269
7169442
7199403
7200677
7170534
7216932
7200485
7206085
7173567
7203360
7183082
7185946
7193648
7211476
7209459
7178997
7174529
7194604
7180107
7191923
7179673
7193495
7215826
7175748
7200157
7164168
7193445
7178684
7165544
7181195
7165321
7194774
7204510
7169841
7177695
7182947
