7472623
7473004
7472928
7472983
7472966
7472583
7473013
7472687
7473062
7472924
7472872
7472862
7472572
7471429
7472762
7472277
7471349
7472947
7471983
7471733
7471425
7472799
7477050
7472344
7472458
7472291
7473016
7472753
7472813
7472628
7472051
7471728
7472852
7471554
7472573
7471677
7471754
7472731
7471752
7472523
7471948
7472788
7472413
7472446
7471883
7473182
7471346
7472392
7472908
7472639
7472108
7472673
7472890
7471742
7472725
7472664
7472988
7472838
7471821
7472487
7471853
7472986
7472884
7472820
7472516
7473007
7471614
7471857
7472197
7471952
7472808
7472602
7472455
7472756
7472971
7472918
7472992
7472237
7472534
7472784
7472444
7472850
7472530
7471510
7472927
7472741
7473079
7472797
7471940
7472515
7472409
7472777
7472965
7471833
7472754
7472770
7472791
7472742
7472737
7472893
7472013
7472909
7472978
7471601
7472588
7473015
7472592
7472544
7472632
7472733
7473078
7472686
7472810
7472749
7472618
7472413
7471515
7471920
7472664
7471940
7472503
7471771
7473166
7472521
7472715
7472731
7472635
7471357
7472868
7472874
7472765
7472814
7471836
7472724
7472866
7473029
7472469
7471932
7472466
7472030
7472476
7472827
7472894
7471894
7472097
7472779
7472707
7473191
7471548
7471648
7472739
7471952
7472799
7472551
7471674
7472584
7472862
7471582
7471896
7472672
7472712
7472884
7472946
7472641
7472797
7472654
7473026
7471943
7471350
7472609
7473120
7472630
7471668
7471958
7472529
7472687
7473123
7472702
7472777
7473157
7472447
7472967
7472912
7472603
7473178
7472721
7472520
7471459
7472569
7472679
7471944
7471727
7471928
7472919
7472629
7472985
7472167
7471566
7472976
7472600
7472704
7471926
7472994
7473047
7472680
7472671
7472516
7472901
7471785
7472618
7472469
7472712
7472454
7472932
7473061
7473067
7472048
7471138
7471752
7472437
7472646
7472541
7472644
7471548
7472983
7473123
7472854
7472814
7471517
7471445
7472267
7473092
7472404
7471866
7472968
7473143
7471780
7472556
7472606
7472956
7472806
7472351
7472887
7472001
7471496
7472788
7473180
7472919
7472798
7473092
7472589
7473010
7472730
7472973
7472891
7471455
7473118
7471325
7471437
7472846
7471981
7472830
7471468
7472493
7471991
7472435
7472567
7471785
7472974
7472734
7472502
7471268
7471652
7472392
7472826
7472831
7472691
7471135
7472914
7473059
7472228
7472763
7471629
7473094
7472822
7472944
7472633
7472020
7472807
7472788
7472588
7472989
7473149
7472831
7472713
7471676
7472667
7472853
7473107
7471399
7472271
7472817
7473068
7471879
7471949
7472764
7472873
7472998
7472937
7471958
7472850
7472751
7472614
7471510
7473082
7472631
7472778
7473123
7472544
7471654
7472756
7471919
7472770
7472583
7471821
7471607
7471479
7472989
7473229
7472944
7472978
7472500
7472951
7471628
7471422
7472769
7472681
7472228
7472487
7471689
7471419
7472971
7472581
7472773
7472966
7471711
7471790
7471528
7471489
7472425
7472729
7472579
7472363
7472905
7472700
7473036
7472967
7472774
7472662
7472273
7472698
7471962
7473044
7473066
7472136
7471620
7471809
7471474
7472369
7472935
7472644
7473152
7471696
7472653
7473010
7471484
7472601
7473004
7472608
7472613
7472909
7472951
7471613
7471308
7471459
7471620
7472872
7472550
7473100
7472947
7472260
7472660
7472098
7472768
7472739
7471455
7472994
7472278
7473261
7471246
7472775
7473017
7472964
7472551
7472147
7472875
7472402
7472970
7472642
7473052
7472475
7473024
7472467
7472953
7471596
7471248
7473337
7471699
7473035
7472419
7472581
7472271
7471613
7471784
7472549
7472890
7472533
7473102
7472726
7472527
7473129
7471663
7472488
7472879
7473169
7472800
7472986
7471559
7472688
7472651
7472503
7472385
7472774
7472938
7472588
7471712
7472686
7473029
7472863
7472922
7471898
7473086
7472876
7471824
7472453
7472642
7472789
7472718
7473115
7472854
7473033
7471810
7473151
7472567
7471653
7473052
7471786
7472861
7471620
7471562
7471920
7470979
7472476
7473104
7472655
7472434
7472813
7473317
7472925
7471369
7472246
7472307
7472995
7472529
7472946
7472847
7472342
7472916
7473038
7473226
7472495
7472520
7473102
7472601
7471724
7471588
7472765
7471616
7473074
7472030
