7336649
7219488
7330817
6939797
7335738
7246519
7327895
7334857
7216385
7268391
7253403
7342656
7252197
7331886
7222061
7330242
7244120
6983436
7170108
7336563
7336904
7329971
7338660
7248874
7266360
7313433
7379266
7336928
7330333
7338110
7016241
7339623
7278302
7330007
7334337
7339233
7257843
7339868
7215822
7244575
7231194
7222788
7187731
7328518
7343626
7259773
7337265
7319719
7249727
7304820
7169130
7237026
7265494
7333995
7256625
7339348
7337741
7337936
7294635
7338221
7281327
7334390
7270077
7216566
7341647
7332036
7244083
7261456
7325255
7368313
7206008
7237326
7247437
7338445
7348438
7328441
7337432
7216587
7283900
7261185
7248712
6985294
7327934
7318692
7243224
7298630
7289780
7325909
7336461
7349234
7338715
7265118
7344258
7305795
7247847
7338844
7340045
7298340
7260178
7319813
7337540
7332602
7337731
7305677
7273712
7239312
7335092
7445253
7296243
7337513
7245084
7230073
7012159
7245410
7331909
7306368
7211666
7236364
7444901
7331032
7345044
7233809
7255914
7322587
7346231
7244920
7297419
7328098
7317197
7244684
7283458
7436371
7330224
7281523
7340834
7202774
7282662
7324525
7310528
7335223
7320629
7300038
7294803
7307534
7329751
7324977
7332153
7228173
7334240
7251778
7026066
7261791
7228834
7252255
7235450
7341757
7070612
7322113
7329099
7266670
7324991
7334440
7334666
7340732
7334830
7336997
7039355
7348254
7277192
7264578
7243552
7332047
7334835
7318295
7311757
7257937
7335450
7246137
7334744
7334245
7258613
7259816
7325323
7330072
7267403
7327463
6992896
7326271
7334928
7340155
7367787
7275992
7333335
7335404
7341082
7337394
7324940
7303770
7338155
7225299
6902823
7334453
7314368
7251398
7339575
7285706
7300196
7251365
7320912
6987284
7266822
7329661
7334530
7302387
7338689
7305736
7314820
7333918
7254323
7249210
7327015
7343324
7267671
7261081
7254716
7349660
7236978
7335274
7291762
7240131
7334659
7269158
6972717
7232986
7282211
7331842
7331974
7239116
7259378
7320153
7246371
7163270
7268657
7236343
7359482
7335011
7314188
7334164
7250213
7297243
7243206
7400712
7266776
7144903
7339549
7262971
7341667
7331207
7327246
7247620
7332374
7208906
7330096
7241731
7321304
7294505
7321783
7295428
7250164
7328044
7338129
7339658
7338916
7296668
7335653
7320188
7326180
6997370
7329843
7325290
7252954
7313579
7312754
7323654
7251666
7248816
7324518
7219696
7330812
7327147
7316997
7308265
7317681
7337324
7249126
7341935
7338267
7340484
7334979
7251739
7267855
7236715
7306609
7272887
7250893
6843014
7309913
7338116
7276466
7249213
7251353
7284581
7333672
7240838
7265560
7014605
7341315
7334566
7245492
7187748
7306964
7342631
7324206
7343460
7338611
7343254
7294818
7242085
7339317
7279671
7390597
7265525
7226441
7298927
7318914
7332149
7274033
7246183
7331050
7315880
7340527
7336984
7256114
7337409
7331971
7283109
7290969
7287746
7236374
7236546
7280065
7335746
7298419
7245821
7298229
7238412
7323217
7340695
7332267
7337582
7339448
7243712
7335556
7285663
7246933
7183903
7340151
7333835
7331827
7330414
7274546
7248449
7318960
7333085
7331687
7274183
7276709
7190570
7336694
7277266
7343002
7274203
7331230
6926665
7251642
7273486
7337463
7283561
7324565
7241058
7264819
7238778
7239063
7319278
7333458
6971839
7335800
7342467
7293724
7328402
7327399
7302184
6927747
7335180
7270465
7242570
7342074
7385694
7314317
7301204
7240462
7304711
7339487
7273709
7332065
7239868
7002718
7338152
7253497
7240837
7378716
7309277
7352916
7028094
7309818
7316100
7328955
7329803
7267233
7265084
7335211
7323290
7330955
7314243
7245395
7238177
7339833
7244217
7277012
7262575
7339683
7309370
7338391
7331121
7333978
7328936
7248155
7222352
7248354
7245135
7331348
7303601
7259837
7262539
7046328
7319819
7341501
7324799
7335477
7242060
7288357
7228625
6905734
7245037
7339009
7246386
7326292
7242460
7332279
7327326
7246611
7224547
7259693
7241105
7334073
7335583
7339197
7259404
7255707
7268540
7334287
6951812
7442812
7234512
7237826
7331644
7235886
7333942
7241879
7241617
7337209
7249731
7243186
7321390
7333705
7341637
7253381
7329733
7328958
7332630
