1997347
2305333
2048029
1150995
2011065
1431766
2228765
2039290
1803815
2258551
1834397
1280665
2026478
1126831
1162796
2090868
1600936
1102770
1938491
2114526
1601290
2022454
1183746
1996574
2004140
1896062
1149589
2196015
2193536
2132930
2227030
2207401
2214145
2051136
2430117
1251323
1848498
1108804
1515259
2204300
1601332
1254643
1150235
1155700
2209893
2116757
2096426
2046589
1835805
1354231
2346203
1263575
1015419
2202713
2278307
1150360
1149241
1139985
1297494
2087938
2200462
2214066
1113108
2134808
1204998
1893303
1151007
1150795
1884497
1109062
2066978
1150624
2231092
2169429
925930
1153795
2057848
2304360
2193653
1149459
1105846
1151888
2068494
1878234
2218155
1531371
1781351
1143634
1630616
1135794
1988031
1015531
1101243
1139366
2113568
1923310
1684172
1155262
1893925
1137213
2101506
1070491
1915848
1137688
1601579
2002602
2183277
1088440
1759825
1155556
1937384
2076846
1146703
1117686
2029018
1093304
1976000
1142825
2041788
1768052
2167955
1150981
1975986
2051800
1390603
2194516
1155387
1339367
999832
2045241
2155174
2214194
1184862
1102449
1796869
1113804
2137898
2702454
1155745
1985754
2194434
1559244
1583482
1790884
1144258
2441288
2020003
2060714
1184294
2185881
1107647
2142606
1130554
2182121
1204995
2130362
2107721
2248573
2225242
2062151
2169373
2162420
2185645
2481931
1460349
1646246
1913067
1628202
1115011
1601229
1130477
1150350
942370
1335436
1800743
1126817
2325084
1628383
2096107
1155554
2125731
2503300
1314280
2162057
1183089
2013655
996416
1151216
1160170
1895931
1149206
2084580
1155672
2022359
1803407
1874984
1150996
1151002
2319030
1093346
2069284
2061278
1919255
1998046
1303381
2053294
1296992
2002792
2160030
1601302
1154438
2134038
1997074
1971268
1860632
2464935
1274243
1115741
2110432
2183752
2125071
2250336
1150507
1151053
2088365
1989979
1997788
2027639
2008807
1153880
2190007
1151268
1155640
1133504
2185981
1978985
1415865
1982098
1879940
2169103
978767
1104674
2137996
1155147
1183113
2354170
1164367
1518953
1130410
1339958
2046060
1149059
1824920
2031335
2080959
1628243
1718589
1153866
978824
2120842
2113865
2168104
2202084
2068374
2302542
1761817
2200932
2196106
2168739
2084388
2159514
1760720
1867663
2150277
1929749
1183060
2113779
1810900
1531359
2060209
2287564
1137113
1997473
1144533
1601290
1231969
2045935
1888511
1141679
2043890
1071475
2051176
2232528
2305450
2167255
1994655
1989365
1228072
1130515
2026096
1897766
956381
2130847
2002438
1266754
2126318
2316757
2206445
1361453
2106813
1783103
1748727
1044343
2010265
932268
2165851
1833724
2120341
1992648
1767579
1239171
1601572
949536
1153857
1205303
1126986
1090409
2463109
1556833
1205055
1559130
1373755
2029877
1897194
1520747
1878274
2315599
2032432
2006180
2218659
1893358
1175817
1108942
1646279
1103101
1342153
1994408
2324625
2004110
2080927
1552873
2052481
1155090
1781466
2202644
2207782
1943685
1999102
1153521
2110590
1431810
2098549
1159535
1975811
2147642
2163211
2024789
1070686
2161028
1999829
1129915
2185507
2200419
1109138
932298
1960293
1574261
2186472
1780445
1931770
2267778
1926922
1991406
1149249
1378803
2047493
2094401
2273496
2130586
2227072
2214959
1155508
2073791
1130511
1992617
2206760
1136507
1640524
1954603
1628379
1110044
1126004
1435530
1790893
2324506
2107377
1982473
2187521
2083114
1490813
1790893
2023751
1884114
1913564
2128471
1628344
1165416
2264556
2029411
1127172
2710151
1244212
1109281
2136608
2186208
2603364
917149
2631756
2033773
957184
2161258
1917516
2183797
1893721
2045061
1859445
2113888
1599468
1346023
2256298
2109472
1184787
2172123
2213665
1937154
1761028
1760512
938999
1162784
2036996
1475690
1453660
1758903
2091285
2317832
1150993
2234605
2030176
1101320
2202642
2085670
2183784
1911035
1111661
999822
1158381
2090097
1953811
1011520
2130959
2193309
2148401
1895222
2057837
1299608
1746149
1630564
1599551
2328050
2248682
2021321
1252778
2187978
2161562
1895106
1138198
2069765
1115331
2138051
1153175
2298995
2323965
1101364
2088217
1445522
1115528
1431766
1736486
2054882
2030177
