7471344
7472901
7471780
7471353
7472623
7472915
7472710
7472590
7471613
7472735
7472748
7473089
7472662
7471795
7472539
7472595
7471525
7472623
7473030
7472890
7472510
7472772
7472784
7472346
7473019
7471984
7472945
7472366
7472989
7472849
7472740
7472468
7472337
7472390
7472788
7472565
7471365
7471548
7472432
7471788
7472619
7472095
7471897
7472759
7472798
7472531
7472386
7472326
7472913
7472645
7472597
7473048
7471662
7472001
7471599
7472424
7472936
7472484
7473047
7472609
7471666
7472874
7471818
7472707
7471519
7473188
7472859
7472637
7472768
7473130
7472834
7472592
7472999
7471669
7472754
7471524
7471728
7472664
7471292
7471400
7472098
7472629
7472874
7472744
7472945
7472951
7472425
7471367
7473064
7472878
7472658
7472976
7473061
7472933
7471810
7471859
7473080
7471432
7472847
7471866
7472505
7472903
7472612
7471967
7472898
7472624
7472969
7472882
7471693
7472571
7473149
7472861
7472448
7472565
7472917
7472541
7472720
7471557
7471831
7472787
7472482
7472799
7472890
7472003
7473032
7472779
7471460
7471973
7471699
7472714
7471837
7472706
7473110
7472420
7471964
7472519
7472693
7472775
7471631
7472859
7471172
7472618
7472487
7472779
7472861
7472923
7471686
7473008
7472591
7472728
7472819
7471823
7472521
7471508
7472459
7472523
7471231
7472800
7472945
7472755
7472805
7472422
7473042
7472731
7472773
7473083
7472787
7472148
7473333
7472896
7472751
7471779
7473163
7473070
7473007
7472757
7473235
7471967
7472397
7472647
7472697
7471780
7472644
7472735
7473081
7472863
7472968
7472866
7472830
7472647
7472813
7472591
7472865
7472058
7472928
7472966
7472405
7471734
7472434
7472017
7473069
7472738
7472807
7472658
7472560
7472573
7472893
7473033
7471505
7472767
7473080
7472611
7472907
7472832
7472807
7472569
7472985
7472606
7471975
7473392
7472751
7472857
7472868
7472827
7472999
7471215
7472534
7472628
7472443
7471697
7473143
7473157
7471859
7472333
7471799
7472689
7472840
7472794
7472443
7472660
7472852
7472683
7471828
7473186
7473101
7472495
7473031
7471751
7471771
7471379
7472506
7471615
7471644
7471953
7473072
7471845
7472815
7473027
7473122
7472581
7472913
7472792
7472525
7471366
7472767
7473138
7471845
7472513
7472973
7473033
7472562
7472800
7471777
7467184
7472873
7472876
7472876
7472706
7471822
7472659
7472935
7472775
7472693
7472711
7473012
7472865
7472164
7472850
7472875
7472750
7473079
7471993
7471492
7472637
7472599
7473091
7472824
7472821
7472704
7472782
7472996
7472661
7472760
7472880
7471575
7471896
7472566
7472513
7472903
7472980
7472878
7471338
7471640
7472028
7472792
7471674
7472828
7472505
7472794
7472794
7471549
7472698
7471278
7472990
7472832
7472597
7473097
7471593
7471644
7471691
7472941
7473044
7472865
7471848
7472939
7471754
7472549
7472840
7472381
7472671
7472493
7472459
7472556
7473011
7472948
7473072
7472732
7471626
7472893
7472499
7472609
7471692
7472510
7472656
7472778
7472425
7471827
7473110
7471657
7473059
7472219
7471275
7471867
7472889
7473347
7471465
7471532
7472929
7472907
7472932
7472669
7473047
7472819
7472884
7472667
7472745
7472482
7472538
7471824
7472977
7472922
7472884
7472915
7473078
7471398
7472602
7471974
7472731
7472743
7472867
7471558
7472811
7472661
7473097
7472337
7471469
7472908
7472036
7472592
7473217
7472995
7472738
7467797
7472767
7472952
7471216
7471760
7472848
7472665
7473102
7471670
7472353
7471933
7472544
7471832
7472980
7472043
7472753
7472669
7472382
7472827
7473061
7472799
7471703
7472980
7471684
7472559
7472340
7473036
7472426
7473190
7471886
7472708
7473028
7473118
7471781
7472795
7472960
7472811
7472088
7472581
7472121
7471907
7472031
7471871
7472892
7471765
7472838
7473244
7472662
7472649
7472554
7472715
7472936
7472904
7472576
7471805
7471657
7472406
7472604
7472944
7472948
7472997
7471753
7472785
7471637
7472946
7472639
7471942
7471472
7473003
7472859
7471620
7472911
7471812
7471402
7472585
7471955
7472787
7472933
7472296
7473029
7471779
7472492
7473070
7472712
7472567
7472722
7471849
7472936
7472888
7472447
7472621
7473037
7472732
7472943
7473141
7472905
7473016
7472417
