8779
7351236
20310
7454854
7470232
34028
7352698
7353005
7459300
7458164
7462063
7461721
7362022
7451926
7349717
7362990
19291
7453719
7458620
22073
29303
7361640
7463973
16578
23745
7458386
7460752
38564
7461863
6110
7459677
7348050
7462296
7464323
7468398
7343484
7358726
7463330
7358115
7453890
7461841
7458340
7457422
7464877
7353291
7454754
7459751
7460576
7461508
7464189
7459996
7458492
7456789
7465343
7466343
7464439
7348975
7352028
7348507
7361204
7461688
7348756
7346580
7463126
7347707
7356388
7355385
7460120
7465815
7347226
7472662
7352795
8886
7356086
7362883
7346671
7462426
7458572
7461107
7341630
7353647
7451026
7459409
7464531
7453057
7345155
7364734
7370625
18703
7355977
7458528
7348420
7466826
26998
7457314
40634
7466416
7459365
20378
7396224
7460854
7458613
7462221
7460704
7349767
7360351
7458206
17933
7456229
7460637
7359681
7364620
7347502
7352726
7457478
7458427
7462871
7342557
7450045
7459229
7462845
7458367
7347667
7460582
7457653
7349109
7461520
35284
7360019
7457973
7463613
7457643
7460845
7459626
7456937
7461878
21965
7459251
7456332
7460383
7458807
22688
7351330
6665
7461761
7454802
7465282
7460756
7350352
18563
7357647
7360667
7457727
7343875
7460858
7348199
7460750
7468681
7462119
7459524
18573
7349332
30629
7354553
7133
7463177
7458871
45245
7461097
7463023
7454716
7348960
7458587
7349941
9933
7463266
7460172
7353891
7461831
7462793
7350304
7452166
7342108
7361099
7463003
7455462
7349105
7345882
7362763
7352547
7459902
7358128
7456029
7457151
7458160
17678
14909
7461373
17114
7351775
7460893
7461810
7364861
7370603
57075
7457972
7450612
7374082
7358918
18263
7457793
7454576
7459806
28415
16360
7349342
7462784
7462380
7455643
7349493
7463010
7456759
7349236
7456742
7354525
7459661
7460288
7460810
42381
7462929
7468511
7457901
7457993
7453588
7460183
7461878
7462347
7461718
7351967
7804
7461511
7352990
7460374
7460253
7348865
7462836
7346178
7357718
7463378
71935
7461149
7349446
7353692
7468668
7352652
7468367
7461876
7458317
7455626
6741
7460433
7357034
7357790
7352780
7392529
7458909
10679
16154
7463592
7456645
7468062
14317
7351845
7461327
7464420
7460521
7459707
6103
7462029
7465042
11934
7454846
7354261
7462461
11433
7345281
7459076
48282
7368494
7372320
7350226
7044
7346888
7459854
7349045
7361560
7461800
7360144
7344795
7460200
6377
7455104
7390497
7396852
21698
7458357
6418
7462486
7457238
7459741
8046
7459092
7457453
7458962
7466002
7356825
7463149
7461342
7357452
11177
7351724
7461085
7461547
7355507
7456540
7343850
7461788
7353799
7361329
7460637
7462438
7454447
7468227
7350864
7347380
7367779
7352647
7365851
7362097
7453880
7357635
17948
7458466
7354005
25579
7461327
16238
7350545
7461418
7355563
15153
7362362
7457070
12467
7467587
7456541
7353176
7460835
7461751
7459810
7458603
16091
7356254
7360107
7350037
7456679
7460855
7355057
13808
7346908
7378971
7465029
7460648
7346530
7461102
7457047
20394
7461789
7462135
7466638
7455766
7455403
7356042
7343069
7462998
7461639
7462339
7462072
7456421
7353066
7460263
7346154
7348685
7349230
25221
6049
7459819
7459884
7465009
7462376
7458512
7463673
7459831
7350992
7462969
16517
7461803
7461220
7456256
7353346
7461913
7348416
7458582
7350364
7463259
7465876
7356586
7459385
14214
7458916
7467285
7461955
7456417
33931
7460040
7456523
7458268
6085
7354932
7347093
7350766
7465958
7350518
7344777
7342621
7349677
12324
7357000
7456575
6227
7458957
7464966
15376
7455244
7354387
6085
7472255
7461525
7344687
7356187
7097
7350075
7357952
7457742
7362256
7458267
7456969
9955
7350061
7455033
7351289
7462314
7453673
7462474
7351751
7457052
7350331
7455304
7387006
7461595
7462192
7459767
18704
7351470
7462056
7462752
7378293
7464547
7457168
19874
7463541
7347560
7466308
7461281
7459722
7460845
7458996
7457673
7459852
7463056
7384174
7357621
7458055
7462346
7468143
7460312
7353130
17383
7458191
45390
