3281837
3350741
3175719
3320172
3218358
3264201
3249435
3326081
3322543
3288684
3243356
3341599
3243666
3271342
3246943
3289069
3270010
3300256
3273357
3182780
3312895
3192658
3372458
3168808
3302490
3258294
3320697
71
3204359
3369074
3379976
3261919
3258381
3278282
3277493
3315037
3320694
3357448
3354876
3273592
3330611
3276645
3260127
3335687
3353816
3265815
3284151
3277702
3243225
3279142
3274852
3195907
3319392
3350417
3229727
3301977
3306362
3330693
3246137
3272431
3268627
3288535
3313235
3267577
3401560
3194040
3301495
3325484
3281674
3293508
3314977
3294616
3213066
3277414
3261525
3295364
3272085
3209614
3323001
3219362
3334041
3271622
3258360
3274971
3243486
3229947
3235374
3298426
3260262
3331072
3258586
3317433
3299007
3281531
3335776
3227702
3287908
3294762
3222689
3269120
3274491
3267469
3268987
3289974
3297542
3282583
3323537
3289108
3220766
3329974
3275334
3306815
3260429
3230642
3277899
3327205
3310267
3269802
3312024
3320197
3282355
3233969
3308285
3242389
3324476
3267016
3330202
3281177
3335872
3269848
3315114
3307385
3306819
3164488
3327887
3379678
3256593
3355212
3343582
3242280
3228494
3170164
3289751
3221894
3276320
3334768
3357836
3263373
3287116
3294543
3342739
3292602
3299298
3258253
3270581
3301556
3254651
3381557
3206094
3270853
3232259
3245703
3247265
3306706
3296229
3196231
3267952
3334037
3311892
3311901
3316633
3309094
3328711
3305832
3163408
3294275
3278982
3288661
3313623
3319651
3314227
3255119
3248754
3299486
3397935
3361555
3350774
3255173
3359833
3266206
3299150
3361717
3346632
3222605
3286249
3229668
3302891
3345259
3184660
3380283
3275812
3370828
3276107
3275628
3326642
3304944
3239915
3307078
3283210
3198455
3252156
3275285
3258157
3294055
3291654
3254304
3339512
3404862
3298177
3168754
3363515
3318463
3275381
3257807
3298326
3299754
3305941
3309918
3258920
3299862
3290403
3340809
3334207
3269829
3312139
3304104
3263377
3297788
3321243
3268052
3273727
3330898
3304056
3380905
3239040
3263355
3255502
3294135
3294553
3249453
3230239
3261565
3295818
3374301
3302395
3238477
3293195
3320276
3247988
3295913
3303235
3258894
3232537
3149012
3283442
3312794
3264082
3163335
3259823
3275365
3277942
3270524
3343758
3216138
3218904
3323400
3224923
3338333
3223182
3323866
3191004
3364830
3326710
3352391
3282573
3261233
3254201
3305609
3230936
3265137
3291204
3374841
3248516
3226862
3215970
3276279
3307667
3242882
3292031
3295073
3305573
3288712
3297201
3283919
3274373
3264447
3266037
3261479
3292032
3309020
3181197
3273191
3291347
3204143
3354175
3269363
3337522
3207918
3372500
3361980
3315268
3270414
3355949
3305698
3307441
3246823
3309635
3313746
3257563
3362038
3342362
3330605
3248147
3313476
3383808
3273961
3364172
3304034
3287552
3344828
3245443
3299012
3293097
3311133
3298650
3231742
3283957
3278877
3250632
3320968
3299291
3192430
3199955
3230285
3219507
3361097
3320647
3332321
3323232
3322459
3318566
3249852
3307802
3280342
3297174
3312290
3258996
3249921
3237495
3284692
3291951
3340041
3324151
3306601
3261981
3310439
3254110
3262889
3284879
3312063
3323233
3279375
3226110
3307729
3308819
3284106
3321737
3261526
3283421
3328437
3345155
3269186
3332685
3240894
3211922
3270099
3308488
3245586
3241970
3264047
3268738
3352939
3276559
3357257
3249688
3262756
3216911
3262989
3325665
3318805
3341363
3302597
3178797
3254286
3274190
3251227
3262361
3324386
3267733
3292064
3298702
3323402
3292869
3267326
3269105
3352981
3357852
3236854
3310949
3256968
3260133
3232350
3269055
3262929
3306117
3195295
3253056
3228989
3321469
3221224
3227192
3314265
3205983
3351453
3301002
3251836
3224494
3239554
3300117
3284349
3271921
3284907
3277162
3180939
3308979
3266277
3297831
3291335
3293215
3341706
3304103
3183776
3302288
3347832
3234972
3261647
3301710
3232176
3361669
3216013
3245193
3287617
3311681
3262326
3257396
3281904
3283246
3272153
3285975
3236702
3272726
3267335
3283100
3255118
3330990
3330790
3376466
3217035
3298212
3326041
3239535
3386932
3287085
3265759
3205400
3235103
3327416
3244578
3344087
3346330
