1665473	24	1665449
1569015	20	1568995
1722197	440	1721757
1657449	124	1657325
1646127	65	1646062
1687553	52	1687501
1559815	144	1559671
1624959	33	1624926
1608188	47	1608141
1624058	183	1623875
1605829	42	1605787
1715340	606	1714734
1673345	24	1673321
1635024	124	1634900
1596785	106	1596679
1666190	43	1666147
1576664	455	1576209
1647144	124	1647020
1666935	47	1666888
1598722	128	1598594
1594934	51	1594883
1661336	34	1661302
1684748	306	1684442
1681238	201	1681037
1721101	65	1721036
1669366	317	1669049
1667186	77	1667109
1718638	159	1718479
1570331	80	1570251
1700295	128	1700167
1613207	258	1612949
1608988	183	1608805
1637765	575	1637190
1625229	14	1625215
1599417	183	1599234
1684691	145	1684546
1594253	47	1594206
1552788	255	1552533
1636783	74	1636709
1656925	575	1656350
1632464	128	1632336
1609570	52	1609518
1603847	77	1603770
1644934	179	1644755
1619887	90	1619797
1618115	505	1617610
1685877	819	1685058
1733882	162	1733720
1669569	440	1669129
1703612	606	1703006
1694142	669	1693473
1610752	98	1610654
1639138	118	1639020
1682440	140	1682300
1637806	90	1637716
1740465	75	1740390
1668625	287	1668338
1555693	287	1555406
1619563	179	1619384
1774334	317	1774017
1601359	49	1601310
1646415	70	1646345
1600514	263	1600251
1634819	176	1634643
1655149	77	1655072
1630095	56	1630039
1704561	185	1704376
1601981	75	1601906
1700263	262	1700001
1752779	163	1752616
1578202	148	1578054
1635284	77	1635207
1543296	20	1543276
1636166	575	1635591
1646057	249	1645808
1656528	652	1655876
1635759	217	1635542
1557370	151	1557219
1619093	505	1618588
1720757	185	1720572
1628528	75	1628453
1658339	255	1658084
1616637	68	1616569
1598121	78	1598043
1547545	151	1547394
1679864	67	1679797
1537539	42	1537497
1611028	77	1610951
1626722	273	1626449
1705168	578	1704590
1688962	262	1688700
1643504	176	1643328
1653762	111	1653651
1690559	578	1689981
1736749	546	1736203
1686660	440	1686220
1756867	599	1756268
1667545	163	1667382
1757934	578	1757356
1679444	185	1679259
1589200	50	1589150
1709412	141	1709271
1738369	176	1738193
1597110	263	1596847
1660239	599	1659640
1644779	170	1644609
1625686	56	1625630
1693738	578	1693160
1701812	317	1701495
1662182	255	1661927
1660145	162	1659983
1640367	204	1640163
1662312	106	1662206
1569135	75	1569060
1661316	233	1661083
1664974	163	1664811
1690610	136	1690474
1644049	114	1643935
1594678	148	1594530
1692920	262	1692658
1594276	49	1594227
1668943	114	1668829
1689374	150	1689224
1674175	141	1674034
1552961	74	1552887
1635855	170	1635685
1570143	255	1569888
1620650	273	1620377
1639492	111	1639381
1721552	140	1721412
1658771	669	1658102
1622273	151	1622122
1653558	185	1653373
1548560	175	1548385
1761545	262	1761283
1642533	263	1642270
1667345	159	1667186
1651119	20	1651099
1688533	193	1688340
1603075	98	1602977
1584925	378	1584547
1617537	67	1617470
1716726	339	1716387
1519962	42	1519920
1646896	198	1646698
1688607	199	1688408
1662528	65	1662463
1576812	140	1576672
1738759	106	1738653
1658211	128	1658083
1723202	306	1722896
1708392	546	1707846
1659621	82	1659539
1633161	51	1633110
1610340	263	1610077
1700510	273	1700237
1609628	213	1609415
1670582	151	1670431
1653874	62	1653812
1627350	34	1627316
1634511	159	1634352
1583888	43	1583845
1698680	159	1698521
1673997	20	1673977
1688307	455	1687852
1634964	440	1634524
1712525	505	1712020
1609433	317	1609116
1716930	77	1716853
1648011	606	1647405
1683129	141	1682988
1659442	652	1658790
1670399	249	1670150
1559059	52	1559007
1526349	42	1526307
1662671	111	1662560
1624204	70	1624134
1696166	339	1695827
1712335	546	1711789
1620188	82	1620106
1620461	56	1620405
1607983	199	1607784
1610740	262	1610478
1636379	43	1636336
1723671	255	1723416
1644254	213	1644041
1630009	249	1629760
1544511	179	1544332
1562742	145	1562597
1693355	339	1693016
1655226	47	1655179
1700362	140	1700222
1626500	179	1626321
1639286	408	1638878
1556320	128	1556192
1665137	42	1665095
1595201	47	1595154
1578836	179	1578657
1578929	124	1578805
1659330	287	1659043
1619944	213	1619731
1637921	213	1637708
1531046	56	1530990
1623642	65	1623577
1678738	306	1678432
1625419	241	1625178
1669899	255	1669644
1715771	43	1715728
1721075	546	1720529
1581301	42	1581259
1583460	263	1583197
1712644	70	1712574
1652615	648	1651967
1605513	138	1605375
1676601	163	1676438
1658197	154	1658043
1644432	862	1643570
1668891	114	1668777
1688328	213	1688115
1503321	144	1503177
1684699	241	1684458
1612619	199	1612420
1702851	124	1702727
1595216	193	1595023
1680528	819	1679709
1720697	1356	1719341
1653330	408	1652922
1614817	65	1614752
1671700	408	1671292
1647441	193	1647248
1524840	80	1524760
1669403	106	1669297
1624333	193	1624140
1637649	106	1637543
1683938	51	1683887
1690358	98	1690260
1699223	128	1699095
1666294	47	1666247
1682466	141	1682325
1629782	65	1629717
1608246	132	1608114
1653562	263	1653299
1658354	505	1657849
1706806	77	1706729
1645524	106	1645418
1656967	42	1656925
1583959	111	1583848
1647120	262	1646858
1646430	287	1646143
1687049	273	1686776
1644916	24	1644892
1647286	198	1647088
1669691	425	1669266
1557728	24	1557704
1742542	233	1742309
1673107	599	1672508
1680346	862	1679484
1684161	306	1683855
1636570	1356	1635214
1613541	128	1613413
1740653	217	1740436
1597278	124	1597154
1625675	141	1625534
1609721	233	1609488
1739936	669	1739267
1802569	163	1802406
1663752	159	1663593
1581853	159	1581694
1591225	43	1591182
1682851	163	1682688
1589397	819	1588578
1640885	455	1640430
1675491	150	1675341
1681174	648	1680526
1568198	56	1568142
1727027	263	1726764
1731847	546	1731301
1556497	58	1556439
1643705	67	1643638
1771233	170	1771063
1562358	42	1562316
1652375	47	1652328
1693619	141	1693478
1613811	77	1613734
1611964	51	1611913
1751713	273	1751440
1657769	213	1657556
1694868	84	1694784
1657061	306	1656755
1657767	163	1657604
1585227	114	1585113
1688043	24	1688019
1516851	56	1516795
1681018	80	1680938
1612381	124	1612257
1607472	408	1607064
1672943	144	1672799
1550324	47	1550277
1570376	77	1570299
1654592	204	1654388
1675582	58	1675524
1738748	249	1738499
1686504	62	1686442
1640439	440	1639999
1550996	52	1550944
1586601	98	1586503
1646291	20	1646271
1656452	378	1656074
1756510	339	1756171
1583605	233	1583372
1573647	42	1573605
1677029	176	1676853
1653862	1356	1652506
1610954	408	1610546
1618234	132	1618102
1679730	159	1679571
1647460	50	1647410
1639853	56	1639797
1670087	425	1669662
1738699	58	1738641
1619370	306	1619064
1619234	78	1619156
1671150	132	1671018
1625023	185	1624838
1694096	198	1693898
1676899	82	1676817
1643801	106	1643695
1607222	199	1607023
1612615	51	1612564
1577089	77	1577012
1634035	128	1633907
1686119	193	1685926
1716950	34	1716916
1627370	56	1627314
1720516	128	1720388
1606239	599	1605640
1581127	42	1581085
1625109	144	1624965
1654160	62	1654098
1528739	154	1528585
1670445	47	1670398
1731549	273	1731276
1641920	77	1641843
1645174	606	1644568
1636229	263	1635966
1615383	862	1614521
1626745	78	1626667
1539387	378	1539009
1614145	1356	1612789
1623890	51	1623839
1693252	78	1693174
1722048	68	1721980
1612361	77	1612284
1684732	78	1684654
1629410	124	1629286
1715448	75	1715373
1599949	94	1599855
1717338	408	1716930
1704216	652	1703564
1664496	213	1664283
1685380	862	1684518
1644573	14	1644559
1596811	77	1596734
1652549	138	1652411
1673957	204	1673753
1676841	258	1676583
1629256	34	1629222
1685113	141	1684972
1663590	20	1663570
1626691	43	1626648
1726223	124	1726099
1751182	546	1750636
1591511	49	1591462
1619734	255	1619479
1585230	132	1585098
1691621	1356	1690265
1583454	128	1583326
1670032	124	1669908
1714809	578	1714231
1614134	84	1614050
1654929	669	1654260
1600677	128	1600549
1718473	546	1717927
1699313	255	1699058
1656718	52	1656666
1669753	176	1669577
1697467	546	1696921
1598316	669	1597647
1648046	648	1647398
1564604	154	1564450
1726590	151	1726439
1653829	185	1653644
1659528	408	1659120
1705044	163	1704881
1655455	408	1655047
1750191	128	1750063
1685348	77	1685271
1556463	176	1556287
1677323	578	1676745
1653350	339	1653011
1687588	175	1687413
1626918	141	1626777
1663996	52	1663944
1523402	84	1523318
1646127	124	1646003
1550735	24	1550711
1681960	546	1681414
1656705	159	1656546
1595319	140	1595179
1654413	51	1654362
1628592	47	1628545
1716519	233	1716286
1734979	74	1734905
1725566	150	1725416
1657625	213	1657412
1648745	440	1648305
1671102	249	1670853
1672889	49	1672840
1664006	128	1663878
1609145	47	1609098
1655614	183	1655431
1642433	263	1642170
1641448	106	1641342
1677502	43	1677459
1667429	575	1666854
1702139	378	1701761
1714301	249	1714052
1672248	78	1672170
1677260	1356	1675904
1664844	1356	1663488
1722186	128	1722058
1776853	440	1776413
1618447	144	1618303
1665470	98	1665372
1616254	505	1615749
1633119	141	1632978
1622731	65	1622666
1636467	78	1636389
1650344	52	1650292
1631338	128	1631210
1604404	1356	1603048
1622316	193	1622123
1740378	124	1740254
1630572	151	1630421
1618810	47	1618763
1694290	42	1694248
1672401	440	1671961
1597713	132	1597581
1642964	124	1642840
1685092	62	1685030
1602348	50	1602298
1681591	273	1681318
1614040	67	1613973
1673236	233	1673003
1610493	42	1610451
1660219	306	1659913
1675394	378	1675016
1658928	14	1658914
1699566	287	1699279
1640574	154	1640420
1716295	233	1716062
1627314	49	1627265
1708363	150	1708213
1516244	77	1516167
1619163	132	1619031
1643938	106	1643832
1648467	170	1648297
1651930	98	1651832
1570667	1356	1569311
1605801	62	1605739
1661101	144	1660957
1568875	70	1568805
1747231	163	1747068
1608275	68	1608207
1654764	273	1654491
1572994	67	1572927
1659680	862	1658818
1578220	42	1578178
1614740	20	1614720
1630658	128	1630530
1636062	68	1635994
1647138	255	1646883
1522374	20	1522354
1696647	258	1696389
1659204	50	1659154
1692394	75	1692319
1696222	140	1696082
1581303	141	1581162
1632457	140	1632317
1676675	141	1676534
1621711	154	1621557
1668328	154	1668174
1571023	163	1570860
1606282	138	1606144
1671586	440	1671146
1606258	198	1606060
1665240	862	1664378
1632565	317	1632248
1595961	648	1595313
1694306	546	1693760
