2396803	1545	2395258
2059819	117	2059702
1905396	88	1905308
2294206	860	2293346
2138826	341	2138485
1913250	390	1912860
1921678	355	1921323
2460049	992	2459057
1650928	25	1650903
2199491	873	2198618
2320425	487	2319938
2208737	331	2208406
2196012	1545	2194467
1888977	221	1888756
2044084	407	2043677
1906883	52	1906831
2064207	768	2063439
2099601	221	2099380
2006323	151	2006172
2353578	1418	2352160
2233734	565	2233169
1817898	10	1817888
1949528	280	1949248
2067682	205	2067477
2008773	218	2008555
2257226	370	2256856
1585514	27	1585487
1783842	148	1783694
2068759	393	2068366
2585661	1418	2584243
1897933	104	1897829
1949793	624	1949169
1952389	242	1952147
2415352	2248	2413104
2094556	62	2094494
2032212	234	2031978
2403895	2482	2401413
2168336	348	2167988
2174018	254	2173764
2096091	408	2095683
2157777	276	2157501
1650737	102	1650635
1900609	112	1900497
2127430	489	2126941
2067122	235	2066887
1750081	96	1749985
1783265	87	1783178
1841798	52	1841746
1797312	49	1797263
2468282	331	2467951
2389840	1364	2388476
2391026	787	2390239
2056956	119	2056837
2039601	60	2039541
2062377	596	2061781
2600132	1775	2598357
1842355	197	1842158
2258287	450	2257837
1954151	166	1953985
2211979	170	2211809
2330096	248	2329848
2027443	101	2027342
1862180	149	1862031
2154538	24	2154514
1911268	284	1910984
1980464	193	1980271
1956426	168	1956258
2256315	245	2256070
2041171	78	2041093
1952344	272	1952072
2020989	147	2020842
1988212	275	1987937
2150281	160	2150121
2160399	573	2159826
2153505	168	2153337
2077234	93	2077141
2035154	550	2034604
2378471	965	2377506
2080600	403	2080197
2077503	604	2076899
2516203	1020	2515183
1928319	180	1928139
2361392	1067	2360325
2417052	294	2416758
2008795	27	2008768
1972843	154	1972689
2004183	152	2004031
1870117	66	1870051
2350208	683	2349525
2269081	789	2268292
1895907	135	1895772
1797576	7	1797569
1997743	114	1997629
2107558	481	2107077
1889580	277	1889303
2100588	264	2100324
2053672	163	2053509
1925709	266	1925443
2091322	672	2090650
2042731	262	2042469
1773340	66	1773274
2213799	156	2213643
2207875	204	2207671
2081949	388	2081561
1817936	8	1817928
2042656	49	2042607
2340458	970	2339488
1978388	195	1978193
2209889	170	2209719
2064807	407	2064400
2401871	504	2401367
2349974	815	2349159
2217538	628	2216910
2087297	361	2086936
2072016	190	2071826
2062117	303	2061814
2094591	339	2094252
1985782	165	1985617
2114383	334	2114049
2560344	1553	2558791
2110448	203	2110245
2005728	174	2005554
1832062	52	1832010
2091554	37	2091517
2115651	395	2115256
2300876	404	2300472
1850998	160	1850838
1996413	219	1996194
1788669	114	1788555
2472246	693	2471553
2528870	1364	2527506
2119700	138	2119562
2047803	262	2047541
2048618	403	2048215
2517988	1792	2516196
2094456	149	2094307
2265941	148	2265793
2125335	117	2125218
1855633	278	1855355
2043335	286	2043049
2111252	414	2110838
1890087	154	1889933
2055246	399	2054847
2203378	1418	2201960
2097866	203	2097663
1939907	218	1939689
1886712	341	1886371
2278021	1023	2276998
2277778	755	2277023
2064388	162	2064226
2231906	157	2231749
2031295	258	2031037
1995168	115	1995053
1699319	73	1699246
2094433	38	2094395
2051380	409	2050971
1980947	151	1980796
2031469	133	2031336
1920812	143	1920669
2036419	315	2036104
2211243	1123	2210120
1896922	52	1896870
2242320	525	2241795
2258085	466	2257619
2534021	906	2533115
1985381	178	1985203
2040587	244	2040343
2090106	508	2089598
2291570	593	2290977
2116197	286	2115911
2086801	239	2086562
1892871	64	1892807
1712321	34	1712287
2190148	243	2189905
2346444	810	2345634
2532344	1217	2531127
2335662	573	2335089
2277772	508	2277264
1689282	87	1689195
1893391	115	1893276
2377849	506	2377343
1783477	204	1783273
1858189	194	1857995
2097791	454	2097337
2128865	334	2128531
1992819	492	1992327
1948867	144	1948723
1927626	225	1927401
2351180	793	2350387
1985795	144	1985651
1806251	92	1806159
1997718	353	1997365
2042732	604	2042128
2485763	958	2484805
1847782	19	1847763
2119576	387	2119189
2113696	232	2113464
2185687	262	2185425
2230637	1074	2229563
1808898	146	1808752
1653279	60	1653219
2079715	151	2079564
2047495	239	2047256
2195874	638	2195236
1892760	118	1892642
2187155	922	2186233
2184036	525	2183511
1826046	154	1825892
1922839	305	1922534
2143786	497	2143289
1873246	332	1872914
2136538	91	2136447
2170025	256	2169769
2014155	657	2013498
2155807	325	2155482
2139377	543	2138834
2210857	245	2210612
2031401	220	2031181
2197569	317	2197252
2052381	154	2052227
1975560	129	1975431
1797588	303	1797285
1967853	153	1967700
1859755	108	1859647
1848381	95	1848286
2200615	259	2200356
2371881	798	2371083
2214927	1545	2213382
2034653	183	2034470
2277879	740	2277139
2271386	980	2270406
1879486	191	1879295
2207797	317	2207480
1945212	104	1945108
2301992	320	2301672
1820827	13	1820814
2102174	205	2101969
1779937	27	1779910
2669289	649	2668640
2133939	176	2133763
2407313	504	2406809
1908392	136	1908256
1640538	96	1640442
2216770	593	2216177
2088798	104	2088694
2155147	1095	2154052
2321335	1217	2320118
2359393	1792	2357601
1997181	617	1996564
1941297	219	1941078
1873403	148	1873255
1985125	544	1984581
2091706	64	2091642
2134575	185	2134390
2311454	150	2311304
2355992	163	2355829
1965402	322	1965080
2060191	261	2059930
2168965	574	2168391
2213058	168	2212890
2307089	959	2306130
2005260	182	2005078
2243519	870	2242649
1893429	30	1893399
2479342	745	2478597
2017476	232	2017244
2217341	879	2216462
2011320	148	2011172
2442825	709	2442116
2218428	292	2218136
2008607	583	2008024
1971233	242	1970991
2292893	644	2292249
2228550	387	2228163
1888398	239	1888159
1845885	181	1845704
2060737	427	2060310
2181148	298	2180850
1958165	154	1958011
2163662	181	2163481
2607633	1095	2606538
2078149	168	2077981
1900582	708	1899874
1979636	221	1979415
1990006	632	1989374
2144539	301	2144238
2071075	148	2070927
2184333	331	2184002
2044333	280	2044053
1973475	292	1973183
2311653	587	2311066
2108673	174	2108499
2134973	581	2134392
2425397	980	2424417
2359972	358	2359614
2205738	259	2205479
1784343	42	1784301
2027496	101	2027395
1987395	1086	1986309
1975072	554	1974518
2132391	106	2132285
1866763	243	1866520
1775881	153	1775728
2105200	264	2104936
2178845	1258	2177587
2164149	504	2163645
2213418	387	2213031
1896362	81	1896281
2354802	1218	2353584
1966877	150	1966727
2354968	387	2354581
2522717	947	2521770
2067813	114	2067699
2136268	249	2136019
2065200	157	2065043
2424315	879	2423436
2071503	288	2071215
1929715	393	1929322
2181786	64	2181722
2100799	106	2100693
2068813	617	2068196
2153404	182	2153222
1657648	39	1657609
1948630	168	1948462
2485565	649	2484916
2377020	1674	2375346
2275168	174	2274994
1934733	467	1934266
2143862	271	2143591
2124041	593	2123448
2116765	588	2116177
2120035	317	2119718
1832224	218	1832006
1937676	117	1937559
1996047	398	1995649
2106927	463	2106464
2065200	294	2064906
2224090	142	2223948
1818719	277	1818442
1830769	140	1830629
2080813	248	2080565
2293381	683	2292698
2033196	859	2032337
2228364	536	2227828
1809855	104	1809751
2122267	425	2121842
2270182	651	2269531
1715377	81	1715296
2370732	583	2370149
2358591	251	2358340
2208380	506	2207874
2395131	1366	2393765
2137831	307	2137524
2269134	538	2268596
2197337	1074	2196263
2056732	187	2056545
2061978	226	2061752
2254927	895	2254032
1841419	69	1841350
2194085	346	2193739
2118346	304	2118042
2124768	379	2124389
2056796	379	2056417
2127838	235	2127603
1993349	101	1993248
2303094	411	2302683
1771102	204	1770898
2376531	918	2375613
2168826	1270	2167556
2482895	1643	2481252
1903406	168	1903238
2319282	317	2318965
2033241	407	2032834
2151412	334	2151078
2253070	316	2252754
2233581	481	2233100
2336034	652	2335382
1975221	124	1975097
1968679	170	1968509
2098558	92	2098466
2294594	844	2293750
2324197	646	2323551
1956860	533	1956327
2044591	160	2044431
1990322	294	1990028
2092435	180	2092255
1814534	255	1814279
2325140	1364	2323776
2071461	207	2071254
2295975	543	2295432
1762493	26	1762467
2002291	604	2001687
1982482	187	1982295
2086551	272	2086279
2159914	895	2159019
2459215	631	2458584
1792053	66	1791987
2386358	724	2385634
2236530	511	2236019
2223319	503	2222816
1994146	89	1994057
2148341	490	2147851
1999728	208	1999520
2037136	114	2037022
1989988	182	1989806
2397451	282	2397169
1954254	148	1954106
2482547	1103	2481444
2253270	746	2252524
2123994	529	2123465
1721593	114	1721479
2192648	617	2192031
2025468	253	2025215
2069800	272	2069528
2279664	212	2279452
2110191	178	2110013
2018707	168	2018539
2127172	252	2126920
2188430	379	2188051
2156731	101	2156630
1994841	29	1994812
2195883	451	2195432
2006243	104	2006139
2505700	1634	2504066
2064679	338	2064341
1883310	81	1883229
1696665	34	1696631
2159200	620	2158580
2114362	583	2113779
2381082	602	2380480
2296785	387	2296398
2068115	68	2068047
1830182	154	1830028
1927715	101	1927614
2288398	703	2287695
2306071	100	2305971
2148724	1545	2147179
2106330	197	2106133
1816855	102	1816753
2381986	1078	2380908
2137661	536	2137125
2267334	308	2267026
2266347	182	2266165
1954012	133	1953879
1877586	103	1877483
2268140	205	2267935
1973590	416	1973174
2198686	556	2198130
2072777	342	2072435
2243893	293	2243600
2252724	1214	2251510
2316762	1375	2315387
2091662	361	2091301
1663479	110	1663369
2383285	294	2382991
2339744	451	2339293
2044089	387	2043702
2187640	326	2187314
2076152	306	2075846
1980568	76	1980492
1929736	30	1929706
2159002	170	2158832
1930872	69	1930803
2435363	684	2434679
2195424	504	2194920
2096714	265	2096449
2116330	404	2115926
2073335	101	2073234
1957103	114	1956989
2075488	250	2075238
2364925	466	2364459
2254908	482	2254426
1980583	232	1980351
2410847	1034	2409813
2074852	157	2074695
1968538	160	1968378
2008575	172	2008403
1763823	117	1763706
2050088	322	2049766
2154041	427	2153614
2557018	1034	2555984
1888995	38	1888957
2160287	213	2160074
2020651	199	2020452
2237628	447	2237181
2072039	272	2071767
2153655	568	2153087
2119485	239	2119246
2016058	503	2015555
1934363	239	1934124
2165820	642	2165178
2190970	149	2190821
1955713	303	1955410
1676973	133	1676840
2272289	386	2271903
2147246	628	2146618
2018369	378	2017991
2146656	508	2146148
2309539	390	2309149
1990623	255	1990368
