7472450
7472802
7472696
7472899
7472796
7472935
7472849
7472898
7472768
7472371
7472503
7472636
7472980
7471636
7472703
7472374
7472999
7473158
7473274
7472401
7472324
7473131
7472373
7472536
7472923
7471657
7472966
7472846
7472770
7471595
7471301
7472617
7472174
7472930
7473113
7473081
7472625
7472899
7472117
7472986
7472510
7472899
7473145
7472691
7471251
7472974
7472705
7472908
7471513
7473105
7473177
7471739
7471739
7473001
7472909
7471675
7472457
7473054
7472413
7471347
7473014
7471908
7472665
7472704
7471700
7471939
7472435
7472698
7472802
7467787
7471577
7472161
7472718
7472029
7471586
7471780
7472435
7472820
7472714
7472921
7472781
7472508
7473104
7472350
7471371
7471790
7472654
7472608
7472658
7472306
7471402
7472857
7472387
7472572
7472976
7472867
7471521
7471813
7472674
7472682
7472870
7472519
7472865
7472882
7472624
7471419
7472891
7472741
7473025
7472502
7473008
7471178
7471314
7472756
7471583
7472487
7471756
7472930
7472837
7472540
7472618
7472959
7472671
7472637
7472796
7472998
7472393
7470536
7472701
7471751
7472530
7472663
7471625
7472502
7472821
7473028
7472927
7472920
7472711
7472997
7471245
7472624
7472496
7472935
7472945
7473039
7472888
7472840
7473020
7473127
7472883
7472403
7473248
7473100
7472878
7472919
7472802
7472437
7472907
7473139
7472411
7472258
7473414
7471731
7472761
7472564
7471932
7471651
7472816
7471528
7472842
7472558
7472077
7472226
7472841
7471478
7472611
7471696
7471667
7471916
7472675
7472701
7471727
7473240
7472584
7471492
7472563
7472781
7471847
7472088
7473081
7472829
7472887
7471416
7472660
7471592
7471718
7472840
7472470
7471690
7471718
7472706
7472035
7472495
7471856
7472212
7471858
7473229
7473089
7473068
7472589
7471650
7472812
7472588
7472944
7471344
7471248
7471591
7472018
7472695
7471757
7472639
7472770
7472929
7472496
7472240
7472728
7472531
7473183
7472324
7473061
7472616
7472677
7472980
7472876
7473070
7472964
7472632
7472576
7473180
7472632
7471384
7471763
7472725
7472975
7472764
7477295
7473096
7472805
7472831
7472738
7473112
7472844
7472596
7472630
7472869
7472561
7472519
7472807
7471454
7472865
7472924
7471647
7471667
7473076
7472555
7472567
7472779
7471930
7472563
7472358
7473036
7472710
7471804
7472539
7472918
7472818
7472464
7472559
7472740
7471739
7472755
7472595
7473052
7471555
7472616
7471026
7472901
7467679
7472571
7472826
7472198
7472748
7472751
7471506
7473110
7472681
7473020
7472476
7473001
7472613
7472682
7472775
7472904
7471746
7472886
7473011
7472485
7471449
7472666
7471709
7472294
7473079
7472680
7471057
7472636
7472035
7472958
7472604
7472518
7472922
7472740
7472823
7472688
7472400
7471714
7472254
7471843
7472046
7473011
7472853
7472652
7472309
7472574
7471560
7472904
7472740
7472981
7472793
7472627
7472835
7471852
7472167
7472706
7472819
7472725
7472891
7472683
7472638
7472642
7472509
7472619
7472802
7472678
7472714
7473192
7471260
7473002
7472187
7472715
7471905
7471714
7471282
7473061
7471773
7471492
7472800
7471206
7471964
7472871
7472907
7468699
7472751
7472648
7472949
7471773
7472658
7472794
7472064
7473184
7472479
7471336
7471980
7472572
7471356
7473124
7472481
7472776
7472427
7472652
7471524
7472843
7473082
7472868
7471947
7473036
7471285
7471364
7472718
7472389
7472864
7472755
7471597
7471471
7471570
7471858
7472600
7472281
7472965
7472958
7472687
7471670
7471498
7472849
7472890
7472758
7473064
7471522
7472825
7472973
7472517
7472820
7471880
7472297
7472984
7472895
7471891
7472600
7473085
7472848
7472860
7471722
7471458
7472748
7472516
7471725
7472803
7473209
7471797
7472690
7472868
7472278
7471751
7472326
7472582
7471722
7472837
7472337
7472708
7472649
7472686
7472477
7473264
7472495
7471586
7472715
7472663
7472644
7472925
7472963
7472062
7472891
7472643
7472613
7472641
7471569
7473178
7472642
7471794
7471623
7472623
7473052
7471761
7472857
7472758
7472529
7472357
7473151
7471329
7472614
7472302
7471403
7473023
7472929
7472678
7472864
7472987
7471781
7473144
7471854
7472597
7471914
7472538
7472862
7472353
7471306
7472616
7473093
7473028
7472870
