1833536
1750746
1929276
1872384
1723164
1885241
1719289
1880240
1793045
1812028
1803982
1835839
1873216
1939098
1756362
1864803
1832999
1909974
1785673
1830753
1876826
1907036
1846560
1753753
1852406
1820611
1900796
1837977
1784039
1804270
1870345
1931416
1831947
1808311
1663136
1828096
1801427
1918419
1808363
1741564
1773660
1815496
1851049
1835136
1880660
1795150
1787514
1759984
1871307
1829433
1755593
1746798
1905014
1812625
1745393
1716941
1907026
1847265
1730070
1699888
1751196
1788340
1838910
1911512
1839704
1713012
1723605
1881025
1757826
1852284
1889282
1856786
1808671
1824232
1885936
1736832
1774798
1826052
1883315
1722995
1848763
1939542
1856395
1869401
1907462
1688976
1719688
1906915
1836655
1681812
1783671
1709881
1870168
1776024
1910627
1883670
1831014
1864356
1856025
1758865
1768332
1649808
1813304
1890684
1928173
1736898
1845593
1743379
1905274
1886016
1708532
1777326
1757538
1816183
1665419
1843076
1748097
1835506
1854638
1749849
1818397
1805676
1706572
1755471
1762502
1748444
1860146
1699046
1877637
1857358
1754450
1835314
1772863
1768018
1712551
1801757
1863291
1756256
1952927
1727281
1830028
1797392
1840689
1845718
1799631
1751242
1868793
1838666
1788682
1865783
1833187
1868085
1844984
1840553
1791804
1751036
1788936
1852902
1914967
1838022
1818755
1773316
1813995
1705832
1885609
1852171
1833822
1846667
1824260
1896293
1893732
1902870
1941735
1882712
1844510
1710557
1699648
1928437
1815700
1815543
1771514
1887789
1829816
1871024
1896013
1832250
1701027
1770585
1732722
1868794
1876197
1754479
1737874
1660156
1748264
1872978
1764611
1727655
1799333
1867528
1757145
1733434
1710875
1885094
1838449
1880958
1902880
1715331
1854210
1830651
1832123
1778131
1824575
1701179
1770912
1852426
1784315
1764798
1775644
1744495
1779732
1876552
1853470
1851248
1725208
1716754
1649447
1775168
1719654
1881429
1817436
1780962
1884041
1687932
1804990
1801089
1812866
1721309
1793878
1930631
1921048
1927416
1768933
1826605
1853575
1826911
1772815
1631452
1957974
1741362
1841244
1836599
1752321
1756523
1832554
1865922
1836291
1909290
1812524
1794310
1834447
1834533
1753198
1746629
1727177
1676680
1706128
1901063
1856111
1784509
1757019
1929759
1798554
1715051
1778414
1866846
1908352
1835237
1944421
1804158
1809945
1791245
1842196
1926703
1798971
1737539
1778112
1726603
1993712
1772653
1670025
1855895
1724973
1832404
1714103
1788545
1824482
1741145
1956249
1850434
1784512
1907708
1934323
1773156
1803098
1677792
1810197
1856765
1907146
1781893
1843176
1722386
1881480
1674380
1947017
1827584
1917797
1835758
1698054
1749768
1976638
1845720
1873169
1681243
1880836
1778008
1693817
1822396
1871404
1891827
1831112
1853680
1882622
1782195
1748020
1888239
1826548
1750736
1864182
1909704
1706686
1745218
1913879
1789236
1916082
1831043
1830439
1884652
1764073
1823885
1935220
1779590
1795110
1769739
1809513
1760759
1859046
1767452
1783446
1702334
1854805
1762672
1931593
1762691
1914105
1797576
1807114
1785310
1820235
1812989
1937595
1864020
1796410
1818104
1830405
1781033
1909012
1848558
1831480
1806871
1815062
1809578
1890592
1855179
1923121
1876693
1873517
1794047
1724700
1843145
1899152
1841585
1741075
1777257
1732618
1837298
1869661
1719187
1756910
1907201
1686541
1887420
1821160
1699059
1760614
1857024
1882206
1758988
1900260
1926107
1685378
1740234
1833725
1804313
1757638
1957758
1878728
1861291
1843560
1791146
1881881
1931504
1711599
1823940
1855259
1864577
1893812
1822368
1691609
1915367
1885313
1871116
1714851
1713800
1787478
1757098
1836856
1944408
1885816
1819936
1725182
1855393
1862087
1812822
1652222
1885863
1819031
1870093
1850394
1873179
1794645
1705384
1888242
1687763
1828043
1845911
1835902
1844318
1880792
1828802
1775650
1802347
1811804
1857892
1959925
1770585
1713141
1757081
1897167
1814069
1756347
1729518
1754446
1753155
1803036
1835084
1874869
1685728
1734016
1792103
1812163
1850511
1719457
1793387
1880603
1833869
1740743
1886130
1883752
1903637
1874612
1797501
1909938
1803548
1789754
1790495
1805249
1888289
1751352
1860687
