6463797
6514382
6557533
6517447
6464826
6455536
6530790
6480305
6402257
6507895
6407186
6628019
6504962
6450635
6534466
6447745
6441047
6486282
6530077
6552892
6341880
6446918
6463219
6523134
6401345
6524461
6538420
6555397
6459674
6619674
6463261
6468509
6486126
6521342
6477284
6533185
6486716
6515378
6494250
6531953
6417039
6490202
6642380
6588683
6427706
6577740
6670920
6552732
6554868
6669456
6618627
6583045
6493936
6506658
6411446
6542503
6531134
6485583
6469144
6658835
6435162
6433870
6500091
6559346
6556052
6542613
6530436
6352300
6647716
6536372
6558722
6517296
6565706
6450193
6491709
6548696
6522838
6442931
6490802
6535066
6525669
6529671
6397551
6477944
6416572
6534780
6449471
6513032
6500278
6517889
6597187
6553173
6448469
6542026
6547525
6577419
6572211
6446757
6702581
6541997
6443181
6498195
6516570
6490334
6528649
6463759
6499924
6609990
6493368
6463570
6522713
6441183
6565240
6475434
6456189
6496534
6489150
6499075
6512953
6573144
6495809
6500204
6551848
6453993
6565888
6595341
6649138
6574044
6463125
6536983
6460015
6494304
6573529
6469570
6413395
6573578
6603395
6454174
6475893
6559612
6560387
6572352
6591083
6523188
6557058
6520698
6423497
6517711
6491372
6594186
6615158
6450045
6522789
6515599
6495769
6523379
6560411
6472575
6470268
6496230
6566589
6579973
6497506
6529399
6515500
6599800
6570879
6591291
6414672
6644217
6515431
6485071
6490090
6510555
6507600
6520466
6468471
6668855
6596704
6553457
6410043
6595868
6640066
6475963
6484834
6443009
6478202
6493865
6513310
6573922
6532217
6423110
6488211
6625738
6550161
6289544
6453631
6444322
6502796
6550190
6513884
6493647
6428274
6490495
6615155
6590270
6457400
6523529
6591924
6373766
6524908
6486311
6472581
6452334
6603227
6542081
6617791
6498627
6570627
6489464
6518168
6541876
6612679
6527832
6579328
6629245
6552821
6534020
6630025
6559255
6423078
6555051
6526039
6480728
6511714
6475969
6437567
6508949
6667537
6497499
6516186
6515273
6543100
6473551
6526355
6455621
6557826
6570642
6503637
6578594
6569885
6612726
6608842
6484422
6497181
6693778
6654294
6542419
6583625
6560758
6476193
6486095
6535612
6580638
6583004
6466170
6583749
6565670
6428814
6501444
6562930
6516084
6567946
6438677
6498912
6448228
6505233
6580059
6516444
6557844
6500247
6463153
6564947
6435279
6531951
6526495
6552745
6537048
6496712
6611021
6518910
6420556
6492106
6456522
6545949
6628817
6524435
6510381
6508396
6557354
6476520
6535231
6350745
6557132
6533353
6540604
6491471
6510287
6598170
6589374
6506008
6549645
6638915
6506579
6636408
6453738
6487938
6430782
6594876
6559348
6532406
6523108
6441373
6560148
6614416
6578080
6482489
6618983
6496115
6492637
6537080
6492938
6437234
6494953
6567803
6454689
6504221
6592646
6474653
6437217
6353781
6486502
6556480
6497936
6429877
6567176
6622452
6571536
6625035
6461892
6551670
6452638
6483080
6669701
6504525
6540877
6549295
6657107
6540001
6527921
6534000
6451803
6498979
6605130
6536053
6532208
6513917
6566601
6476358
6518372
6528078
6631628
6442638
6622760
6554212
6658089
6602501
6541248
6556219
6497204
6586839
6593680
6651782
6454021
6420668
6502930
6554773
6449640
6581043
6529034
6600144
6481236
6636661
6527989
6553426
6575227
6492750
6595168
6673034
6532655
6551608
6548068
6526598
6558890
6499622
6407792
6516760
6650943
6521895
6435790
6470807
6491047
6633730
6547919
6495610
6630514
6551682
6463366
6551917
6457396
6540521
6637013
6474642
6533708
6467713
6527994
6593628
6559244
6637458
6591374
6517710
6544985
6509745
6559018
6520441
6558904
6581110
6523825
6471983
6529081
6562227
6606819
6534928
6501301
6509074
6477875
6537173
6501064
6542478
6546303
6346367
6630864
6504982
6509138
6495180
6613919
6594762
6521665
6525534
6563468
6530079
6408726
6417143
6448893
6596736
6436312
6502346
6566471
6630471
6470500
6492673
6616799
6565667
6438120
6509937
6566101
6513409
6471284
6431886
6536883
6516939
6566806
6576604
6570145
6421881
6585239
6520625
6596216
6541913
6558949
6437638
6437780
6438823
6514913
6586792
6625176
6574074
6470648
6557072
6546346
