7471775
7472969
7472703
7473003
7472907
7473077
7471817
7471998
7473024
7472880
7473003
7472822
7471664
7472459
7472821
7472717
7472909
7472878
7471532
7472890
7472632
7472750
7472967
7472406
7472453
7472213
7473196
7472526
7472526
7472885
7472963
7473136
7472579
7473142
7472708
7471837
7472600
7472849
7472743
7472082
7472949
7471811
7472757
7472605
7471869
7472076
7472867
7472671
7473090
7473077
7472953
7472796
7472654
7473163
7471914
7473000
7472576
7472805
7472432
7473146
7472957
7473043
7472774
7472985
7472640
7471484
7472779
7473043
7472445
7471438
7472663
7472897
7472918
7472878
7473026
7472749
7472887
7471777
7472882
7472666
7472463
7472636
7472391
7471507
7471607
7471812
7472699
7471762
7472402
7472769
7471472
7471448
7472042
7473082
7472752
7472870
7472657
7473108
7472349
7472836
7472896
7472071
7472609
7472898
7472922
7471686
7471310
7472789
7472880
7472998
7473074
7472484
7472513
7472830
7472999
7472890
7471971
7472663
7472665
7472467
7471790
7472578
7471621
7471654
7471553
7472927
7472854
7472748
7472884
7472004
7472583
7471783
7472638
7471848
7472630
7472840
7472502
7472842
7472671
7472681
7472592
7471664
7471426
7473211
7472431
7472886
7472621
7472787
7473115
7472948
7472634
7472370
7472665
7472597
7472448
7472755
7472917
7472810
7472657
7472509
7473061
7472987
7472898
7472681
7472746
7471688
7471769
7471695
7472459
7472610
7472126
7472828
7472979
7471597
7472763
7472757
7472353
7473097
7472722
7471569
7472988
7473146
7472670
7471885
7471459
7472777
7471907
7472610
7473015
7472711
7472634
7471684
7472708
7472927
7472337
7472748
7472908
7472956
7472468
7467473
7472795
7473017
7471941
7472725
7473040
7472621
7473121
7472693
7472998
7472527
7472783
7472805
7472851
7471962
7472499
7472498
7471413
7472621
7472569
7473165
7472660
7472822
7472520
7471532
7471456
7472644
7472780
7472911
7472129
7472515
7472996
7472570
7472610
7472657
7473210
7472604
7473137
7472623
7472621
7472771
7471669
7471845
7471789
7472958
7471458
7472660
7472536
7473089
7472800
7473089
7472443
7472808
7472871
7472474
7470915
7473185
7472610
7472740
7472794
7472683
7471817
7473021
7472741
7471740
7472503
7472661
7471592
7472738
7473026
7470883
7472786
7471811
7473044
7471866
7472486
7472939
7472664
7471943
7472797
7471635
7472923
7472664
7472872
7472779
7472333
7473132
7472985
7472805
7471769
7472765
7472913
7472920
7473141
7472414
7471881
7473326
7472687
7472900
7472835
7472980
7472724
7471539
7472766
7472992
7472597
7471223
7472609
7472599
7471685
7472600
7471697
7472638
7472792
7472873
7472777
7473145
7473081
7471654
7471783
7471575
7472754
7472744
7472994
7472926
7473054
7472392
7472933
7472261
7472528
7472943
7473167
7472898
7472262
7472922
7472981
7472399
7472946
7472918
7472943
7471737
7472905
7472634
7472995
7472658
7472567
7472873
7473054
7472676
7473015
7471866
7472948
7472832
7472942
7472405
7471606
7473021
7472606
7472714
7472496
7472633
7473092
7472941
7472968
7472587
7472578
7472515
7471900
7472992
7473018
7472797
7472523
7472780
7473095
7472564
7472971
7472522
7472761
7472844
7472939
7471345
7472546
7471365
7471790
7471958
7473050
7472570
7472523
7472306
7472643
7473013
7473068
7472712
7472902
7471333
7471974
7472717
7472661
7472715
7472865
7472392
7473032
7472002
7472833
7472510
7472758
7471703
7473035
7472912
7472726
7472812
7472899
7473004
7473091
7472454
7471740
7473040
7473032
7473063
7472556
7472649
7472562
7472683
7472966
7473287
7472734
7472937
7472869
7472306
7472475
7473017
7472815
7471983
7472704
7473086
7473024
7472746
7471909
7471875
7472984
7471168
7472354
7472376
7471870
7471392
7472628
7472868
7473072
7472832
7472801
7472814
7472724
7472886
7473009
7472264
7472800
7472295
7472387
7472552
7471717
7472839
7472545
7472969
7471676
7471679
7472750
7473150
7472843
7471610
7472776
7472782
7471888
7472769
7473000
7472692
7471317
7471890
7472857
7472616
7472462
7472599
7471135
7473139
7472826
7473216
7471731
7472554
7472616
7472474
7472470
7471835
7471606
7471495
7471921
7472886
7472729
7472468
7472725
7472958
7472750
7472424
