7461504
7458443
7455588
7466786
7353041
7460669
7458609
7349325
7461868
7463296
7350983
7354885
7462079
7461644
7356002
7459810
7345052
7352285
7460074
7462121
7460162
7461854
7464506
7352045
7455793
7461022
7461214
7460310
7467376
7463174
7357023
7461857
7460984
7350786
7461591
7460829
7356257
7461370
7460627
7461875
7348729
7390281
7355153
7465844
7457346
7464715
7348236
7460956
7464210
7459124
7458860
7463112
7463330
7348727
7352162
7351942
7462952
7461365
7347904
7396609
7461972
7461106
7459462
7362613
7461001
7460507
7462175
7463985
7464679
7458407
7459223
7462090
7461003
7363140
7461546
7352988
7461163
7462311
7349835
7460321
7464419
7461054
7458917
7461729
7462968
7462345
7461606
7460658
7462725
7349552
7461603
7371735
7352678
7461587
7460608
7461692
7462992
7465376
7359223
7358772
7461852
7460535
7459075
7460093
7351574
7456456
7359135
7352625
7461676
7460604
7462552
7345105
7362302
7458591
7460832
7460458
7460427
7351889
7465409
7460263
7360669
7464695
7469752
7461359
7466606
7355730
7461203
7459436
7460217
7459242
7462826
7458339
7458225
7347201
7353556
7386828
7459765
7461798
7461261
7459154
7461478
7460236
7461319
7459637
7460361
7465015
7467383
7461529
7469700
7459461
7461664
7353731
7461771
7461367
7458162
7460357
7352901
7460823
7352620
7349065
7461016
7351839
7349705
7457266
7461176
7459979
7462931
7467613
7359186
7463812
7470587
7353068
7463853
7352563
7363177
7352520
7361888
7353966
7458204
7458096
7471745
7462906
7461199
7465347
7464108
7460987
7352131
7461453
7462425
7458748
7461712
7461119
7464674
7390516
7460267
7459120
7465130
7462341
7353004
7457790
7463071
7458723
7351030
7460969
7463963
7461130
7461734
7457953
7462026
7369705
7460182
7461986
7466568
7348794
7457741
7354691
7461215
7460275
7462575
7462042
7456752
7349596
7462365
7464592
7461793
7369775
7351716
7350367
7456901
7357100
7465916
7461402
7347049
7462648
7459875
7356192
7462986
7456984
7461342
7461256
7351544
7470591
7460864
7462210
7462246
7468033
7354486
7455752
7353339
7350055
7363489
7461913
7358590
7461580
7465866
7466307
7350101
7457422
7352690
7457893
7460020
7466523
7467385
7458983
7461698
7347448
7458545
7354381
7463246
7461870
7463772
7460697
7459609
7459298
7463775
7367700
7464118
7460004
7461349
7459762
7461886
7345097
7460511
7463012
7461665
7351890
7374881
7365010
7467433
7464297
7457558
7463939
7461905
7466245
7461893
7465273
7461329
7462929
7353661
7457009
7359551
7457718
7357404
7459936
7462942
7347831
7350318
7460834
7466949
7464204
7462789
7461518
7457872
7468274
7462253
7353132
7363416
7355430
7459004
7350421
7460858
7459308
7362631
7458209
7351860
7462203
7461287
7349803
7462451
7455777
7459670
7459802
7457517
7465968
7357899
7390559
7464446
7464313
7363314
7460627
7462887
7463672
7459544
7366078
7355168
7346484
7462993
7349689
7460722
7400264
7461639
7462779
7464523
7462187
7353490
7460468
7463240
7462306
7458821
7458899
7358668
7457457
7353792
7454840
7366393
7457998
7463324
7352666
7461641
7346407
7461156
7459014
7458659
7459401
7471556
7462225
7459815
7466628
7386114
7348434
7463790
7459954
7460947
7468589
7460789
7460618
7354088
7351090
7351732
7462978
7462278
7467664
7460147
7462078
7467320
7458691
7462703
7352883
7348484
7378020
7373163
7462998
7463908
7352667
7460959
7460138
7458788
7460475
7462784
7461008
7461691
7462423
7461335
7466889
7462347
7459835
7462023
7457946
7349013
7360742
7461129
7367491
7463156
7462028
7457524
7459480
7465687
7353701
7460565
7458667
7462359
7460699
7464077
7470934
7457290
7463923
7354936
7459925
7460460
7351206
7463566
7353698
7460506
7459995
7458676
7355656
7458279
7461822
7348472
7461475
7466459
7458809
7462694
7369153
7458970
7463857
7459736
7457686
7462007
7465787
7461540
7458462
7344946
7458136
7458447
7352325
7463470
7460156
7355113
7462704
7461859
7458949
7350040
7461814
7463850
7460834
7462660
7357218
7355352
7464806
7352109
7459665
7364608
7461104
7462339
7460392
7468220
7461352
7465293
7368402
7461747
7459898
7462030
7463879
7462800
7459150
7462052
7356203
7460625
7467914
