7471947
7472384
7473183
7472864
7472826
7471964
7471884
7472051
7472653
7472750
7472772
7472460
7472752
7472817
7472365
7472605
7472545
7472674
7471539
7472977
7472810
7472547
7472066
7472662
7472512
7472503
7471876
7472824
7472047
7472883
7472571
7472563
7472695
7471404
7473015
7471578
7472983
7471635
7473029
7472629
7472051
7472742
7472700
7472834
7472444
7472314
7471624
7471660
7472623
7472713
7472505
7472588
7472739
7472740
7472774
7472766
7471500
7472697
7473007
7472555
7472847
7473041
7472730
7472882
7471950
7472515
7472812
7472971
7471325
7471929
7471876
7471943
7472712
7472666
7472386
7473057
7471228
7472997
7473158
7471556
7472041
7472005
7473043
7472906
7472088
7471785
7472710
7472608
7472894
7473072
7473078
7473073
7472647
7472855
7471493
7471433
7472812
7472928
7473136
7472467
7473153
7472662
7472692
7473049
7472463
7472648
7472827
7471767
7472846
7471515
7472818
7472816
7471623
7472133
7472984
7472604
7472046
7471772
7471771
7472616
7471273
7471977
7473030
7472888
7472499
7472195
7471865
7473057
7472889
7472043
7472648
7473053
7472965
7472276
7473238
7472408
7472950
7472386
7471620
7472856
7472954
7471941
7472093
7472764
7472818
7471766
7472872
7472679
7472860
7471930
7472570
7473048
7473058
7472164
7472716
7472882
7472284
7473170
7472792
7472771
7472794
7472671
7472764
7472744
7472514
7472050
7473002
7472958
7471943
7472841
7471832
7472761
7473044
7472086
7472811
7472643
7472667
7472565
7471827
7471057
7472838
7471234
7473039
7472403
7472589
7472711
7471740
7471193
7471606
7471368
7471528
7471867
7472529
7473137
7472463
7469138
7472951
7471249
7471768
7472853
7472846
7471511
7472654
7473078
7471644
7472312
7471916
7471748
7471448
7472888
7473057
7471373
7472787
7472060
7472664
7472553
7471749
7473050
7472669
7473023
7472923
7471697
7471559
7473017
7472429
7473074
7472493
7472686
7473038
7471336
7472201
7471843
7471750
7472670
7472880
7472154
7471583
7472757
7472031
7472495
7472329
7472590
7472659
7472749
7472588
7471827
7472531
7473058
7471906
7472576
7472683
7473006
7469138
7472095
7471178
7473027
7472676
7471878
7472678
7471884
7472983
7472848
7472844
7472537
7472950
7472791
7472044
7471584
7473078
7473076
7471167
7471596
7472711
7472134
7472935
7472745
7472904
7472479
7472718
7472886
7473006
7472825
7471762
7472723
7472633
7472861
7472714
7473157
7472571
7472718
7471638
7473011
7472704
7472824
7472271
7472771
7473158
7471667
7471361
7471820
7472539
7471486
7472942
7472948
7472825
7472780
7473121
7472012
7471885
7472529
7472413
7472794
7473174
7471971
7472124
7472959
7473180
7472929
7472305
7472793
7472996
7473303
7473323
7471539
7472981
7471740
7472427
7471679
7471403
7471901
7472352
7472636
7472641
7472666
7472811
7472438
7471671
7471710
7472103
7472928
7471743
7472426
7473125
7473171
7472794
7473044
7472976
7472670
7473104
7472788
7472143
7471757
7472752
7472847
7473102
7472738
7472844
7472133
7472830
7471508
7472617
7471284
7472778
7472567
7471631
7471712
7472789
7471784
7472377
7472769
7471714
7472561
7472884
7471230
7472372
7472770
7471724
7472773
7471764
7473019
7472711
7472534
7471013
7471684
7472668
7472974
7472850
7472661
7471886
7473015
7472702
7473002
7473086
7471960
7471929
7472754
7472863
7472586
7471603
7472415
7472733
7471338
7471533
7473019
7471188
7471838
7472921
7472627
7472608
7471662
7472548
7472186
7472670
7472844
7471753
7472707
7473122
7471720
7472716
7472489
7471895
7472751
7472847
7472835
7472790
7472848
7472926
7471458
7471950
7472932
7471636
7472272
7471910
7472893
7473056
7472852
7473038
7472804
7473122
7472712
7472822
7471978
7472936
7471464
7472556
7472323
7471608
7472481
7472792
7473026
7472663
7473009
7471808
7472839
7472895
7472684
7472647
7471775
7471148
7473093
7471770
7472876
7472654
7471637
7472133
7472571
7472808
7472645
7473003
7472735
7472662
7472835
7473138
7472843
7472586
7473129
7472741
7473199
7472949
7472927
7471464
7472889
7472454
7472772
7471632
7472995
7472337
7472753
7472953
7473145
7471868
7472977
7472490
7472368
7472685
7471592
7471656
7472534
7472641
7472458
