7244397
7339349
7233407
7220681
7331826
7238336
7248739
7250836
7327759
7278474
7254924
7332274
7345507
7225575
7328980
7279686
7237906
7321296
7246417
7232870
7238056
7251142
7261576
7336652
7285296
7236625
7308728
7330065
7336116
7324444
7323766
7261530
7226940
7336736
7235484
7215023
7307114
7307746
7331887
7240792
7252149
7305721
7332234
7245369
7280561
6968155
7029482
7250974
7340132
7325866
7322912
7330303
7247696
7248752
7293314
6983205
7268269
7339988
7235518
7329562
7251099
7313221
7246783
7347364
7356317
7029761
7333259
7332719
7307665
7275172
7320882
7339963
7194491
7339410
6937826
7334024
7333796
7352830
7261906
7309442
7248935
7231812
7284224
7335621
7333937
7256774
7336922
7286809
7319169
7337153
7310753
7231423
7331206
7263681
7330053
7246444
7332239
7199033
7243633
7224156
7335076
7345542
7230814
7255308
7274102
7228033
7253599
7341456
7320910
7333545
7259073
7012824
7335701
7319488
7329577
7336362
7260440
7247998
7315750
7337153
7333029
7332562
7225724
7244790
7320253
7337128
7273900
7334815
7341164
7330697
7333130
7328575
7338257
7340431
7242298
7218006
7336394
7331420
7331963
7304814
7336802
7191053
7001118
7238059
7243418
7262661
7293053
7334706
7256023
7292008
7331900
7263341
7322612
7328787
7332845
7315277
7338315
7292357
7287106
7254715
7207367
7191020
7233741
7243874
7339425
7336565
7241382
7333178
7246114
7222859
7234571
7273970
7342312
7311183
7329663
7242162
7335735
7234576
7326601
7322618
7319987
7328592
7217528
7228579
7334097
7288181
7327404
7240340
7322678
7337988
7316375
7330855
7271694
7364120
7243797
7225770
7223614
7337124
7239852
7261547
7317186
7320694
7338355
7235264
7334945
7330848
7318516
7316925
7327221
7446039
7340261
7299073
7240813
7247549
7336621
7242895
7323861
7332623
7315796
7235572
7228309
7240296
7012175
7282245
7241588
7324590
7305057
7277082
7313693
7228229
7327710
7262091
7324262
7296343
7318091
7340354
7320766
7337459
7339562
7250625
7344453
7341509
7264086
7245925
7330638
6974370
7263417
7329882
7271271
7253865
7292557
7322590
7227758
7323360
7331794
7224048
7312025
7322346
7307471
7274388
7230208
7228981
7252536
7343783
7333253
7215335
7043968
7298289
7213816
7300055
7332843
7302430
6982664
7249627
7262452
7278401
7278189
7318079
7240901
7264763
6949503
7327068
7337417
7243518
7287568
7287211
7328164
7259862
7328756
6960467
7335284
7226024
7308832
7241103
7450808
7312988
7325385
7185593
7332504
7276367
7292893
7286054
7337420
7221205
7204078
7344591
7239174
7264003
7290868
7299003
7332362
7208059
7300372
7332464
7274602
7337093
7339976
7282716
7341473
7333972
7328715
7153159
7242516
7341829
7276733
7006651
7242816
7320310
7297484
7225806
7238339
7338527
7244251
7332300
7326329
7274721
7328089
7336118
7275947
7313962
7339036
7251732
7236430
7243896
7180925
7260288
7253707
7331906
7225841
7341916
7325383
7328437
7326116
7334815
7339841
7278829
7253047
7280715
7266076
7333459
7250865
7248590
7340100
7312956
7333942
7268984
7312926
7298947
7244553
7339195
7308999
7263735
7336248
7321500
7335164
7335312
7367956
7309906
7325588
6958813
7282652
7333050
7335849
7332111
7228761
7238139
7278173
7327578
7222871
7015200
7056210
6867904
7335944
7295583
7297021
7334765
7339330
7150938
7253748
7283366
7238864
7243876
7291233
7261288
7310259
7248371
7281403
7323976
7028902
7329997
7314073
7270399
7350028
7328379
7266961
7297377
7234616
7330489
7333841
7337678
7061572
7380513
7336064
6877631
7333133
7331631
7249727
7040399
7333240
7226327
7306630
7321273
7239922
7257814
7232575
7256394
7337824
7176684
7348506
7333064
7303511
7255064
7341732
7258255
7449999
7283089
7303859
7334595
7331841
7261922
7338371
7230105
7336438
7338176
7315071
7240061
7325834
7337337
7325584
7333970
7180113
7240094
7327201
6887312
7333607
7293605
7297812
7320903
7281661
7335450
7244217
7319167
7292732
7364186
7232776
7298637
7332240
7295701
7258064
7217018
7335213
7219263
7261502
7319442
7320946
7290873
7333048
7258032
7226773
7332941
7303356
7051784
7322309
7345889
7266726
7249323
7303805
7223586
7296833
7380642
