4298999
4292225
4579945
4587657
4138117
4298964
4595432
4466374
4239012
4327069
4215996
4517753
4398445
4278711
4465438
4533741
4282403
4403279
4367396
4415005
4324515
4350759
4332253
4342059
4316696
4434908
4204486
4399984
4575100
4370420
4324140
4328389
4357861
4206089
4401640
4427583
4391300
4540565
4187155
4321021
4308374
4210998
4380031
4453189
4319933
4177766
4386681
4223444
4375055
4411939
4287589
4324349
4398113
4470133
4297016
4348843
4410779
4575445
4444918
4409547
4334916
4362783
4393436
4532940
4154985
4458242
4352742
4509845
4254980
4412835
4441517
4407895
4197201
4134152
4239662
4150470
4509145
4418170
4233181
4519519
4434061
4258654
4443472
4352654
4381549
4289020
4210582
4437643
4307922
4271369
4346171
4201745
4313586
4420662
4418050
4308747
4369283
4408323
4239435
4407483
4391273
4316335
4179398
4611045
4472025
4282440
4369957
4394356
4513541
4565294
4268641
4612475
4492465
4202391
4347163
4486852
4483232
4645328
4569935
4124819
4485231
4398222
4232915
4352451
4259858
4296335
4300362
4333203
4315976
4345453
4351320
4258680
4391197
4347881
4186093
4473785
4381556
4066223
4405813
4424050
4357952
4216323
4216314
4269215
4383738
4339370
4343536
4474685
4491738
4361468
4411833
4330499
4460628
4383053
4343339
4381863
4356410
4365024
4208400
4126006
4284423
4245242
4283896
4217666
4343957
4416769
4331513
4378545
4405360
4579439
4550260
4295185
4273547
4403687
4316843
4281411
4355208
4245151
4364177
4417597
4342395
4186576
4280404
4359231
4518124
4386795
4315307
4410951
4357935
4147214
4634763
4524928
4496323
4229425
4251767
4246143
4405729
4577237
4506209
4403872
4302959
4219589
4275082
4407658
4410764
4152507
4284090
4112885
4159364
4289806
4326513
4370554
4398908
4405539
4393866
4292069
4217031
4394128
4109401
4195413
4311602
4194735
4481029
4390458
4416369
4404180
4340701
4295615
4409261
4435171
4497162
4375282
4383682
4570056
4281498
4405536
4301306
4311473
4245100
4338625
4217355
4464273
4333915
4298461
4486279
4371903
4331594
4312343
4386750
4214359
4409958
4430278
4260026
4435585
4286228
4214245
4225608
4449670
4321151
4320522
4392510
4296715
4323801
4392338
4344130
4321235
4192677
4255876
4241465
4205654
4371768
4283994
4299240
4351250
4345902
4430070
4413414
4118748
4325063
4281954
4142278
4555668
4385539
4163614
4401794
4331522
4238358
4323934
4509973
4404026
4533147
4353604
4206906
4444502
4147978
4238892
4343594
4394186
4444204
4480249
4264770
4211585
4337194
4285955
4302074
4302948
4134338
4183404
4425502
4301920
4250258
4352966
4420409
4308293
4310048
4398125
4272559
4527439
4339745
4257399
4412402
4221534
4304356
4487390
4412870
4564540
4442960
4279927
4387065
4290742
4588997
4416513
4249969
4359682
4291377
4414014
4285219
4493637
4388744
4230179
4337683
4198506
4369860
4465791
4308132
4418640
4358042
4434544
4460276
4364010
4457943
4426420
4262454
4297946
4300081
4570410
4285558
4389849
4265019
4255727
4434328
4484634
4386458
4365823
4586025
4440102
4282818
4288335
4265850
4156172
4551569
4422290
4395482
4484073
4198026
4335762
4429988
4349756
4299945
4408372
4206718
4248180
4462871
4326125
4361924
4480280
4385239
4202385
4365693
4291921
4302662
4279507
4314782
4683159
4367481
4316149
4439519
4294283
4398389
4428577
4388510
4390418
4295038
4378320
4223332
4409920
4363580
4255606
4409313
4371932
4361627
4271468
4165262
4356839
4124603
4367079
4344532
4490645
4395527
4503531
4427003
4319548
4585140
4121067
4190943
4333355
4105777
4320984
4249174
4129310
4415465
4218519
4431831
4417584
4314612
4376207
4396352
4467919
4479629
4426087
4334992
4405749
4330859
4398317
4346509
4235777
4413002
4231697
4507917
4403670
4310104
4359816
4341290
4285770
4366048
4293067
4486236
4200592
4412716
4520644
4445968
4301934
4310197
4404544
4279972
4289465
4295303
4304672
4360526
4223441
4366578
4324687
4421900
4402656
4363207
4250026
4243529
4294870
4392427
4482552
4493714
4336854
4338641
4283498
4317399
4552388
4524798
4585276
4502521
4289374
4366838
4259253
4555170
4258061
4322847
4502522
4470969
4464464
4407956
4261963
