77851
158822
105804
93546
73524
117782
127274
93829
84128
121932
112889
91657
70589
109849
132821
74012
109324
115866
76124
97414
116309
112211
99529
108433
81240
91129
108235
110267
91808
101093
109466
132847
110837
70700
99789
119932
76709
110937
72049
96251
77379
95440
96311
115137
121297
121049
105468
97771
76416
83111
130742
75910
130246
112469
58429
106213
161427
121315
121112
90966
130300
143284
161455
99649
123257
82858
138695
124454
80769
147543
94023
140009
80692
95850
102674
142229
97904
91637
112117
107801
147767
102949
117220
126812
108737
101646
80208
99147
90589
106704
78893
103362
103838
87524
111243
103331
81866
149365
88668
158048
67524
76726
71576
98005
76344
68647
128307
90849
104358
132152
93921
104405
122179
142098
80624
162968
130071
117262
96047
73954
120963
90784
76669
90385
71587
87827
111309
107843
92639
99953
129514
94246
152932
93738
78454
74833
88580
172382
104012
99138
100798
87234
110898
98786
117084
92418
68496
76308
132412
77921
79651
86381
133008
90755
108184
64519
84944
107221
97898
87104
86821
89728
78767
147080
126318
69881
81545
112170
115321
74921
109517
126825
81047
74786
107779
108206
128552
115811
93538
131859
109179
106722
74397
120583
95747
90363
83003
93614
102296
69288
98719
111687
117209
100018
82749
94877
110736
145270
94189
149134
89521
98773
116415
62751
103332
149790
98131
133279
86330
102679
109251
144435
116062
81482
68594
86450
105862
137873
90434
156418
77645
103718
114870
86026
72515
82711
120041
99757
94574
122506
112365
149931
96611
130702
90284
93729
95216
82787
76658
76686
71217
156540
126181
124889
151204
105009
98409
76261
168096
95032
94621
67019
90441
88689
117328
70333
79138
89484
79111
103595
91343
81028
138868
85723
125716
86341
88460
88100
106293
80856
102996
93656
78178
103989
108781
160265
90742
91621
104252
76266
122461
103907
106638
100758
88800
110875
94747
70615
95935
73928
119723
80207
123480
111082
82002
143026
75003
88465
131843
97359
110314
76107
82845
110033
136270
83858
100678
70245
87772
116149
94385
74386
102524
84891
78095
81004
119625
108317
73817
107827
110462
80943
81717
99197
148250
162222
128763
78639
92292
97778
94301
92815
85137
121557
72091
60018
104606
87234
94572
126268
80572
100061
111564
74240
98691
98780
104086
89795
95635
96825
83060
73291
113070
91419
101679
121202
78932
142158
172803
97876
82937
60139
131376
86930
84557
108278
95820
81438
72206
110643
149104
82683
143128
83878
115459
93185
65723
79458
74431
77455
173074
73555
78819
95812
93729
103668
83066
115587
71340
116433
85326
92579
121543
156632
123640
99636
125917
107702
78584
61827
148674
98312
78932
75101
84206
99067
85458
76414
133545
128393
74749
76616
69168
76942
92297
63127
91264
94178
84534
89169
123167
98241
110650
130465
94810
75683
73297
114655
87797
96636
78394
107645
137014
67116
113880
73735
98700
109478
107599
85103
89811
95831
70677
100189
74486
111278
66589
70132
107650
95144
87683
86149
92820
73515
99872
108341
89777
83623
160158
109661
68201
109413
70936
134019
71528
146390
82086
79485
96185
88033
113200
136091
67768
102496
91180
76630
85797
92999
109143
88678
99856
96781
76296
109757
97986
126849
103891
128030
113782
119900
109615
119287
153921
93396
68136
88736
116340
97720
102147
68451
