7283747
7234591
7313425
7329118
7242727
7266780
7321914
7207426
7332589
7336917
7295246
6946789
7267899
7244435
7316545
7279910
7232227
7327434
7249171
7321883
7018169
7325915
7269817
7319570
7335761
7329899
6958471
7332631
7331432
7335831
7344204
7265477
7259661
7335365
7311639
7234980
7228716
7252015
7337752
7332242
7204075
7203571
7332004
7295949
7329046
7249503
7303469
7032472
7331035
7315293
7320782
7317416
7328040
7261421
7337521
7256855
7244333
7337337
7294747
7295402
6965489
7275067
7246182
7239868
7297304
7288407
7312722
7337064
6920727
7236502
7237632
6919440
7335504
7321003
7231438
7251838
7342241
7252940
7261258
7332607
7239063
7305357
6997674
7323749
7244828
7297624
7237488
7315863
7234369
7273002
7247270
7235615
7276340
7237958
7272102
7176203
7255036
7311173
7319142
7334103
7339368
7240404
7338052
7331056
7133248
6988478
7308478
7311435
7344566
7334700
7273355
7318767
7286643
7228848
7331799
7335768
7251750
6979904
7318221
7315797
7233106
7332728
7333600
7330593
7263437
7243916
7331345
7268003
7280560
7289541
7317742
7017562
7340054
7246208
7266342
7326508
7244298
7335322
7299298
7335329
7229341
7252989
7290900
7328596
7344071
7221374
7378434
7452458
7257062
7336968
7434138
7364606
7351967
7284164
7317073
7334089
7255812
7243122
7247698
7292877
7234234
7329144
7297056
7328962
7330226
7234650
7339411
7329985
7303702
7283251
7314077
7338076
7314629
6991670
7336891
7259922
6903781
7264302
7331362
7306772
7259213
7208104
7246592
7338545
7225620
7322964
7338859
6926763
7231330
7273514
7309851
7310945
7332537
7228391
7246453
7278044
7337443
7329098
7345800
7259634
7290460
7340635
7321914
7327403
7249946
7226527
7250362
7283990
7302474
7334732
6994794
7254863
7300331
7246658
7254657
7214104
7314772
7321494
7291242
7243767
7331016
7288990
7309260
7337221
7270007
7255396
7317584
6905398
7337327
7304767
7269445
7307204
7255282
7261071
7292072
7335773
7264015
7137117
7332592
7243909
7270223
7273478
7203355
6902845
7174837
7265048
7333517
7332216
7335670
7334659
7272589
7303885
7247996
7228479
7332393
7333775
7336940
7209118
7329207
7006956
7248758
7334610
7342520
7286705
7239987
7338284
7332573
7331891
6949636
7042178
7319336
7312548
7337539
7289363
7242400
7347011
7269858
7228725
7325937
7327160
7328746
7261152
7013044
7308042
7118303
7318521
7285746
7320842
7333104
7232875
7011775
7322925
7331236
7276748
7251175
7221744
7246104
7236492
7046182
7201726
7235493
7257935
7328893
7149763
7237754
7333222
7336938
7335377
7312672
7375208
7239205
7288710
7288324
7323155
7331395
7327740
7277125
7292861
7242579
7162844
7238184
7327077
7329121
7234752
7242684
7061472
7047870
7258969
7315232
7280708
7253456
7338225
7334277
7285349
7173697
7336143
7249145
7334600
7285108
7234254
7254092
7233439
7269668
7337496
7239719
7343348
7237855
7307185
7253547
7215350
7343711
7240903
7258827
7332942
7246183
7305931
7255520
7327382
7323845
7328408
7340308
7330009
7271809
7327708
7268468
7230177
7260341
7303478
7328587
7229557
6975801
7292582
7337066
7230146
7336817
7235161
7246225
7247797
7250980
7296168
7334025
7245101
7234968
7249314
7320632
7269095
7190936
7264751
7340762
7251492
7313027
7341734
7222524
7329253
7330868
7296531
7362422
7325177
7322065
7339330
6936069
7326707
7222005
7309316
7060674
7231427
7339465
7228699
7242356
7325880
7231149
7097142
7272428
7274328
7336931
7328811
7342296
7383461
7330651
7243922
7328392
7156040
7271841
7158201
7167027
7327266
7294324
7267997
7202442
7330350
7290175
7323390
7251183
7288294
7368747
7337160
7238848
7197604
7253556
7254320
7327005
7273458
7231485
7236921
7298021
7275884
7332774
7293668
7324415
7331772
7279303
7243301
7246759
7327783
7329892
7291154
7330580
7259214
7334845
7325376
7329985
7225862
6989732
7322159
7256265
7243956
7190576
7233291
7292577
7287530
7185920
7147688
7283586
7244267
7305522
7301739
7229520
7317570
7289364
7245505
7325925
7325043
7252424
7254316
7341526
7268996
7261367
7317371
7327212
7336769
7186277
7321818
7202301
7248204
7332143
7002675
7325723
7341420
7337682
7285195
