7097870
7181020
6993358
7215573
7134303
7139630
7088739
7165315
7206603
7185294
7149416
7196967
7152176
7182033
7085662
7148512
7167245
7189260
7194228
7160682
7184802
7086121
7192234
7150606
7140946
7171867
7127817
7160360
7176646
7196006
7164111
7098031
7146459
7137802
7083977
7108336
7151680
7175048
7205488
7177766
7197994
7189185
7043273
7185532
7160603
7211354
7167978
7194737
7191293
7178290
7131276
7134751
7194704
7194377
7066783
7207877
7083665
7131176
7145327
7199321
7193571
7166009
7183618
7218059
7186434
7172293
7180049
7184348
7172297
7197446
7161214
7187340
7185541
7173186
7180836
7196329
7192818
7096594
7039713
7091664
7173399
7165629
7163931
7199684
7204889
7158618
7203108
7145587
7167702
7177084
7139157
7221504
7213684
7064821
7173620
7181113
7173086
7191676
7194940
7193582
7159328
7203172
7170581
7213187
7202673
7167974
7172732
7175591
7169756
7098118
7181354
7180646
7087147
7144202
7183602
7153498
7168522
7180479
7151296
7150700
7171373
7144969
7088192
7179901
7225896
7096447
7171709
7118068
7181811
7167852
7168105
7180372
7131441
7212912
7173253
7149069
7175413
7167881
7147549
7178447
7140782
7184700
7151269
7192010
7191183
7139437
7183417
7179090
7079046
7177472
7136476
7200453
7169624
7187857
7046423
7075452
7089536
7184182
7190153
7174353
7188977
7139035
7202061
7181970
7094516
7158511
7162422
7198511
7180235
7181140
7167554
7057367
7185598
7090503
7186846
7096292
7190635
7198128
7078268
7178117
7164570
7133714
7199794
7179431
7114774
7199451
7174930
7196853
7178824
7129684
7174238
7166877
7179235
7143335
7133265
7151547
7143222
7140218
7180672
7206964
7103075
7176013
7192636
7176925
7076543
7176256
7150561
7048809
7142508
7164350
7050410
7180351
7164311
7116108
7095052
7204914
7170283
7186106
7101244
7091134
7167081
7185975
7203539
7191441
7198304
7193778
7158795
7143738
7210537
7182740
7215018
7087216
7148700
7205629
7177561
7085924
7188015
7110821
7132972
7156816
7174416
7171104
7094507
7053236
7188594
7190155
7105686
7170349
7188158
7136653
7182500
7143429
7226541
7168630
7153547
7204804
7086869
7139358
7189368
7204708
7179024
7165930
7189954
7140949
7133350
7164754
7203490
7176329
7178069
7144634
7167658
7154596
7161281
7094328
7187670
7173777
7173320
7187037
7139245
7186450
7149830
7144499
7165295
7187751
7193808
7176837
7151853
7190078
7116764
7161936
7203515
7188134
7158153
7165362
7181912
7190011
7152358
7192401
7064525
7064785
7073424
7054040
7180745
7182645
7187774
7192636
7200891
7171101
7098593
7100578
7163201
7198586
7188107
7184594
7193783
7201340
7130836
7191097
7099166
7192012
7191011
7067923
7067030
7164167
7146660
7105181
7168314
7156402
7178939
7169946
7032815
7152097
7181501
7082148
7162824
7186332
7181229
7182659
7176908
7177427
7184209
7174771
7188529
7070381
7131093
7076200
7192196
7187386
7122669
7185861
7153134
7137400
7185896
7084522
7100679
7184404
7206593
7177331
7162856
7220693
7194027
7121876
7146302
7182226
7180563
7182370
7201171
7186052
7184026
7171568
7181211
7138545
7176594
7173079
7179196
7169515
7211299
7194093
7060269
7179865
7196520
7153072
7206135
7112709
7144806
7182851
7160079
7150736
7195436
7188212
7201205
7085706
7194753
7194662
7198034
7174729
7191608
7175670
7165935
7092558
7189280
7173952
7140852
7168989
7158350
7086461
7079038
7177633
7207439
7182399
7205775
7164236
7058668
7167693
7191661
7193319
7166369
7208938
7203476
7191901
7158151
7120140
7186525
7144021
7174748
7065464
7174781
7163500
7199503
7161235
7172096
7183808
7163655
7141458
7161477
7057803
7181744
7173363
7181880
7169596
7200219
7198557
7136592
7185555
7148392
7182117
7083815
7187861
7094272
7196216
7190757
7176967
7162690
7100496
7150815
7216546
7162768
7211033
7180819
7089585
7167267
7093925
7169220
7167471
7193500
7151347
7131002
7204364
7180907
7190815
7120968
7188318
7183765
7210669
7166890
7138489
7178579
7167615
7180993
7145683
7180719
7152756
7196470
7175384
7185479
7084981
7189251
7092497
7184921
7062682
7174456
7192473
7064639
7078585
7195184
7193644
7182497
7187421
7173537
7041987
