5594822
5585521
5601301
5601458
5586876
5592284
5573471
5536376
5618786
5584315
5616162
5608133
5608974
5566311
5651709
5585897
5598909
5593650
5605091
5622079
5564682
5601497
5587481
5629422
5575476
5583344
5602786
5575804
5662852
5533877
5569123
5622052
5589691
5579156
5610700
5593095
5565931
5595099
5558338
5626585
5622718
5613530
5577763
5596320
5556673
5600373
5563196
5566232
5572697
5617818
5624373
5588081
5576436
5586971
5608555
5555211
5603323
5601954
5577954
5568270
5618440
5614349
5629852
5573910
5585989
5623345
5557554
5619058
5540732
5593529
5621131
5630506
5595249
5592105
5578980
5629231
5629117
5641474
5558606
5611619
5598793
5631667
5630514
5576869
5598722
5575030
5598325
5607103
5650472
5596232
5597693
5606913
5605454
5556004
5619523
5597821
5555455
5630704
5582435
5581060
5604356
5553490
5601055
5604117
5597509
5601446
5592732
5561460
5577237
5572561
5586061
5589442
5623206
5595726
5623899
5610146
5548953
5551186
5577428
5565932
5609012
5607523
5582107
5610178
5638592
5533699
5546243
5574797
5595214
5583571
5580853
5574439
5609905
5599957
5557894
5623908
5625915
5578757
5590324
5627230
5593116
5585842
5596889
5583974
5624976
5602860
5584771
5572071
5559382
5589907
5575437
5604052
5596203
5601571
5568617
5593683
5595384
5593224
5623413
5631459
5604016
5594666
5582569
5627067
5590618
5550640
5563261
5580964
5623267
5572790
5587846
5615733
5617352
5623188
5617118
5616869
5581081
5580637
5558444
5605108
5612078
5609912
5647271
5569646
5559530
5605484
5621232
5608839
5561883
5569753
5611613
5574837
5591922
5605860
5566883
5591472
5626581
5586874
5604261
5581875
5633529
5588575
5579258
5576445
5640217
5580593
5568526
5598640
5637008
5578471
5589202
5596401
5565733
5556404
5587854
5605338
5564430
5582441
5568609
5640208
5546567
5537214
5584593
5637173
5588637
5603272
5575833
5570460
5607370
5606474
5637740
5624601
5582831
5606207
5574112
5524713
5622949
5581567
5601797
5581009
5586105
5587010
5592410
5597813
5575409
5593100
5615242
5552714
5577502
5580243
5591276
5604169
5611599
5555982
5614135
5581111
5574159
5614296
5575644
5631238
5608018
5591698
5581443
5628239
5610098
5588160
5608332
5620017
5637532
5596810
5609446
5613435
5589663
5594091
5616222
5626719
5557504
5605289
5617570
5528207
5643548
5594196
5585849
5549881
5562083
5528728
5572021
5543080
5619438
5603162
5603253
5581733
5579575
5547529
5578501
5600134
5616582
5610676
5648923
5589179
5611453
5606861
5580351
5601581
5590253
5650905
5572397
5635997
5560947
5606436
5638997
5633071
5582743
5623494
5587651
5607269
5629149
5598107
5597312
5569419
5590237
5603094
5575140
5588319
5599242
5599630
5534427
5586572
5616152
5608349
5596723
5606034
5565070
5588381
5570046
5650701
5596561
5588076
5576542
5609648
5588643
5589519
5601934
5608335
5604321
5582534
5602072
5625751
5585827
5607408
5600807
5637959
5611074
5600936
5616429
5595848
5578655
5598988
5591367
5616410
5590798
5584067
5582387
5612709
5616146
5557974
5564369
5610395
5583650
5629135
5582995
5568448
5590694
5542435
5642547
5603605
5603506
5569591
5623273
5622039
5618323
5593452
5598677
5591738
5569377
5596732
5608074
5566337
5616153
5552536
5588851
5604288
5586196
5633282
5616462
5638348
5621571
5609654
5621412
5580600
5622800
5590247
5590316
5564307
5563714
5586255
5579703
5606965
5590230
5623355
5560372
5596432
5616532
5603097
5558685
5591442
5555503
5621908
5554518
5627323
5603862
5603656
5555501
5595728
5576989
5547183
5599824
5613012
5592501
5634099
5620381
5608973
5615535
5602055
5589232
5582759
5593293
5633570
5565320
5599699
5613329
5578800
5616094
5625107
5631106
5593103
5580149
5621109
5560290
5525751
5607413
5583130
5621775
5585707
5557457
5591970
5568051
5555632
5580422
5602631
5574876
5629460
5586008
5606798
5632487
5589558
5588661
5613257
5556779
5641297
5581093
5597654
5549528
5607530
5603279
5594058
5608269
5557038
5616413
5584129
5581483
5615253
5576370
5638175
5577388
5583805
5605027
5647886
5550693
5567243
5645869
5566508
5567861
5578506
5577321
5616965
5553698
5602926
5553241
5609773
