6573330
6539109
6384481
6414068
6174724
6855958
6121761
6758810
6958440
5899671
6914332
5960722
5977322
6635529
6379335
6718246
5900973
6553642
6866379
6238833
6150563
6830773
6451726
6871165
6056366
6386723
6600202
6831949
6720242
6014062
6708840
6596784
6772053
6320213
6204563
6066509
6900655
6638067
6859686
6677806
6050209
6855081
6553720
6149041
6884621
6655321
6704290
6979700
6399610
5782348
6027845
7038657
6708969
6424291
6820984
6414510
6562610
6477265
5919706
6404877
6196230
6408606
6760219
6527043
6442706
6694860
6608313
5953540
6799752
6560634
6666644
6592217
6915722
6759770
6744520
6550904
6676293
6324110
6846781
6534366
6410856
6682096
6284675
6980985
6600149
6567265
6814738
6581528
6772173
6931041
6799364
6804144
6751253
7024930
6890372
6595312
6044567
6432635
6525314
6801096
6892066
6976945
6746663
6558496
5966573
6866970
6787331
6989965
5857187
6746762
6863099
6335384
6542344
6425744
6806372
6623355
7022997
6064106
6617006
6736252
6166554
6019326
6820312
6226618
6935941
6825687
6742142
6909207
6704183
6246730
5970028
6537416
6747551
6773123
6817625
6738107
6858325
6542766
6688400
6821891
6593164
6618850
5800087
6894706
6615181
6707262
6167205
6648239
6174113
6828866
6525176
6818529
6020344
6622634
6471523
6949131
6863248
6650086
6708821
6892644
6944202
6733810
6768274
6448240
6380859
6515728
6223213
5961215
6412479
5918107
6556997
6040565
6634401
6855929
6981706
6775290
6529047
5942382
6892095
6009302
6714840
6595667
6764976
6810665
6651349
6976652
6041814
6179712
6044534
5990565
6690876
6610403
6173394
6904289
6780805
6892173
6540779
6049706
6847445
6683616
6880865
6886442
6774918
6739057
6422461
6730518
6230929
6756972
6838125
6870447
6518852
6879420
6031133
6858614
6887694
6381346
6886235
6209708
6878362
6077448
6743505
6512733
6563846
6653736
6508736
6946005
6951780
6066132
6977638
6626033
6229804
6170138
6747460
6189217
6600760
6970081
5644919
6983436
7014435
6112415
6723596
6576690
6766829
6499344
6170803
6935941
6735152
6753010
6592873
6891832
6557539
6687498
6869083
6489666
6831624
5912413
6833980
6344879
6494074
6867310
6574081
6964242
6053021
6789835
6056825
6875708
6963740
6876700
6692747
6849791
6765411
6220124
6786857
6162619
6735027
6564140
6862467
6924124
6392487
6893177
6960947
6662553
6261904
6443993
6042442
6852497
6846232
6907479
6348660
6817136
5951417
6486416
6680274
6431193
6925435
7056427
6868414
6639207
6430518
6608763
6824403
6623965
6866174
6338197
6828058
6939770
6901198
6795730
6242398
6908080
6969424
6805945
6718728
6866627
6549655
6922229
6249746
6787238
6941354
6886866
6489936
6784268
6409783
6703630
6655537
6091384
5899416
6628028
5943213
6532818
5553929
6648433
6811271
6691398
5841487
6129224
6955540
6868247
6831365
6454538
6910841
6815087
6480068
6016518
6443646
6856383
6923738
6819600
7008039
6571000
5821141
6470130
6613567
6949254
6923614
6370628
7018425
6959449
6512061
6685994
6870586
6184621
6458401
6654101
6467208
6446134
6862893
7012927
6921874
6744744
6714359
6825865
6200040
6665188
6443670
7018870
5585909
6951166
6478367
6903749
5883744
6761741
6909892
6504721
6877826
6612827
6915596
6034245
5917143
6371007
6624216
6612807
6972704
6657133
7043220
6658274
6484588
6846119
6963459
6025666
6333079
6674595
6744212
6899301
6959502
6151240
6889477
6789335
6414127
6451337
6993135
6863934
6986935
6768148
6968968
6617988
6754811
6181377
6241602
6612027
6623068
6396161
6199050
6841483
6702235
6667639
6650820
6544387
7015901
6797590
6723946
6500593
6344909
7076736
6105785
7020972
6186828
5388884
6790690
6749369
7000991
6611658
6887280
6677908
6986493
6957690
6648471
6763314
6589748
6899080
6224210
6862490
6554933
6669502
6913937
6601212
6605481
6544078
6392459
6493290
6775630
6220629
6711487
6139096
6648794
6087832
6802121
7054686
6757359
6844947
6466215
6022495
6838302
6371097
6890670
6559550
6813863
6890761
6522335
6820769
6362806
6668999
6958684
6724495
6199502
6129819
5928234
6593031
6555541
6473306
6564903
6358232
6599532
6778052
6565090
6765030
6806748
6050869
6045542
6847738
