7396172
7438135
7429924
4400429
7401233
7424972
7416721
7409744
7430617
7430279
7429561
7399910
7422292
7407963
7399361
7432730
7416576
7415647
7430201
7402589
7427636
7392758
7398550
7428058
7432201
7433980
7393992
7424709
7427366
7425233
7408744
7431098
7431297
7403309
7394748
7406518
7430870
7405632
7426715
7425223
7392751
7428369
7397128
7406441
7414492
7420493
7437484
7403637
7432652
7432218
7426029
7432708
7420013
7388468
7398822
7393507
7429022
7395370
7397224
7395668
7425756
7403371
7430323
7429117
7411424
7434228
7411690
7420681
7405484
7428134
7428178
7429362
7396773
7435243
7408919
7406806
7423503
7430083
7469956
7425758
7430740
7425896
7407962
7423550
7428239
7434727
7394745
7427006
7400408
7404117
7390318
7396088
7422372
7428371
7422849
7399317
7428080
7433012
7429169
7432923
7415213
7416214
7427256
7432020
7405860
7431578
7429514
7404983
7408828
7403232
7412129
7427022
7409837
7392539
7400538
7411242
7430477
7417149
7429706
7397473
7397945
7425601
7433222
7434903
7430375
7399941
7437026
7403863
7395589
7429199
7430063
7435728
7433027
7432298
7405863
7400361
7428752
7401941
7432505
7405107
7421359
7422372
7432852
7428865
7408688
7408009
7396115
7428886
7432592
7400830
7402616
7397127
7431262
7437646
7418010
7429804
7430272
7423765
7404345
7426025
7431313
7425824
7399091
7426776
7410621
7402262
7437159
7403900
7401270
7436486
7421547
7433320
7426184
7420369
7428213
7435110
7430551
7404630
7423995
7405838
7408005
7407363
7429833
7410927
7390122
7395030
7430751
7400641
7403539
7410072
7399945
7408621
7428841
7424971
7468900
7409154
7425572
7407975
7429068
7415057
7394962
7428157
7433850
7427207
7419967
7426438
7423294
7430461
7430034
7401216
7389244
7346681
7432035
7420529
7409605
7424529
7434774
7438454
7431045
7369360
7398529
7433770
7408018
7406208
7422032
7428462
7429544
7406640
7405928
7425875
7430642
7409317
7423737
7429078
7433802
7428000
7427341
7411978
7395620
7417663
7400937
7429222
7403224
7433088
7432967
7429635
7426167
7418444
7426861
7433657
7428239
7429642
7394670
7407787
7417080
7407397
7425838
7410685
7404661
7404276
7433640
7430623
7427679
7430860
7415629
7394509
7429010
7432396
7431852
7394903
7405774
7426405
7429614
7380591
7425982
7427080
7426480
7396916
7426279
7428444
7410871
7411928
7419917
7431597
7434324
7429575
7423446
7432351
7425719
7416232
7406076
7428285
7425529
7394358
7433586
7405244
7434039
7431980
7402831
7430530
7409766
7403245
7431058
7423677
7401627
7431880
7429171
7434705
7407150
7393456
7435867
7406111
7428094
7406069
7432944
7467637
7432747
7437771
7429773
7403951
7404469
7425959
7427825
7428524
7392370
7402409
7434918
7429928
7391758
7439449
7406388
7415581
7427768
7402506
7401223
7402611
7447489
7409982
7414399
7397178
7430458
7411802
7398770
7431240
7453421
7400793
7392123
7413600
7390737
7431801
7403669
7428388
7390194
7429392
7400612
7403740
7421428
7418549
7414593
7452218
7429625
7407056
7430516
7433548
7429906
7430352
7395325
7406375
7412842
7424395
7408076
7430300
7434653
7427078
7430991
7438489
7383606
7430164
7400797
7465769
7430189
7429844
7404161
7409589
7402361
7419642
7399767
7428136
7433282
7409439
7396887
7428349
7428325
7425438
7287671
7408858
7402822
7431120
7419946
7390377
7437076
7430215
7432813
7445269
7407387
7401076
7407376
7427473
7428955
7399677
7447543
7399676
7429131
7402997
7430151
7430610
7409423
7404195
7427884
7399429
7408851
7423712
7414498
7415168
7430160
7400362
7418470
7426613
7408471
7428918
7426911
7395635
7428605
7433940
7418923
7420113
7437603
7425377
7424897
7424570
7436459
7430329
7402458
7406250
7407028
7407604
7415708
7402504
7447063
7429874
7429201
7407007
7410065
7419311
7431199
7431904
7420283
7399435
7404026
7419005
7417836
7404856
7465198
7427903
7404290
7430440
7422806
7397438
7403903
7418098
7401137
7436712
7433406
7430127
7424250
7425736
7432046
7428656
7428765
7430535
7429096
7418149
7400782
7425765
7402434
7398106
7427501
7434652
7427939
7432449
7432113
7431825
7409717
7417555
7428251
7427597
7454641
7426835
7403244
7431794
