1757327
1764040
1752099
1799775
1753961
1821900
1679445
1666836
1882922
1747004
1782692
1821924
1782920
1745761
1836776
1764792
1773742
1689062
1751293
1802165
1806808
1793446
1891232
1869569
1760102
1836336
1853779
1791463
1738561
1733149
1761693
1807584
1755667
1811461
1748830
1805562
1763986
1843979
1873767
1720818
1945359
1784730
1729603
1774110
1787553
1726021
1835264
1806152
1743021
1846570
1808457
1859480
1870433
1794727
1818176
1800405
1916719
1926470
1863205
1684206
1791102
1800277
1817094
1794261
1709032
1717649
1743193
1855364
1881403
1843534
1755656
1776212
1762995
1844419
1850035
1683494
1704999
1772351
1792683
1810818
1904388
1908469
1757399
1779731
1823684
1856001
1767673
1784785
1836360
1693417
1811570
1890702
1893734
1761194
1721271
1804710
1748696
1856499
1713516
1780932
1819920
1818232
1830645
1871354
1847706
1782117
1778895
1720250
1913459
1927692
1765952
1775658
1747432
1824712
1721463
1706128
1854462
1808438
1739828
1805655
1784205
1768408
1840941
1776482
1870403
1733137
1871907
1711213
1746477
1728765
1816486
1802614
1860707
1863232
1823741
1757324
1744062
1783412
1812513
1832715
1776219
1764911
1789578
1793817
1806604
1821433
1833637
1864908
1790622
1756862
1847203
1748311
1834348
1841633
1810018
1843464
1839307
1824146
1841554
1705201
1743859
1733978
1789663
1748145
1833811
1713523
1793356
1773104
1595983
1826853
1808044
1795078
1702642
1767641
1762808
1788545
1785674
1926459
1779259
1783776
1605183
1776681
1869319
1706810
1838277
1880544
1795382
1819684
1713711
1736885
1786591
1709340
1820135
1826834
1820869
1779232
1817882
1834353
1747930
1842011
1828660
1746710
1662364
1824225
1825057
1789527
1874821
1764378
1705164
1683222
1703622
1786722
1803873
1790068
1785795
1787340
1812115
1857702
1813393
1867005
1815185
1902699
1823706
1751360
1724408
1707239
1707151
1716453
1768981
1739599
1765453
1795444
1691230
1722349
1783196
1848524
1783453
1867262
1806718
1843439
1872263
1838625
1738289
1752060
1770252
1704868
1829915
1773364
1875683
1790522
1787959
1755553
1744920
1765253
1801409
1714870
1904696
1832922
1880160
1749518
1850907
1715541
1704665
1814278
1844934
1813900
1746407
1773501
1821047
1869815
1782860
1689899
1835667
1725067
1697826
1729108
1834345
1757789
1801512
1782963
1688405
1701909
1737382
1728130
1855244
1786818
1782593
1812950
1854418
1815002
1772759
1774434
1749082
1681982
1830307
1840742
1714087
1794109
1814179
1857412
1753603
1728262
1778813
1856164
1804600
1796005
1794912
1758289
1821324
1874270
1742714
1813567
1772791
1754902
1694180
1722044
1681965
1746256
1795423
1807188
1779448
1823152
1757319
1764457
1808277
1740336
1726613
1763521
1818367
1580050
1824379
1811118
1834591
1762561
1822023
1863500
1713071
1725393
1833519
1821195
1803370
1774264
1743978
1770220
1792745
1858170
1708352
1798202
1803208
1738473
1804239
1758784
1789184
1744269
1796415
1763842
1808757
1830587
1793288
1742544
1803916
1759731
1772679
1807540
1810046
1784137
1721892
1906618
1848065
1809801
1881228
1783264
1701766
1755762
1747700
1875325
1819674
1746054
1739769
1877695
1723620
1840297
1739148
1804673
1882477
1803914
1747471
1832225
1717506
1738960
1787973
1873460
1791719
1795016
1818495
1822682
1696453
1793602
1845034
1739483
1774062
1801573
1796336
1693427
1699645
1828566
1849475
1764918
1819248
1856692
1751123
1748381
1792600
1858078
1767628
1803212
1659464
1841854
1721191
1765258
1664231
1796968
1843041
1676287
1841752
1746742
1643936
1766153
1803975
1849835
1727200
1838960
1817365
1823733
1735727
1751026
1738317
1770744
1867193
1720171
1802594
1782533
1746814
1795685
1715034
1803803
1677729
1812847
1799606
1803890
1787209
1800325
1796801
1759780
1814630
1791302
1762251
1756134
1801297
1767066
1688029
1681400
1880800
1719124
1914472
1759335
1724238
1753399
1763269
1819007
1718427
1757260
1823199
1700261
1796706
1814920
1776788
1722266
1785431
1670844
1876976
1808080
1652745
1751497
1792081
1781773
1787047
1793963
1798651
1806410
1834113
1834281
1856597
1831505
1669980
1816932
1759586
1929114
1737319
1801409
