7424555
7389177
7429440
7432659
7430978
7409414
7420251
7432449
7406350
7415583
7406312
7429085
7426823
7399332
7394388
7430107
7424060
7433005
7427466
7391447
7411317
7395096
7404441
7401640
7423197
7413178
7411453
7429043
7430594
7420873
7434768
7401537
7420084
7449069
7415729
7429136
7430192
7426494
7413010
7429248
7421355
7424880
7418068
7427764
7429006
7409658
7430443
7399748
7413287
7406420
7417883
7428548
7438020
7423566
7436315
7406413
7425792
7418466
7399141
7421686
7423659
7405475
7413806
7412466
7426336
7431353
7401768
7403022
7428834
7404242
7426261
7425976
7424850
7398150
7430081
7422884
7395220
7399681
7426033
7408447
7432990
7432248
7403589
7426058
7431443
7416105
7425375
7429523
7427421
7390855
7463746
7429771
7437265
7429869
7429034
7423306
7405358
7430799
7404637
7410871
7408237
7405140
7410622
7429349
7417248
7425037
7426157
7424071
7430135
7410392
7429940
7455417
7429210
7426466
7402340
7433206
7426749
7430638
7429583
7427091
7448865
7409169
7397076
7442354
7426493
7403955
7430695
7427478
7466955
7409046
7426348
7402296
7469651
7429461
7430401
7429757
7409029
7420494
7412742
7422733
7426063
7398706
7430284
7431291
7427360
7396939
7407415
7426351
7413158
7428465
7427435
7401071
7401280
7428587
7466734
7406583
7431357
7421392
7435758
7409012
7429728
7427925
7399013
7425696
7441112
7418508
7426685
7405049
7432216
7406073
7397927
7429806
7421067
7414743
7390988
7426620
7429983
7397982
7429757
7429882
7431848
7426381
7426100
7416922
7426348
7400692
7426492
7432244
7406129
7403497
7419808
7466366
7429257
7403587
7432113
7403792
7423217
7431226
7426514
7404650
7425742
7431031
7435977
7468171
7416126
7430180
7401410
7405718
7418817
7426442
7437873
7411009
7430376
7419217
7435786
7427397
7429726
7401153
7430453
7431105
7426912
7437410
7410896
7438010
7425420
7427766
7416392
7407783
7421345
7428058
7427505
7407267
7428368
7398240
7400431
7427668
7404510
7415044
7423700
7427302
7428512
7427679
7426133
7418921
7396254
7406725
7428032
7428400
7430186
7434094
7426061
7425321
7427182
7426674
7403588
7426384
7423863
7410611
7424555
7432782
7420230
7433131
7424218
7428405
7407701
7398331
7410164
7431843
7429976
7430433
7403833
7429305
7429333
7426458
7398771
7412847
7406947
7404481
7427997
7412084
7398430
7420099
7419296
7425641
7432676
7431248
7405670
7419224
7408466
7407084
7432485
7430143
7422527
7432141
7427506
7427741
7432327
7434917
7398874
7412626
7434392
7406445
7419499
7412157
7430446
7407144
7411853
7431722
7426967
7424809
7429854
7415622
7427145
7408963
7425996
7424863
7431836
7430393
7426703
7433401
7425321
7430524
7392243
7389801
7423970
7396966
7404680
7394970
7423214
7424164
7445521
7393598
7397493
7413679
7410897
7422198
7431303
7462057
7466883
7437191
7429394
7430139
7433521
7457189
7429438
7428494
7400075
7431516
7423602
7427415
7424618
7428480
7432018
7437885
7413279
7425200
7429166
7428770
7427206
7409989
7418926
7422554
7430188
7434352
7429184
7422135
7422088
7429831
7431652
7429598
7422156
7425254
7411620
7424995
7433516
7402078
7399577
7429352
7412489
7429073
7421805
7413082
7422285
7413479
7402133
7391313
7405615
7423735
7432911
7425848
7425781
7429456
7433438
7428137
7427428
7436715
7425992
7417328
7425626
7430678
7443448
7396629
7425308
7432311
7424692
7422609
7402721
7440556
7427477
7416931
7407398
7418791
7426171
7427160
7426356
7431866
7421926
7428691
7431507
7430957
7432635
7427413
7421961
7426532
7430336
7429460
7431151
7401465
7430837
7396575
7425271
7428607
7395551
7436623
7431936
7395946
7425950
7413159
7412834
7428127
7435549
7415238
7425864
7407245
7428411
7406417
7430504
7398949
7427816
7426653
7426785
7404691
7420701
7431733
7431160
7413044
7422224
7405137
7426607
7433975
7398624
7429943
7420342
7411795
7411682
7427477
7424936
7430098
7415046
7429851
7399571
7426507
7399744
7433372
7400213
7424481
7431875
7429074
7424991
7427678
7402000
7415416
7416765
7404512
7441924
7428777
7399349
7432557
7430965
7427474
7444523
7470100
7431868
7400330
7415799
7428190
7399029
7411286
7413540
7428826
