1560451
1431150
1440554
1531862
1535591
1522535
1518412
1645835
1530287
1653599
1547082
1477254
1542342
1423600
1549712
1452603
1533288
1462007
1521547
1595494
1505867
1480852
1421597
1481738
1562873
1461332
1408053
1571220
1560756
1500955
1409414
1450667
1441618
1583690
1551868
1556606
1553683
1519173
1532957
1488674
1539798
1475975
1466968
1448231
1493413
1439416
1488721
1470713
1568816
1493495
1539259
1366697
1545208
1491522
1412718
1477146
1525268
1461705
1356748
1466714
1560735
1459273
1517837
1544045
1495261
1638558
1581781
1415411
1630699
1536908
1535584
1445483
1580840
1398713
1622499
1444202
1474779
1617446
1373148
1442668
1464558
1536308
1386798
1585041
1442066
1557788
1588736
1523670
1405142
1428700
1615495
1608419
1607695
1424745
1492930
1583991
1436448
1482189
1508873
1411296
1525833
1482009
1563362
1556411
1504066
1540533
1599907
1328817
1480132
1414127
1469256
1570236
1594352
1531850
1494810
1443583
1458305
1570171
1511189
1568991
1631142
1610633
1560209
1628437
1462988
1549500
1380499
1466632
1548993
1459493
1530595
1566909
1447148
1578120
1546117
1481689
1595611
1478290
1485067
1512363
1516982
1558856
1456389
1555289
1528936
1478539
1513755
1472709
1579333
1555788
1408703
1435812
1579133
1475546
1420401
1519000
1605386
1368213
1464724
1507503
1575921
1483919
1553655
1515794
1521411
1516992
1580259
1336073
1444279
1501502
1501961
1463655
1494962
1417960
1540325
1534970
1377068
1412505
1532527
1524713
1592158
1476753
1599794
1411017
1439361
1613071
1510673
1463005
1514367
1493581
1322757
1428159
1406507
1418416
1492415
1536692
1497013
1438535
1515656
1477153
1606980
1504649
1592315
1612936
1551113
1459224
1412060
1398705
1408992
1577843
1406534
1402817
1541822
1558408
1355569
1571842
1511024
1514654
1594100
1457620
1443685
1511461
1474237
1406863
1490688
1473147
1374710
1614044
1393671
1478100
1567302
1560485
1414406
1550011
1467302
1541750
1553498
1538847
1490402
1630216
1641741
1504462
1519951
1479197
1490974
1568953
1490150
1469776
1366261
1419332
1612788
1494310
1511714
1495020
1459549
1497281
1517692
1451440
1526900
1514312
1404306
1481973
1517411
1465250
1607602
1437298
1511180
1560744
1472981
1521681
1416873
1537284
1561316
1592694
1577694
1508740
1480275
1583468
1607195
1402187
1569820
1514875
1542702
1520809
1437372
1486989
1502763
1411884
1467989
1572197
1533664
1516451
1595383
1517848
1611202
1449139
1504110
1499522
1306578
1643718
1521513
1559233
1412774
1502435
1385115
1459800
1507920
1389499
1548723
1442460
1512246
1648871
1536222
1407365
1571594
1474784
1590686
1569696
1496319
1546936
1526243
1472358
1464230
1509227
1528406
1442476
1506269
1393422
1499119
1435882
1476781
1469614
1461964
1610085
1546323
1494428
1472425
1499595
1505659
1569323
1507057
1534813
1438437
1500809
1544911
1532264
1575133
1512100
1371827
1499262
1510136
1379348
1469606
1507390
1593760
1558796
1521476
1413536
1378013
1585230
1511810
1566351
1463289
1495691
1367405
1405212
1607431
1475604
1594725
1571204
1377503
1493926
1499301
1491616
1556366
1538585
1416643
1479854
1676126
1429716
1529760
1612832
1547039
1478817
1580111
1477263
1565386
1555418
1555133
1574892
1555172
1501142
1449103
1491214
1453941
1563042
1448974
1566058
1456730
1593616
1476437
1474300
1478957
1563692
1534029
1549023
1492642
1586532
1431272
1443290
1482076
1457227
1403600
1504961
1575335
1449412
1588643
1523913
1421191
1454969
1437227
1487091
1497812
1422856
1482378
1493634
1559483
1523298
1519095
1528057
1345097
1587653
1530002
1501282
1612403
1438560
1579535
1553410
1484904
1521200
1486738
1423100
1450173
1519176
1570458
1565287
1525351
1475619
1469977
1424501
1583763
1558199
1492502
1502268
1525331
1466242
1413629
1641819
1488294
1496543
1467275
1589917
1564873
1459024
1584995
1552791
1540947
1417753
1494257
1476007
1524201
1473076
1318035
1506548
1482032
1511283
1525567
1547587
1471936
1357832
1554025
1391514
1540017
1476105
1584871
1597907
1357951
1505734
1441451
1444348
1454071
1489284
1489118
1529983
1506833
1584624
1519403
1378158
1581154
1511633
