5592732
5606519
5574007
5602115
5618775
5569932
5605484
5561810
5618968
5558617
5615608
5609134
5610512
5598127
5651215
5584688
5598443
5567220
5626104
5623819
5594994
5627832
5587694
5605225
5549661
5582491
5571015
5598628
5636873
5557683
5587740
5594047
5615115
5580182
5635711
5566896
5594149
5596311
5558321
5625272
5621401
5612598
5603713
5566082
5572597
5600042
5589395
5575313
5573297
5618733
5625936
5567813
5575373
5586217
5608188
5584649
5574964
5602442
5578826
5592606
5618864
5613582
5604883
5569218
5588593
5591127
5537637
5591415
5540920
5592095
5620960
5602723
5624588
5615304
5578336
5604007
5626220
5644716
5583013
5611265
5598517
5633234
5633159
5574845
5626494
5601633
5574451
5604494
5649580
5596638
5572228
5609721
5605332
5557334
5619496
5598598
5553906
5604846
5556462
5588648
5604941
5554100
5599859
5604561
5576118
5603701
5593760
5560113
5576169
5564680
5587075
5613708
5628318
5595593
5643473
5612876
5574301
5551168
5576453
5539698
5610805
5606908
5605638
5611141
5635385
5561269
5573335
5575722
5596437
5561336
5582523
5603811
5609758
5599946
5559103
5623672
5603458
5580191
5563700
5626430
5592127
5585780
5597065
5582226
5626689
5573626
5584206
5599715
5559843
5564430
5576739
5601704
5570664
5600940
5565251
5593985
5595110
5595221
5622495
5630799
5575823
5590232
5609688
5628484
5591808
5573792
5563486
5581227
5623019
5572881
5587930
5614239
5617414
5625674
5594587
5585822
5610360
5612446
5534923
5604823
5613747
5580757
5647102
5599516
5560851
5605399
5644804
5610075
5586673
5568287
5612413
5549371
5562906
5630580
5568802
5590879
5625345
5586839
5605841
5579949
5633888
5588197
5599664
5574668
5638593
5581164
5598463
5595210
5636485
5607328
5617105
5594776
5565976
5584905
5615386
5578932
5587652
5582625
5570597
5609209
5548511
5536253
5585134
5636136
5586613
5571897
5576032
5595321
5607087
5606039
5637024
5623177
5560698
5605629
5575089
5520940
5623404
5582471
5603319
5580707
5612159
5587467
5592233
5579510
5605661
5589795
5585636
5585330
5574999
5601347
5590830
5604611
5582890
5555999
5599175
5598854
5573595
5639773
5573698
5632724
5607548
5566494
5579290
5629331
5586277
5561457
5587273
5622461
5618400
5596941
5609939
5611769
5588971
5591382
5592973
5626485
5586539
5607939
5618232
5552341
5642772
5593777
5582784
5550176
5562649
5528965
5603591
5569239
5617755
5604276
5603805
5579353
5608802
5551509
5605832
5571376
5589219
5628855
5649450
5561602
5589500
5605504
5577468
5575564
5614495
5624698
5572788
5610286
5590323
5603053
5638095
5631877
5610673
5624405
5586889
5578839
5628855
5580401
5623915
5570355
5589901
5571606
5576854
5588190
5573502
5580764
5564183
5585702
5616325
5604621
5611796
5627780
5588177
5585020
5595873
5650487
5596559
5617694
5603512
5609173
5619101
5589205
5599426
5581107
5573092
5580543
5570564
5625751
5613303
5606809
5625240
5614723
5639309
5602187
5593618
5595528
5579607
5598958
5591567
5594335
5590645
5582190
5605404
5613322
5586490
5578118
5582670
5617507
5585186
5603456
5582215
5591878
5589038
5561149
5643983
5597833
5602906
5569088
5605252
5592729
5619470
5601108
5598811
5621496
5596540
5595570
5608648
5597505
5642362
5578630
5561631
5604303
5559581
5603422
5637320
5638945
5619627
5590643
5622170
5551348
5622104
5560811
5590058
5593939
5594618
5552941
5606006
5608904
5590637
5594523
5557996
5595969
5597483
5602966
5586298
5591320
5558743
5621388
5583470
5653175
5603369
5601781
5577465
5625063
5607085
5576412
5598158
5612747
5619806
5633561
5620258
5579872
5616798
5628290
5589067
5579486
5595489
5660941
5587000
5602080
5611405
5577140
5588816
5624616
5631143
5613171
5610025
5625809
5581088
5560268
5608340
5589989
5623467
5614120
5586106
5627546
5567117
5581374
5604545
5581547
5597911
5628860
5611023
5604877
5608309
5613240
5589775
5579997
5582341
5641416
5581553
5598373
5553919
5607863
5603493
5572049
5608222
5574066
5588410
5614584
5558485
5594451
5602939
5637369
5577283
5606044
5603836
5647560
5574319
5592607
5620661
5565288
5565607
5577821
5601590
5636781
5548823
5602322
5579285
5583215
