655210
879
386
9946
50748
123
649
690390
34
534
196
33
723282
16244
25401
30056
97
23560
256
681465
432
655096
32438
717829
694154
72
651572
60441
43
751957
611993
42537
763228
26104
766974
9904
100
27159
698103
714935
2042
359
22661
6738
830367
664454
710828
3017
757
350
326
143
11029
37477
687934
28310
15537
21860
8157
115
114
955
16732
1730
34594
257
9833
17965
3890
22477
639437
22228
655171
2131
279
26096
647790
633320
10352
21583
23737
30990
23918
374
42723
319
919
24582
16
42
1110
8170
11585
6
692825
156
353
27616
214
5760
29056
32
5097
23021
853
690504
163
30
920
11159
675996
631110
32012
29322
617848
20321
17951
8021
735109
1216
240
22391
21205
32
2711
41782
10259
51
14960
714034
702
771144
15004
22332
780377
25278
703930
251
5506
10182
695355
702
268
113
20783
701290
24552
19056
29129
696847
13180
668320
24753
25438
21736
693738
18330
16748
7496
671335
645925
5227
728987
115
397
1142
47
17
30547
645
17527
26037
141
204
104
2798
879
299
20092
25504
129
19161
3456
672076
23428
37155
93
6338
22629
149
10043
634720
10154
7436
664515
41
12631
4582
705808
9036
690911
762823
177
10778
26771
750487
6326
675
33915
351
24325
333
228
698875
114
48294
44
23288
698684
695520
44747
723719
23834
4413
38277
708605
33261
610892
643451
18210
97
24791
13133
15630
674204
694003
727
129
1512
32471
86
16275
42281
26172
30840
752927
17266
24531
26694
36
678162
24601
1837
647536
756947
750
24
16611
18639
637020
27217
783844
826
48126
1128
26
645141
51540
735153
8565
753183
186
678439
764
65
16848
715833
297
575
50543
787995
22278
11
18021
587
36
666933
162
26757
708672
13141
789837
155
103
683875
651488
33218
13463
22479
751221
204
25
670065
180
96
5454
719935
633638
112
26620
67
4627
5205
30848
155
750586
887
264
14212
144
17928
449
23
5557
11859
19692
22070
733497
222
34850
436
2811
709023
219
43104
201
36120
30297
644571
633746
85
71
32604
612
17329
207
158
18292
686801
12759
654
692198
29502
173
678747
32827
19073
756753
30056
685979
211
11357
25353
27890
711765
639122
674374
32
715746
229
21566
825821
793
31257
281
3852
910
56797
528
684998
131
1723
39689
10254
84
751683
759155
260
1126
670219
1195
7669
723860
21653
642119
716179
29095
11525
7568
184
15525
29811
96
72
682756
703387
621977
27325
22200
701
158
733841
26981
14531
22554
778
5226
224
683647
11811
669072
28397
14997
293
836411
711590
97
738252
755843
989
714985
69
120
653625
55
28972
728929
238
58
48225
765232
6504
54495
34829
179
148
350
1117
19455
743098
391
133
554
26019
23021
31242
3868
640913
16238
32998
703712
634
16096
26601
4641
18194
13916
4771
12614
749862
600
119
44
748790
93
633
81
325
553
643446
40794
14375
34314
640543
655
25216
638729
21290
27965
25121
40914
677224
18718
661819
732
11907
135
261
30
693339
