7167697
7205128
7179553
7178631
7189549
7182020
7187266
7192689
7209653
7195815
7218814
7176583
7191310
7181274
7210438
7187074
7186013
7201875
7204221
7181533
7176559
7174209
7171573
7207819
7180940
7189140
7190465
7155242
7194980
7198784
7210362
7184297
7188716
7196401
7193033
7176926
7184229
7189511
7193315
7200837
7199818
7167464
7200231
7179560
7192218
7195165
7182057
7187821
7184396
7196045
7203873
7181566
7186903
7181007
7195308
7189555
7190366
7172781
7196781
7187856
7179526
7201482
7202232
7195832
7202515
7190808
7180956
7203320
7199674
7097161
7192612
7210954
7194561
7197455
7193767
7189295
7200938
7193190
7194677
7169169
7184225
7194295
7175494
7174351
7192242
7188888
7191600
7190455
7201470
7171959
7184199
7179332
7186342
7197763
7218375
7168588
7189205
7210820
7176983
7188281
7174105
7180009
7200969
7188244
7187365
7209390
7174136
7175579
7195176
7202307
7173113
7153505
7192491
7207293
7198045
7182520
7176181
7182262
7185283
7183388
7199175
7177526
7193741
7206050
7207587
7190873
7202130
7203159
7187896
7177761
7183794
7170533
7197366
7195291
7198620
7213062
7184486
7198557
7184311
7174163
7163156
7192365
7197399
7201200
7191217
7171494
7203625
7198506
7209178
7206497
7190458
7190382
7174221
7180362
7180174
7201546
7183849
7190552
7196326
7200713
7186064
7195131
7195055
7173215
7195880
7182859
7193865
7210702
7191587
7202467
7204294
7183477
7204228
7182797
7191074
7203606
7168936
7202103
7195941
7189684
7187903
7197321
7209857
7177172
7192604
7186596
7168777
7210489
7177356
7181357
7186430
7194238
7193840
7170158
7200398
7203258
7206891
7200845
7195824
7212253
7189205
7172580
7188146
7181918
7190748
7201964
7194274
7181711
7199429
7181137
7176032
7174729
7189064
7200439
7205014
7203720
7198943
7190444
7180766
7189316
7187367
7192978
7179008
7214363
7184937
7183307
7203276
7189080
7178555
7178994
7194767
7200875
7204777
7190690
7202051
7164993
7196275
7202795
7183008
7179613
7187181
7113599
7198843
7171348
7184449
7175602
7174191
7210753
7179756
7187310
7166340
7183782
7205805
7183909
7186386
7185532
7166909
7226755
7199764
7198514
7220077
7180739
7188463
7192761
7170318
7173357
7202373
7210085
7208731
7174410
7182682
7187693
7186628
7190903
7192217
7166851
7197051
7151495
7191750
7212724
7192412
7173774
7192870
7180737
7202906
7174010
7101635
7185717
7187751
7175869
7193442
7171419
7191548
7176184
7186244
7193307
7179606
7179471
7177993
7174087
7188906
7200739
7207717
7186902
7188591
7127437
7190306
7198626
7189882
7188230
7207317
7196001
7185469
7199946
7171082
7210226
7188630
7185200
7193974
7187542
7199929
7184412
7180925
7182584
7188045
7184678
7186002
7162852
7129452
7199893
7198244
7174501
7190291
7176903
7165360
7167950
7179050
7177509
7200060
7208299
7215071
7191892
7197906
7198763
7194559
7194857
7197255
7184453
7190138
7178983
7171055
7183255
7171139
7192580
7178090
7182141
7191359
7190550
7193096
7165426
7181545
7180868
7172106
7203504
7177854
7196317
7192950
7176583
7208280
7176648
7174099
7193607
7185991
7187386
7201380
7191258
7192575
7195412
7186822
7188818
7205502
7201342
7205268
7194111
7188577
7155801
7197551
7181370
7169406
7190823
7173106
7206209
7183064
7193372
7196163
7187091
7209330
7213785
7204691
7202157
7193384
7202866
7192167
7140771
7188603
7195911
7183457
7184606
7198174
7170750
7086297
7171121
7186718
7194821
7194398
7188243
7183275
7214128
7198778
7208109
7203375
7197664
7198722
7204362
7204404
7196096
7208258
7205691
7193931
7164834
7177448
7181889
7182604
7194173
7186467
7198184
7183391
7176548
7213832
7186527
7224127
7185274
7193471
7200874
7151076
7181148
7213570
7193826
7206073
7192601
7182707
7181587
7208512
7168027
7196768
7182051
7182668
7181896
7192388
7207567
7183466
7198816
7211117
7192785
7195032
7184716
7202068
7203792
7188668
7199092
7196017
7186338
7201609
7181262
7205328
7186217
7187452
7196623
7198928
7188413
7175303
7166954
7186567
7206692
7178569
7209307
7203548
7159400
7185070
7186261
7192411
7196030
7165318
7171755
7172015
7196430
7219862
7167831
7141237
7168442
