1645735	209219	1436516
1671892	218167	1453725
1775129	229243	1545886
1685868	216865	1469003
1662775	210748	1452027
1658734	225328	1433406
1690663	217085	1473578
1653740	226760	1426980
1749918	219996	1529922
1704525	217592	1486933
1650360	224157	1426203
1750126	221153	1528973
1695773	218022	1477751
1689170	219818	1469352
1694624	211255	1483369
1617096	208892	1408204
1704493	221581	1482912
1720780	208127	1512653
1669621	228400	1441221
1669041	215229	1453812
1685878	218198	1467680
1687846	211713	1476133
1673008	227365	1445643
1641791	223204	1418587
1691373	231029	1460344
1673493	219491	1454002
1703318	223884	1479434
1696705	210413	1486292
1633281	231303	1401978
1617549	207622	1409927
1633502	216171	1417331
1578474	205601	1372873
1661276	242106	1419170
1677984	221827	1456157
1672638	216660	1455978
1761363	224860	1536503
1686285	220312	1465973
1774614	224351	1550263
1703730	211341	1492389
1701025	221239	1479786
1645562	230439	1415123
1691514	221553	1469961
1721857	234910	1486947
1616866	220743	1396123
1663669	232182	1431487
1565345	207751	1357594
1722509	226078	1496431
1669849	204418	1465431
1735373	218275	1517098
1711170	208225	1502945
1603854	210692	1393162
1741081	210701	1530380
1626330	209190	1417140
1637216	225210	1412006
1685788	219721	1466067
1674143	214317	1459826
1766829	218242	1548587
1758184	230156	1528028
1658779	222409	1436370
1637540	203611	1433929
1652254	212162	1440092
1693416	218934	1474482
1732895	230123	1502772
1654709	207728	1446981
1742853	223001	1519852
1713427	227370	1486057
1686376	214255	1472121
1768033	228634	1539399
1670694	205633	1465061
1698370	204095	1494275
1734235	223137	1511098
1650502	211857	1438645
1627877	221433	1406444
1649017	222904	1426113
1703461	206479	1496982
1641699	211293	1430406
1659914	207884	1452030
1625258	224089	1401169
1737054	223104	1513950
1648486	207922	1440564
1588739	221718	1367021
1675539	227562	1447977
1705060	214321	1490739
1644858	207828	1437030
1674520	223180	1451340
1633659	206675	1426984
1672658	215390	1457268
1680681	219576	1461105
1755064	221556	1533508
1576669	204788	1371881
1670145	234436	1435709
1671710	207084	1464626
1702688	212333	1490355
1712424	220428	1491996
1654599	222306	1432293
1687354	214398	1472956
1599227	223461	1375766
1684896	223727	1461169
1648163	225320	1422843
1629024	214184	1414840
1727771	208561	1519210
1674031	199352	1474679
1724365	241411	1482954
1721176	209251	1511925
1721888	232062	1489826
1725741	212497	1513244
1673200	210192	1463008
1642018	222513	1419505
1701445	224587	1476858
1704592	220146	1484446
1742057	217507	1524550
1587982	213346	1374636
1674735	220419	1454316
1643228	215986	1427242
1675792	220560	1455232
1658450	221733	1436717
1743076	224832	1518244
1773798	226244	1547554
1701719	219197	1482522
1686635	220186	1466449
1666562	223076	1443486
1728278	229829	1498449
1591893	211392	1380501
1701849	221487	1480362
1742337	202242	1540095
1577909	205143	1372766
1651263	218361	1432902
1656488	218063	1438425
1755777	213756	1542021
1667445	219878	1447567
1685361	229244	1456117
1632727	217014	1415713
1773154	226660	1546494
1695061	211231	1483830
1637935	220880	1417055
1699477	221622	1477855
1694986	225052	1469934
1664453	222516	1441937
1671916	209172	1462744
1633572	211594	1421978
1759080	235546	1523534
1688167	208013	1480154
1627119	221385	1405734
1725174	218021	1507153
1681769	236812	1444957
1670310	220420	1449890
1767046	207761	1559285
1705093	213871	1491222
1650423	218744	1431679
1585493	227161	1358332
1674191	213170	1461021
1679445	216165	1463280
1758564	222130	1536434
1724585	216775	1507810
1667723	213025	1454698
1680218	228195	1452023
1763358	206568	1556790
1610155	214079	1396076
1731489	223830	1507659
1727401	221552	1505849
1757856	216026	1541830
1566286	226993	1339293
1671522	204354	1467168
1626621	206728	1419893
1737600	224668	1512932
1728564	221779	1506785
1626507	219322	1407185
1697691	215709	1481982
1631110	203910	1427200
1702673	216868	1485805
1709181	226768	1482413
1674370	206968	1467402
1701786	214123	1487663
1746081	227616	1518465
1615836	216326	1399510
1655840	215102	1440738
1637387	214113	1423274
1618327	227847	1390480
1726948	225320	1501628
1663876	214461	1449415
1638931	236695	1402236
1661933	215106	1446827
1731696	215908	1515788
1651524	218343	1433181
1691132	229103	1462029
1753113	231532	1521581
1667193	220669	1446524
1625939	221465	1404474
1664770	226600	1438170
1650604	226303	1424301
1673049	217808	1455241
1558508	224447	1334061
1622840	226429	1396411
1675620	217345	1458275
1688525	224423	1464102
1692688	222642	1470046
1603021	223854	1379167
1702592	219839	1482753
1617707	221743	1395964
1610809	214527	1396282
1603869	211491	1392378
1651928	208539	1443389
1618151	221011	1397140
1678179	220991	1457188
1695658	203576	1492082
1677721	228103	1449618
1607183	216876	1390307
1653629	217809	1435820
1708937	228980	1479957
1681630	222789	1458841
1739387	215578	1523809
1655063	223658	1431405
1774024	225762	1548262
1648237	209561	1438676
1725867	229910	1495957
1679836	220613	1459223
1696574	238825	1457749
1664874	226517	1438357
1723355	219611	1503744
1723810	214064	1509746
1612814	205934	1406880
1716568	217414	1499154
1617608	209464	1408144
1710235	209179	1501056
1735559	205426	1530133
1644605	207895	1436710
1679921	210150	1469771
1708633	212936	1495697
1644199	218524	1425675
1680232	214002	1466230
1680485	208980	1471505
1595002	211791	1383211
1681270	213072	1468198
1611783	221229	1390554
1668685	231033	1437652
1729484	222396	1507088
1660393	209310	1451083
1678167	220866	1457301
1678135	222286	1455849
1792084	214073	1578011
1724877	230351	1494526
1791836	233902	1557934
1694203	214601	1479602
1680916	238821	1442095
1791540	220595	1570945
1674619	212548	1462071
1719825	214664	1505161
1596369	212746	1383623
1703487	240900	1462587
1637937	224621	1413316
1667615	217224	1450391
1659127	217260	1441867
1663997	212569	1451428
1707276	204966	1502310
1786626	244882	1541744
1666017	221509	1444508
1761737	221934	1539803
1666571	228551	1438020
1611798	205694	1406104
1668447	208446	1460001
1647869	218364	1429505
1642120	227822	1414298
1725079	213741	1511338
1678818	228339	1450479
1613987	217030	1396957
1731001	231626	1499375
1706298	220004	1486294
1648847	211892	1436955
1691262	218081	1473181
1736251	226794	1509457
1751960	223032	1528928
1707524	237913	1469611
1660754	217757	1442997
1586138	208980	1377158
1660245	208386	1451859
1688254	223121	1465133
1769320	224859	1544461
1650449	216232	1434217
1730706	218731	1511975
1759572	213972	1545600
1675100	218195	1456905
1675385	232140	1443245
1747341	227913	1519428
1638640	209706	1428934
1679355	224868	1454487
1588164	223596	1364568
1685520	212002	1473518
1716612	211551	1505061
1769050	210785	1558265
1721441	221286	1500155
1620033	212836	1407197
1681916	214477	1467439
1712531	221772	1490759
1633124	228436	1404688
1697056	217607	1479449
1678493	207757	1470736
1746959	220299	1526660
1660902	217203	1443699
1766470	227169	1539301
1611511	216230	1395281
1685117	229039	1456078
1707579	227109	1480470
1693525	222048	1471477
1635454	219347	1416107
1688471	210507	1477964
1622175	214483	1407692
1724398	215681	1508717
1768277	205398	1562879
1606040	219333	1386707
1665575	228488	1437087
1635169	226185	1408984
1664067	210640	1453427
1681932	215039	1466893
1643313	219187	1424126
1693737	222618	1471119
1607592	223780	1383812
1677865	219768	1458097
1707015	208216	1498799
1610696	213613	1397083
1609023	210290	1398733
1701709	215705	1486004
1688298	219551	1468747
1532926	219810	1313116
1586784	228061	1358723
1731110	227990	1503120
1650056	213164	1436892
1636093	214084	1422009
1636332	237710	1398622
1718345	218528	1499817
1729829	217005	1512824
1689836	210785	1479051
1720496	221051	1499445
1662430	207110	1455320
1614297	212774	1401523
1657253	220977	1436276
1678330	219208	1459122
1629041	221125	1407916
1658423	209730	1448693
1715065	222739	1492326
1659309	223550	1435759
1742671	216567	1526104
1710002	231947	1478055
1729350	216487	1512863
1634877	211442	1423435
1693373	226815	1466558
1711715	219486	1492229
1673174	210884	1462290
1684801	218646	1466155
1570631	237113	1333518
1700617	220228	1480389
1701436	232379	1469057
1697123	230116	1467007
1684340	222875	1461465
1601218	202088	1399130
1705888	204661	1501227
1648078	213052	1435026
1646979	218980	1427999
1733328	212130	1521198
1668862	232034	1436828
1711282	210162	1501120
1658940	216463	1442477
1683077	207512	1475565
1729996	216414	1513582
1728144	226006	1502138
1691925	228354	1463571
1642637	210891	1431746
1749064	218572	1530492
1801915	221792	1580123
1689195	221280	1467915
1759234	221681	1537553
1658204	216644	1441560
1804964	223678	1581286
1698461	225061	1473400
1729035	226489	1502546
1672939	229959	1442980
1738110	221443	1516667
1634944	217003	1417941
1733252	204223	1529029
1659198	214916	1444282
1642481	228387	1414094
1654977	208424	1446553
1816994	224033	1592961
1624234	221671	1402563
1705371	221750	1483621
1671331	224577	1446754
1715602	232140	1483462
1682294	220069	1462225
1711851	235264	1476587
1697872	208854	1489018
1657932	216043	1441889
1696829	210574	1486255
1719810	228104	1491706
1660737	214300	1446437
1682133	217162	1464971
1677175	214090	1463085
1797014	221510	1575504
1675220	222596	1452624
1613777	219587	1394190
1715866	235795	1480071
1690538	218967	1471571
1662475	211183	1451292
1688113	219092	1469021
1740588	227483	1513105
1647689	198838	1448851
1658886	225229	1433657
1681454	221119	1460335
1702247	221810	1480437
1738623	203299	1535324
1710914	216006	1494908
1662937	223126	1439811
1582728	211700	1371028
1697523	214959	1482564
1745706	215970	1529736
1693771	207900	1485871
1684160	206613	1477547
1688537	206640	1481897
1637015	228392	1408623
1660858	220047	1440811
1710303	197796	1512507
1693066	209515	1483551
1631652	233108	1398544
1773748	229702	1544046
1689233	215511	1473722
1654957	223014	1431943
1706609	216942	1489667
1674973	228342	1446631
1655687	216444	1439243
1658254	207526	1450728
1734512	212854	1521658
1744145	228270	1515875
1702970	220705	1482265
1733982	223782	1510200
1664217	225519	1438698
1651602	213234	1438368
1649372	205986	1443386
1666986	218017	1448969
1685997	211158	1474839
1697612	214006	1483606
1752956	212766	1540190
1722739	221025	1501714
1668425	212442	1455983
1770428	220245	1550183
1687224	220432	1466792
1708937	222822	1486115
1686720	213772	1472948
1567138	218847	1348291
1676129	201811	1474318
1671159	218101	1453058
1679044	212584	1466460
1695182	213591	1481591
1654339	229921	1424418
1596786	218230	1378556
1750511	224112	1526399
1663947	204842	1459105
1696285	232015	1464270
1654790	217047	1437743
1642053	219906	1422147
1707967	205059	1502908
1668760	223271	1445489
1652301	219904	1432397
1757924	225537	1532387
1733211	216736	1516475
1679991	229851	1450140
1708209	217434	1490775
1692630	219861	1472769
1682152	210919	1471233
1543229	211173	1332056
1737577	202344	1535233
1580380	210220	1370160
1718687	212135	1506552
1621485	194413	1427072
1680005	211838	1468167
1730570	208024	1522546
1558635	218479	1340156
1777684	222046	1555638
1689344	216519	1472825
1718892	221685	1497207
1602687	214470	1388217
1557079	205891	1351188
1644063	211685	1432378
1703543	227777	1475766
1750992	236560	1514432
1562770	200992	1361778
1697827	208737	1489090
1735560	228343	1507217
1626277	214147	1412130
1665228	217011	1448217
1705305	223679	1481626
1719412	218155	1501257
1761448	214862	1546586
1699724	217909	1481815
1665062	215298	1449764
1685480	232856	1452624
1753418	219293	1534125
1669746	207458	1462288
1680324	215698	1464626
1666994	219514	1447480
1724357	214519	1509838
1730478	209513	1520965
1607202	217582	1389620
