7471800
7472773
7471713
7473022
7471766
7471936
7473006
7471646
7472892
7471593
7472826
7472367
7472893
7472753
7472520
7472836
7472583
7471918
7472768
7472885
7472521
7472574
7471678
7472584
7472993
7472423
7471388
7471335
7471070
7471564
7473141
7473182
7472924
7472705
7473013
7472635
7472772
7472705
7472817
7472645
7473042
7472801
7473115
7472887
7472880
7471519
7472452
7472650
7472811
7473068
7472621
7472666
7472159
7472010
7472525
7473021
7472686
7472498
7472702
7472571
7471698
7472695
7472010
7472318
7473086
7472488
7471754
7472809
7472810
7472332
7471787
7472954
7472413
7472950
7472586
7471995
7473021
7472555
7472635
7467499
7472827
7472013
7472242
7467998
7472342
7472907
7472941
7472800
7471696
7472131
7472872
7472901
7472252
7472749
7472815
7472641
7472796
7471243
7471377
7472446
7473258
7472595
7472001
7471667
7472682
7472628
7471730
7473033
7472791
7473043
7472816
7472615
7472806
7472479
7472938
7472617
7472841
7472470
7472896
7472506
7472559
7471864
7471831
7471648
7472882
7472577
7471801
7472626
7471992
7471510
7472852
7472818
7471732
7472031
7472911
7471523
7471724
7472678
7471554
7472792
7472964
7471685
7472287
7472479
7471821
7472843
7471278
7473131
7472804
7471736
7472526
7472711
7471577
7472093
7472572
7472701
7472849
7473146
7472283
7472100
7472654
7472647
7471409
7472816
7471834
7471604
7471602
7472728
7472968
7471511
7473079
7472693
7472622
7472870
7472747
7471273
7471646
7473021
7472321
7473030
7470735
7472717
7471722
7471896
7472348
7471805
7471293
7472863
7468794
7472999
7472527
7471340
7472953
7472872
7472398
7472357
7472916
7472129
7472597
7472787
7472640
7472693
7473252
7473040
7472856
7473143
7472720
7472555
7471601
7472937
7472859
7472645
7472487
7472618
7472438
7472935
7471557
7472571
7472660
7472988
7472352
7472802
7472826
7472794
7472657
7472539
7472862
7471709
7472355
7472302
7472972
7471556
7473036
7472754
7472775
7472662
7472673
7472070
7471758
7472794
7471868
7472750
7472708
7472857
7472721
7471859
7472929
7472812
7472798
7472184
7472764
7471564
7471500
7472700
7472455
7472637
7472456
7471506
7472260
7471422
7473086
7471768
7472544
7472789
7471721
7472616
7473004
7472872
7471708
7472126
7473233
7473327
7472516
7472466
7471399
7471437
7473331
7471882
7473246
7472957
7472850
7471945
7471798
7472661
7471691
7471310
7471373
7472843
7473084
7472671
7472850
7473003
7472655
7471521
7472649
7472613
7472981
7472705
7472861
7472932
7471389
7472822
7472772
7472925
7473035
7472666
7472793
7471943
7472738
7472729
7471297
7472269
7472767
7472580
7473095
7472683
7472467
7472948
7472703
7471335
7473144
7471789
7472083
7472786
7472710
7472804
7472421
7472596
7472667
7472795
7472743
7473105
7472904
7472641
7472699
7471941
7472426
7472786
7472694
7472736
7472985
7472761
7472865
7472875
7471604
7472140
7472057
7471172
7472987
7471331
7472928
7473090
7473213
7472773
7473104
7472510
7471574
7471307
7473080
7471967
7472988
7472895
7472675
7472724
7472877
7472858
7472861
7472655
7472626
7471843
7472139
7470699
7472519
7471734
7472953
7472586
7472653
7472562
7472276
7472752
7472790
7471443
7472762
7472697
7472475
7472563
7472878
7472661
7471498
7473160
7472666
7472806
7472816
7472786
7471595
7473030
7472157
7473067
7472631
7472283
7471573
7472356
7472275
7471067
7471829
7473090
7472524
7473086
7471871
7471795
7471684
7473210
7472745
7472521
7473035
7471485
7473070
7471627
7471621
7471635
7471789
7472652
7472604
7472398
7472525
7472976
7471625
7472758
7473023
7472240
7472835
7473070
7472613
7472769
7472902
7471583
7471551
7471861
7472563
7472298
7472281
7472691
7472945
7472744
7473044
7472510
7473055
7473055
7468553
7472864
7472854
7472430
7471946
7472690
7472620
7472801
7472450
7473002
7472214
7471879
7471212
7473145
7472668
7472835
7472516
7472794
7472609
7472324
7472975
7472990
7471960
7472236
7472737
7473063
7472630
7472975
7472612
7472665
7473041
7472633
7471011
7472818
7471204
7471643
7472828
7472810
7472711
7472704
7471836
7472963
7472761
7473008
7472536
7472734
7472802
7471363
7472684
7472310
7471344
7471088
