7205730
7190219
7203221
7217839
7225035
7205366
7213032
7204738
7212003
7213986
7201963
7210119
7204545
7207963
7217713
7220800
7189701
7220323
7202794
7197069
7205299
7196582
7207022
7209756
7198046
7213205
7184540
7209033
7201860
7222539
7205620
7224307
7187370
7209184
7195563
7210522
7202441
7202736
7199195
7198437
7195942
7210634
7197431
7214911
7204644
7214606
7204605
7224101
7212094
7203445
7220869
7220744
7202855
7194675
7218516
7210809
7202065
7200485
7205835
7227486
7225442
7204146
7184766
7207801
7193832
7203451
7191031
7177809
7224615
7207854
7205047
7213912
7183032
7199126
7194932
7222969
7209248
7190102
7181652
7215310
7198969
7205779
7227290
7232024
7204049
7218707
7214977
7209993
7185059
7215514
7197923
7223852
7193100
7189325
7208430
7223740
7199156
7188929
7176046
7218981
7219646
7202626
7170397
7229045
7182402
7224188
7206287
7193169
7191967
7208735
7216139
7205081
7200892
7213544
7192432
7190356
7199573
7181702
7184760
7184228
7186783
7200470
7197800
7190711
7211809
7222969
7211809
7190087
7217146
7214014
7206530
7214984
7206370
7217972
7214284
7203616
7206676
7190667
7181550
7215008
7198318
7217317
7200732
7214912
7171231
7195155
7221726
7223951
7194004
7187423
7214976
7197667
7182270
7198827
7230031
7191920
7225027
7217806
7211047
7192286
7196179
7178233
7223290
7211633
7200484
7220013
7204552
7205508
7219463
7188762
7206206
7255026
7220002
7181031
7213712
7209885
7208039
7196631
7206916
7202891
7200221
7192864
7216172
7204775
7187489
7184392
7199915
7209447
7201653
7203395
7184898
7176403
7197701
7218209
7209933
7208655
7205964
7199959
7213792
7203312
7224393
7209295
7202853
7204686
7196643
7184491
7202891
7214351
7180893
7177700
7222075
7190107
7205570
7192834
7196877
7211089
7181731
7205424
7208029
7218192
7230140
7191107
7228273
7222467
7200399
7226163
7209588
7228391
7190531
7207762
7193560
7221196
7219510
7215572
7196287
7206712
7218318
7194143
7165414
7218414
7190499
7173563
7202297
7190299
7208535
7198280
7214671
7201251
7190600
7113681
7190117
7214621
7201046
7229763
7189447
7214918
7191997
7193694
7221468
7218978
7188085
7203585
7225271
7199196
7215284
7196480
7189952
7211112
7193877
7185837
7211732
7166763
7213164
7214066
7202539
7211341
7207197
7220226
7218942
7220465
7201770
7195406
7204876
7210802
7205762
7211661
7190552
7218341
7199198
7207069
7219822
7195732
7209543
7202713
7213748
7201369
7205645
7200729
7211355
7188838
7200476
7211889
7212678
7211008
7193711
7201172
7217125
7221801
7192140
7203971
7180995
7219365
7216588
7209892
7195768
7187717
7194112
7230738
7217527
7204238
7213776
7203300
7182581
7213885
7212190
7188585
7194238
7204770
7217067
7192919
7217598
7211053
7217354
7215303
7189545
7200250
7197624
7225963
7202248
7210542
7214543
7180469
7214200
7200505
7202571
7211279
7193207
7212468
7159644
7192589
7189082
7171539
7211753
7227870
7226551
7186398
7194128
7194936
7196860
7218566
7200862
7199054
7217490
7189934
7200250
7200628
7216636
7205052
7208739
7199025
7214208
7205058
7208026
7181777
7205586
7209578
7197101
7200903
7215050
7203067
7197131
7199744
7192163
7214190
7188294
7180800
7194866
7202279
7222471
7179710
7216136
7212734
7211740
7221912
7216666
7190457
7209138
7223647
7197774
7193216
7221404
7208041
7202686
7214528
7174506
7213823
7184292
7207245
7205532
7211025
7198927
7210399
7207974
7216804
7207623
7216811
7202114
7211181
7233795
7212154
7175790
7180983
7192278
7207766
7204780
7199710
7218427
7221958
7221379
7207522
7210208
7207178
7201613
7194268
7215440
7211085
7220920
7208971
7195702
7191641
7200656
7215096
7210961
7180803
7213476
7221085
7227110
7189778
7218616
7194943
7199025
7181887
7202644
7219093
7191358
7209426
7194882
7226764
7190041
7217052
7211852
7202443
7224717
7214922
7210623
7216669
7220092
7213735
7190617
7223675
7234831
7209792
7226244
7197345
7212889
7216322
7193764
7217587
7212868
7218130
7183448
7180851
7209966
7225640
7206051
7215011
7213610
7207046
7209742
7204592
7189473
7187969
7202034
7197749
7200725
7217106
7198529
7217531
7225406
7204677
