4529483
3869952
4033920
4357713
4681096
4003056
4491422
4507676
5082683
3966290
4235408
4072509
4828036
5030918
4541797
4375876
4005912
5434512
4083512
4146810
4411345
4527307
4325713
5283257
4438198
3936077
5542665
4522285
4210764
4178292
5287457
5530070
4318158
4345243
5728782
4217828
5125291
4386939
3949810
5556280
4266691
4021450
5061552
4116926
4887554
5231787
4357490
4007223
4390717
4231396
4033295
4014599
4340292
4304332
5291966
4083673
4094600
4171771
4060939
3939462
4542051
4013051
4309576
5286579
4490785
4434587
4028263
4127190
4687730
4228011
4945217
4012135
5211200
4833491
5120871
3946086
4850428
5062241
5119958
4233290
4193812
4261455
4279561
4058309
5188284
3978966
4242479
5167725
3920988
4047438
4850053
4140575
3972557
4315057
4223680
4002761
4126112
4191947
4229256
4252605
4160859
4055821
5057778
4240385
4114388
4006085
4306614
4248801
3839970
4190070
4013181
4325562
4330389
4394437
4162283
4124372
4106860
3959525
4804046
4498616
4348673
4167964
4355395
4428962
4086535
4525451
4026064
4900149
3952995
4147331
4032597
5133428
4181390
4348419
4547813
4117300
4359532
3975793
4248735
4467083
4828827
4040221
3843427
3963329
4514371
5182416
4579329
4401226
4378798
4151622
4322350
4003893
3923027
5416923
4115520
4205730
4209570
5165645
3963646
4364796
4539182
4544512
4380708
4250967
4508085
4182941
4328312
4200760
5222251
4079117
4389235
3891083
3928591
3885916
4174874
4218351
4209988
3880573
4100561
4049557
4191769
5383273
4701257
4300696
4242741
4264305
4289858
4266128
4357390
3865096
5088073
4433557
4212998
4397661
4410848
4149180
5094927
4193157
4399990
4480154
4209952
4270478
4363493
4616974
4054446
5154411
4199180
4773699
4126603
4184393
4281453
4127809
4113596
4254578
4709057
5039453
4907987
3964785
4507644
4445073
4877027
5275792
5403743
4017539
4344287
4255569
4190373
4452260
4212347
4292937
4423485
4445538
4140766
3918504
5430185
4480245
4046966
5449605
4057501
4505618
4130290
3966544
5248646
5225481
4111186
4009593
4173272
4239684
4035525
5048966
4254489
4066299
4084313
4449738
4344809
4252429
4822460
4040821
3703544
4503920
4340265
4297863
4343532
4076273
3856146
4038664
4578641
4315906
4379557
4336057
4216550
4392019
4561255
4398245
4200306
4145318
4281522
4188245
4006348
3890116
4072474
4542101
4510471
5407209
4383759
4699577
4470661
4596296
4211342
4166139
4167100
4373105
4690537
4056345
4521113
4171089
4312439
5287385
4182261
4265778
4122553
3887515
3981429
4485927
4028128
3952502
4310778
5226652
4297527
4260473
4172446
4524487
4036661
4207953
3916588
4535439
4354783
4319948
4169573
4069473
4197832
4283774
3823300
4218788
4268991
3945171
3828395
5184329
4194099
5315350
4149584
4461070
4992724
4480104
4439578
4170429
3996343
4183447
4011644
4620304
4868147
4578143
4013182
4129879
4059699
4086582
4054070
5085539
4347484
6103470
4500214
4403086
4018954
4341126
4129122
4354574
3978698
4231949
4014788
4057979
4365495
4456684
3987506
4198013
4880525
5876587
4508956
3968826
4520814
4830758
4138156
4019322
4738618
4208886
4333925
4182743
3908811
4291792
4367987
4929808
4319692
4539734
4290334
4250780
4155417
5232037
4320348
4181318
3962751
4647117
4866756
3981889
4405970
4168640
4331404
4337252
5373254
5588505
4486154
4057160
4024914
5261909
3982107
4862846
4526181
4901100
4098553
4683515
4211969
4310205
4566370
4148399
3901685
4731125
4194115
4031879
4291917
4461388
4399306
4943395
5012613
4438937
4285168
4852902
4940132
4744453
3886465
4086639
4517103
3973535
4386212
4011972
4366693
4037219
4460489
3963088
4812050
4021812
4044520
4311911
4418042
4126935
4070447
5382820
4542420
4117561
3982148
4581548
4314753
3992166
4263328
4335394
4022503
4299571
4015849
4359937
4811554
4304475
4050478
4512822
4139673
4972310
4737170
4042012
4272879
4402166
3985881
3974433
3914643
3981175
4609262
4135374
3980368
4299522
4614535
4162838
4328034
3951215
4202940
4603999
4276150
4426430
4538602
5407412
4648089
4292482
4533356
4357883
4305111
4307970
4929603
5081845
4095481
4341458
4315894
4368179
3941747
3967960
4080398
4445279
