7156495
7203472
7177184
7178004
7192927
7182409
7192080
7177808
7201773
7184354
7220314
7191048
7196777
7175259
7193153
7184339
7186987
7208338
7188076
7185425
7188065
7177935
7178281
7209620
7195924
7188517
7172929
7174971
7211045
7198462
7183912
7195722
7184481
7194674
7165038
7168895
7203381
7179439
7192698
7181916
7188562
7183130
7197182
7190665
7188841
7204446
7176149
7168888
7197553
7192654
7211510
7177497
7166617
7182120
7194551
7186259
7185403
7191383
7197851
7173593
7195328
7201094
7196282
7181796
7204189
7194694
7182968
7197516
7187876
7182509
7193809
7211843
7217499
7198676
7186879
7191265
7200202
7187787
7186959
7176350
7193213
7190663
7165283
7178562
7193080
7179779
7169764
7165569
7174988
7195879
7164934
7173723
7186011
7179327
7197989
7182319
7188075
7211550
7181504
7197173
7173777
7109426
7205959
7168146
7185185
7204631
7168030
7197582
7200388
7196499
7170774
7156538
7207329
7134970
7197066
7179196
7169412
7182671
7184752
7187544
7196238
7175291
7195065
7202194
7187290
7162077
7124982
7193715
7187329
7188142
7181921
7169990
7178167
7199342
7183592
7177405
7181714
7173759
7176898
7178330
7194962
7200924
7184058
7215497
7170395
7185842
7205110
7189037
7202965
7208779
7189805
7180192
7173222
7200431
7200699
7202008
7203210
7195436
7195693
7187429
7202634
7194541
7194233
7182968
7204460
7181714
7202865
7212230
7201909
7170246
7229357
7173955
7206744
7194132
7194447
7202643
7189017
7185250
7182606
7181406
7167030
7181850
7191608
7199981
7183553
7174242
7129875
7211875
7199163
7175222
7189066
7180338
7191844
7192204
7203466
7176459
7199173
7204295
7188542
7168673
7189171
7178290
7199575
7179219
7187244
7181835
7184334
7186554
7177622
7171193
7187601
7164951
7187374
7190771
7195213
7183343
7198392
7199127
7193260
7202233
7171617
7189395
7183796
7201752
7197343
7203751
7207405
7120193
7187950
7160196
7189796
7218306
7187134
7177336
7177590
7178988
7184067
7189636
7175233
7183006
7188952
7172847
7198927
7198143
7199472
7181650
7182890
7204931
7178738
7189398
7166697
7187720
7206477
7201902
7208196
7173722
7179999
7212183
7182222
7203373
7205059
7121174
7159223
7160888
7193011
7173078
7194863
7183599
7186199
7196203
7167171
7187504
7218212
7189657
7191708
7186857
7177872
7178011
7187289
7198263
7212531
7172303
7173574
7180370
7199159
7180578
7066743
7196863
7207213
7121737
7185011
7197033
7197452
7183818
7187328
7198162
7182653
7173847
7231132
7175130
7189671
7117667
7212142
7172265
7184664
7123564
7196958
7200122
7188367
7171423
7207906
7196516
7176451
7203143
7195022
7192585
7181704
7169976
7185168
7198175
7180961
7206253
7180322
7180887
7182819
7177760
7172336
7168780
7200208
7198505
7197866
7185121
7172056
7166509
7180862
7180446
7191124
7189369
7179446
7184160
7209220
7190128
7222920
7179565
7174549
7196237
7197301
7154868
7186880
7186539
7176840
7191265
7185161
7177584
7177661
7180769
7189762
7168614
7195884
7185968
7182326
7192787
7185742
7196276
7168289
7188474
7192763
7173189
7186549
7186744
7172756
7189909
7185245
7178506
7138989
7204159
7193733
7201548
7189916
7190338
7100163
7201144
7204599
7176394
7193480
7168493
7175886
7179360
7168962
7196702
7193824
7202326
7182035
7193894
7195929
7175900
7209451
7215305
7204534
7204854
7182945
7199111
7168843
7167619
7193313
7195114
7171477
7199065
7178014
7179415
7150995
7167158
7192936
7101031
7203611
7169891
7180329
7213155
7198397
7205687
7190296
7195666
7182962
7195115
7200189
7180669
7205992
7208184
7192419
7191501
7198859
7176133
7155394
7199352
7162029
7198059
7203033
7178975
7191819
7188923
7194879
7196225
7191044
7182051
7170876
7180110
7203897
7207995
7203890
7192830
7164614
7200783
7212925
7180079
7174746
7198149
7200819
7191443
7191885
7212884
7166000
7173844
7193141
7206265
7192751
7170367
7203063
7196091
7170564
7204622
7198444
7207625
7200964
7202769
7179046
7185077
7178964
7193476
7206554
7193549
7186982
7182870
7185024
7195649
7173175
7189718
7196472
7157912
7198139
7182922
7170218
7196947
7184540
7173333
7184931
7208650
7224422
7180206
7177710
7183853
