81201
42750
87070
223402
100546
211125
183438
163383
276133
180367
229412
220682
104965
145532
180366
233996
183264
123379
217857
255174
155297
208722
316673
245603
237666
183225
210306
142684
202875
236744
165516
163206
194978
230615
164329
153255
191436
93568
254006
193780
254240
173649
172487
252671
200467
184289
273394
236944
210792
249419
144369
202083
252012
256064
245265
188200
224569
243288
258446
180290
193195
170009
208401
210356
212529
162751
242959
226885
210424
174701
192002
173467
244390
154608
64989
173729
181214
208291
274682
165472
255561
201919
121227
144653
213046
205089
142378
258607
189597
177459
221266
203360
191041
187794
59971
210856
257575
217641
186366
288764
149209
261828
262523
255165
220645
177661
140825
182955
271996
158179
166308
249239
135655
160237
190633
147896
203601
208952
91960
154782
250406
168565
231782
194056
187958
209486
213205
216197
234113
235933
272070
167337
165074
195210
237604
226313
150233
207371
240272
198509
184379
213056
271461
220739
159153
243928
197939
211489
253371
77211
263913
174839
205420
91408
190711
214869
163361
249084
222914
232065
183707
167470
123881
117886
121501
151306
154908
245921
206677
190276
194352
174540
129762
185853
231732
155777
148355
268838
96169
169402
137886
215705
208546
203653
213001
144930
222125
241009
205207
191338
233724
206491
145916
227262
200536
175243
188956
254707
118285
161131
127167
66184
140890
231686
220378
240756
228886
218202
132975
160910
130953
199131
175280
183068
232171
196831
208534
186910
169311
204155
267300
193753
162397
228964
150862
250186
146007
138023
142540
163831
110918
178822
113025
178728
246467
264469
205157
167305
266875
192326
244996
155719
227458
208029
178579
74846
140477
300067
183070
227022
160046
192186
170563
174961
223998
196016
208673
193476
325818
157165
257024
158885
197060
190350
172126
190823
123024
175031
186481
184870
117875
175038
225916
182054
137279
196140
184009
175450
232867
116634
147307
214805
211830
95821
195109
172133
205134
209301
153781
99360
214611
210677
157414
143319
141820
260979
218919
224246
222535
228550
258199
137278
179057
230288
220925
150979
163412
183956
122193
168809
184334
276497
263824
220249
164002
132985
177195
159731
140324
228506
243696
240126
178221
142721
173865
223457
285134
164931
243399
44380
199809
230493
183048
128776
149910
199966
159088
113513
240144
255471
147792
207296
110523
177219
224892
198381
192687
184805
188562
204896
183661
203722
152247
80230
150887
155644
317904
178761
247521
54883
204938
196977
115226
169814
211176
209311
99490
234335
180462
49006
243065
229942
142273
226974
209853
154981
275472
104795
172570
125746
207500
200429
175487
187868
191795
162260
192086
218087
155802
221031
59095
238452
193832
161024
188441
243712
148430
207284
264901
190904
210099
147936
172779
115441
121221
194974
243106
92006
140500
215749
226700
156492
207735
219507
191515
208752
188221
162887
172243
163190
206191
271652
206083
155528
173654
118262
200350
196330
160938
189188
151021
250456
79499
203432
184571
193546
113059
177636
179681
161526
184332
184501
99170
170786
253127
195758
227773
173203
178249
170706
223871
254756
234952
204432
131987
199128
230770
118474
185705
306123
168680
171036
269957
139954
196273
237289
149831
253260
207684
123683
154104
202531
214191
181924
223193
250280
244030
111408
177251
145989
179519
214900
188309
60512
227488
207579
113043
111261
202534
235439
168453
240466
159521
244725
156756
166398
206256
187040
137360
170354
