6764195	958	6763237
6586006	430	6585576
6557096	586	6556510
6490208	533	6489675
6663844	399	6663445
6583532	158	6583374
6561006	241	6560765
6710305	607	6709698
6564447	498	6563949
6606116	355	6605761
6731167	989	6730178
6547104	312	6546792
6685935	958	6684977
6618852	533	6618319
6674782	1032	6673750
6595546	190	6595356
6560582	523	6560059
6553276	533	6552743
6535527	498	6535029
6653646	958	6652688
6610047	198	6609849
6619576	307	6619269
6585849	495	6585354
6699638	342	6699296
6656609	399	6656210
6629759	586	6629173
6584988	533	6584455
6583749	354	6583395
6677927	510	6677417
6701689	958	6700731
6527553	367	6527186
6530026	417	6529609
6499629	190	6499439
6710370	709	6709661
6494531	355	6494176
6622724	518	6622206
6615588	498	6615090
6642689	335	6642354
6657961	236	6657725
6556501	417	6556084
6591515	236	6591279
6600734	158	6600576
6548756	533	6548223
6581800	339	6581461
6487968	648	6487320
6508647	215	6508432
6668574	463	6668111
6663230	1438	6661792
6652890	353	6652537
6624196	312	6623884
6714995	1168	6713827
6560678	635	6560043
6667393	644	6666749
6634732	644	6634088
6572380	648	6571732
6576961	264	6576697
6583079	339	6582740
6669984	346	6669638
6536708	511	6536197
6666817	586	6666231
6514168	97	6514071
6668123	676	6667447
6680633	644	6679989
6637937	415	6637522
6492571	62	6492509
6646915	510	6646405
6654452	339	6654113
6632079	264	6631815
6581390	236	6581154
6603133	346	6602787
6640324	415	6639909
6475630	533	6475097
6688795	371	6688424
6537515	190	6537325
6555313	579	6554734
6498711	430	6498281
6600279	494	6599785
6543652	513	6543139
6568096	215	6567881
6618181	339	6617842
6727514	264	6727250
6571953	335	6571618
6600985	236	6600749
6566013	294	6565719
6631872	513	6631359
6664803	711	6664092
6657754	422	6657332
6502519	533	6501986
6689951	1236	6688715
6753700	426	6753274
6651193	635	6650558
6639620	351	6639269
6673779	635	6673144
6620908	190	6620718
6640482	281	6640201
6657221	353	6656868
6523560	342	6523218
6538598	346	6538252
6589733	422	6589311
6583922	339	6583583
6627803	675	6627128
6578862	767	6578095
6600424	471	6599953
6664645	644	6664001
6594081	342	6593739
6577823	675	6577148
6591583	158	6591425
6607961	426	6607535
6662825	586	6662239
6645985	511	6645474
6693686	1438	6692248
6637412	226	6637186
6505995	264	6505731
6627168	264	6626904
6665515	675	6664840
6696066	346	6695720
6644020	1133	6642887
6628878	518	6628360
6571804	415	6571389
6661054	635	6660419
6508570	97	6508473
6667721	511	6667210
6642387	471	6641916
6657703	241	6657462
6675314	1345	6673969
6661170	675	6660495
6737782	511	6737271
6568757	342	6568415
6604067	635	6603432
6675235	644	6674591
6623549	1168	6622381
6530642	513	6530129
6550888	339	6550549
6605519	423	6605096
6635686	635	6635051
6665671	644	6665027
6670649	354	6670295
6667329	676	6666653
6598521	371	6598150
6627720	1438	6626282
6645637	417	6645220
6715998	711	6715287
6588218	342	6587876
6694971	989	6693982
6678985	423	6678562
6487200	367	6486833
6597936	399	6597537
6653645	494	6653151
6590911	1032	6589879
6693113	958	6692155
6610578	495	6610083
6584847	634	6584213
6618048	416	6617632
6590231	417	6589814
6637434	339	6637095
6584421	489	6583932
6613555	489	6613066
6554598	513	6554085
6655600	634	6654966
6602606	607	6601999
6673614	958	6672656
6428663	190	6428473
6704856	958	6703898
6636797	676	6636121
6555633	523	6555110
6663558	353	6663205
6512276	241	6512035
6545689	586	6545103
6535473	533	6534940
6593811	312	6593499
6647538	371	6647167
6426037	430	6425607
6581420	579	6580841
6630816	158	6630658
6738928	989	6737939
6568096	351	6567745
6701443	676	6700767
6621560	586	6620974
6598200	281	6597919
6637309	416	6636893
6545976	510	6545466
6681787	367	6681420
6652028	635	6651393
6575406	190	6575216
6550496	335	6550161
6635475	489	6634986
6583837	579	6583258
6545680	339	6545341
6598243	518	6597725
6575071	342	6574729
6595293	533	6594760
6672786	644	6672142
6634462	339	6634123
6520990	190	6520800
6513004	236	6512768
6677091	989	6676102
6558495	533	6557962
6720597	339	6720258
6582112	354	6581758
6540303	346	6539957
6501830	489	6501341
6559921	489	6559432
6632243	510	6631733
6601752	586	6601166
6640333	495	6639838
6548371	648	6547723
6627343	511	6626832
6651912	215	6651697
6588338	281	6588057
6699164	989	6698175
6666459	495	6665964
6727128	676	6726452
6599843	355	6599488
6586100	342	6585758
6726691	1236	6725455
6616096	417	6615679
6656854	463	6656391
6650085	518	6649567
6567290	489	6566801
6492781	134	6492647
6572698	648	6572050
6650707	513	6650194
6614894	533	6614361
6589049	371	6588678
6550317	463	6549854
6612507	420	6612087
6594391	190	6594201
6633081	399	6632682
6425673	190	6425483
6655996	371	6655625
6542366	97	6542269
6668816	1032	6667784
6622794	371	6622423
6522768	511	6522257
6506922	417	6506505
6569732	1438	6568294
6635644	371	6635273
6574040	498	6573542
6682759	635	6682124
6525343	399	6524944
6655870	635	6655235
6656549	339	6656210
6474975	215	6474760
6474876	533	6474343
6627829	511	6627318
6621525	371	6621154
6679849	351	6679498
6651511	635	6650876
6568756	346	6568410
6588923	342	6588581
6719523	709	6718814
6583604	423	6583181
6565956	190	6565766
6678044	958	6677086
6640746	675	6640071
6642918	342	6642576
6621563	463	6621100
6581284	339	6580945
6748147	635	6747512
6681894	958	6680936
6597104	494	6596610
6639140	354	6638786
6641976	241	6641735
6567900	675	6567225
6667900	1168	6666732
6600296	675	6599621
6599135	958	6598177
6628293	354	6627939
6644603	190	6644413
6578188	675	6577513
6645875	463	6645412
6587219	430	6586789
6664402	635	6663767
6635311	1168	6634143
6554726	510	6554216
6621957	339	6621618
6585013	307	6584706
6524701	294	6524407
6713131	711	6712420
6656465	675	6655790
6670450	371	6670079
6501906	533	6501373
6615081	241	6614840
6608192	533	6607659
6645654	198	6645456
6712184	342	6711842
6621915	675	6621240
6582418	523	6581895
6571037	495	6570542
6562416	675	6561741
6609356	518	6608838
6622045	958	6621087
6602384	158	6602226
6554092	97	6553995
6568364	354	6568010
6595416	190	6595226
6605705	675	6605030
6472747	533	6472214
6545186	533	6544653
6578392	226	6578166
6670670	294	6670376
6674122	579	6673543
6722426	634	6721792
6625221	353	6624868
6602051	158	6601893
6684459	1438	6683021
6638429	371	6638058
6560679	417	6560262
6616116	371	6615745
6630681	675	6630006
6678420	989	6677431
6596479	471	6596008
6699326	635	6698691
6620317	190	6620127
6653140	579	6652561
6702436	958	6701478
6528935	430	6528505
6626188	510	6625678
6684624	190	6684434
6590213	294	6589919
6626171	495	6625676
6610523	1120	6609403
6542099	579	6541520
6638224	339	6637885
6672127	423	6671704
6584181	416	6583765
6669682	511	6669171
6582910	367	6582543
6613932	198	6613734
6570358	533	6569825
6629620	371	6629249
6601919	371	6601548
6628619	607	6628012
6505958	510	6505448
6531115	236	6530879
6690999	342	6690657
6557886	294	6557592
6665135	675	6664460
6598648	307	6598341
6570132	417	6569715
6539101	523	6538578
6704626	342	6704284
6490302	62	6490240
6578118	312	6577806
6688523	339	6688184
6488176	158	6488018
6611848	294	6611554
6585979	417	6585562
6604942	420	6604522
6572573	417	6572156
6628050	1120	6626930
6619775	236	6619539
6426163	62	6426101
6530667	294	6530373
6455702	354	6455348
6733841	438	6733403
6553561	1345	6552216
6452896	190	6452706
6590426	430	6589996
6660841	489	6660352
6639215	463	6638752
6664412	709	6663703
6496389	62	6496327
6602151	342	6601809
6625391	226	6625165
6665160	367	6664793
6601929	607	6601322
6685648	767	6684881
6604458	354	6604104
6639111	158	6638953
6578225	371	6577854
6559998	634	6559364
6559526	134	6559392
6559171	335	6558836
6607803	579	6607224
6643100	420	6642680
6673070	371	6672699
6532307	354	6531953
6664629	711	6663918
6613499	523	6612976
6697450	1168	6696282
6554590	236	6554354
6619243	307	6618936
6624160	511	6623649
6589309	281	6589028
6630090	415	6629675
6654317	307	6654010
6639671	1168	6638503
6617258	355	6616903
6622676	417	6622259
6599998	513	6599485
6576276	339	6575937
6604136	190	6603946
6488010	346	6487664
6576319	190	6576129
6600576	958	6599618
6611122	533	6610589
6620658	471	6620187
6588885	426	6588459
6582931	342	6582589
6636017	416	6635601
6619664	533	6619131
6643224	158	6643066
6572405	523	6571882
6692825	354	6692471
6638230	709	6637521
6602852	307	6602545
6664183	354	6663829
6581690	236	6581454
6698684	198	6698486
6514653	523	6514130
6651712	675	6651037
6649846	1345	6648501
6614063	635	6613428
6516662	489	6516173
6603047	353	6602694
6605551	579	6604972
6671327	97	6671230
6587907	958	6586949
6536095	533	6535562
6577527	417	6577110
6570806	495	6570311
6625767	511	6625256
6607117	158	6606959
6499841	190	6499651
6560538	417	6560121
6618576	579	6617997
6655879	294	6655585
6602805	420	6602385
6610340	635	6609705
6713928	958	6712970
6710928	353	6710575
6561218	134	6561084
6601905	1133	6600772
6611331	510	6610821
6684619	767	6683852
6584065	399	6583666
6706743	1120	6705623
6719751	158	6719593
6591016	958	6590058
6640097	420	6639677
6615518	371	6615147
6582903	354	6582549
6559561	513	6559048
6533081	498	6532583
6671675	989	6670686
6648382	353	6648029
6604476	635	6603841
6639920	533	6639387
6626037	307	6625730
6603743	198	6603545
6646995	1236	6645759
6610473	711	6609762
6618304	675	6617629
6591270	294	6590976
6628624	495	6628129
6622093	417	6621676
6635940	709	6635231
6583784	346	6583438
6477748	417	6477331
6638327	675	6637652
6582739	97	6582642
6720767	635	6720132
6450210	62	6450148
6703698	635	6703063
6584880	1032	6583848
6567438	675	6566763
6620103	1133	6618970
6690268	635	6689633
6552107	634	6551473
6462443	241	6462202
6632244	1168	6631076
6591456	675	6590781
6663025	236	6662789
6531572	342	6531230
6694267	711	6693556
6495203	463	6494740
6644012	989	6643023
6608420	676	6607744
6632752	958	6631794
6603021	236	6602785
6627518	511	6627007
6556228	371	6555857
6542941	367	6542574
6567719	510	6567209
6598087	264	6597823
6528443	226	6528217
6612351	371	6611980
6613000	644	6612356
6630512	371	6630141
6548224	417	6547807
6611808	417	6611391
6637330	346	6636984
6679112	342	6678770
6657810	353	6657457
6627433	423	6627010
6663103	463	6662640
6675370	586	6674784
6628427	1168	6627259
6738562	307	6738255
