7186440
7202578
7193694
7174835
7191133
7178091
7209074
7189218
7198161
7192308
7218908
7195453
7205511
7148382
7209532
7102676
7200313
7201639
7186865
7172190
7191645
7155779
7180481
7191390
7181798
7190253
7189768
7177018
7201085
7195392
7149354
7175901
7197631
7194947
7165781
7179428
7182988
7181092
7193331
7202608
7197613
7188101
7181671
7197856
7173650
7189989
7219646
7158725
7176866
7192466
7213727
7157193
7163451
7164993
7210224
7188095
7189623
7191839
7198547
7161386
7175797
7199741
7202385
7195982
7204489
7164148
7182786
7187805
7204519
7170648
7191343
7203262
7185144
7187361
7175710
7177432
7203828
7213983
7186086
7173789
7181394
7194644
7181002
7198324
7169755
7167082
7185109
7173371
7191651
7193565
7200520
7173337
7201844
7197967
7211317
7186030
7206758
7203417
7175206
7203735
7166611
7179781
7197826
7183403
7185268
7205353
7161709
7178236
7197734
7197556
7192782
7176613
7198087
7189631
7195232
7186444
7173081
7178385
7181299
7199801
7195416
7174824
7192040
7193640
7207052
7192461
7202554
7205051
7169995
7189939
7168219
7177354
7181787
7196905
7200148
7194087
7191294
7189442
7184462
7197315
7165149
7194509
7197937
7207043
7180776
7195856
7203142
7200381
7190739
7203465
7190228
7184296
7164556
7184942
7200698
7188391
7201124
7193648
7181117
7200855
7186537
7195353
7194558
7212078
7201179
7205494
7186761
7197982
7187322
7202066
7187358
7182139
7193533
7175960
7197060
7193803
7170131
7203202
7182120
7191218
7191551
7186023
7212254
7198933
7187278
7177915
7180704
7202737
7199052
7184215
7190764
7177023
7195753
7174049
7182349
7147372
7206247
7184668
7201358
7181076
7179179
7171709
7171715
7183828
7178317
7176322
7187023
7199587
7202425
7180236
7174252
7186128
7184490
7198281
7194166
7197213
7175096
7184708
7199638
7182278
7168151
7192936
7192114
7191381
7195031
7188180
7209381
7167883
7193937
7177721
7185381
7216588
7206383
7168749
7199940
7171302
7184938
7208790
7182093
7180925
7134900
7195112
7165204
7193208
7179588
7195732
7175642
7198906
7177546
7189577
7150715
7189215
7202914
7191709
7175700
7195522
7163526
7214300
7205268
7189617
7214055
7196787
7191270
7182739
7169029
7152210
7183233
7165864
7202123
7194866
7200588
7190005
7189745
7191029
7189114
7168923
7191878
7133358
7162715
7205480
7211579
7178605
7171639
7181092
7188310
7171252
7174443
7179168
7185595
7178473
7192075
7175425
7185860
7166504
7188595
7180934
7190389
7180668
7200039
7173252
7177210
7173751
7197477
7185260
7183752
7180755
7195191
7199723
7186031
7179976
7209303
7192916
7180563
7189319
7198122
7207404
7162999
7185639
7195995
7199254
7178547
7205174
7180412
7206774
7164156
7196995
7191837
7153548
7199977
7180730
7181854
7202231
7188918
7172790
7178575
7180972
7170987
7179811
7199037
7188851
7207846
7193380
7174663
7179042
7171826
7193267
7201535
7155564
7201744
7189792
7179845
7185375
7195478
7197191
7172238
7178477
7180079
7181615
7196902
7186471
7207094
7195448
7188501
7208039
7180875
7196737
7191609
7172527
7200448
7170904
7190505
7206837
7167760
7170912
7202254
7201149
7191127
7210345
7115527
7188384
7207579
7200017
7183211
7193299
7196670
7166223
7198125
7196928
7190018
7179859
7194596
7205183
7179803
7192990
7195257
7184259
7189655
7214300
7188626
7207683
7198335
7201867
7191431
7162024
7196392
7191968
7168455
7186826
7185373
7176767
7154534
7177224
7182715
7181946
7203915
7186859
7170503
7207845
7203241
7205704
7184786
7183945
7181105
7194135
7206627
7195447
7187047
7205823
7180125
7190412
7192083
7183482
7189674
7197628
7188319
7222748
7194220
7155354
7201304
7193922
7196492
7162880
7193969
7189963
7175315
7181202
7214741
7227623
7196661
7176335
7187062
7181865
7211493
7167367
7179355
7199856
7190087
7188157
7184091
7189458
7156415
7187660
7210311
7203506
7191729
7157604
7204253
7182929
7168119
7210138
7198741
7185801
7200202
7205182
7183699
7185546
7190828
7180600
7199366
7192227
7188232
7197872
7184211
7202706
7181098
7187060
7212941
7173632
7199285
7187200
7163586
7167790
7165899
7195173
7162320
7209170
7220705
7162952
7195480
7175379
