7318782
7360604
7331146
7284718
7331416
7304052
7326388
7259738
7228007
6913907
7001735
7255888
7318996
7241786
7335586
7227184
7233484
7241794
7298818
7338817
7236856
7333927
7221513
7269627
7338999
7243932
7241292
7214781
7274738
7306854
7248055
7240782
7275995
7196438
7240338
7236047
6871707
7265860
7279679
7326243
7332001
7328832
7212988
7316668
7336055
7334387
7261765
7346043
7243212
7332681
7249845
7349155
7255992
7067584
7338429
7336698
7244910
7337057
7247948
7234842
7342636
7329521
7283295
7338068
7273754
7292532
7220851
7268912
7264248
7337997
7329028
7336301
7260113
7224709
7228999
7329966
7309889
7332387
7229388
7240529
7331108
7327854
7242834
7323722
7335795
7256931
7338217
7238219
7198260
7226462
7335563
7255205
7266454
7336595
7231533
7290281
7316863
7016593
7230603
7156018
6981858
7255116
7340273
7338254
7290144
7236699
7232669
7248828
7231142
7325460
7343246
7212758
7283215
7228409
7241831
7238388
7271403
7342894
7170214
7344444
7252897
7222439
7340867
6925958
6924601
7315422
7301029
7339125
7131628
7331420
7209895
7254632
7328793
7333753
7337785
7226319
7295416
7260861
7207828
7334999
7341465
7237343
7181476
7232760
7335687
7220715
7235417
7235699
7263324
7303771
7350685
6912539
7334941
7241124
7257269
7254005
7257272
7252168
7330896
7256956
7224822
7450319
7323506
7181131
7212832
7338072
7331405
7253060
7010198
7250469
7249365
7244336
7249871
7131295
7337806
7341311
7245808
7250335
7239341
7325345
7244569
7241857
7331032
7321544
6965198
7240832
7336225
7331793
7218387
7276957
7173775
7243289
7252388
7336994
7325468
7289286
7339649
7210480
7257916
7326702
7258325
7313227
6896338
7222565
7240868
7237013
7335575
7314833
7239370
7225065
7268180
7282049
7211545
7208430
7296273
7369463
7248832
7391512
7252541
7432721
7338082
7152346
7337312
7233145
7249509
7338447
7240129
7259415
7281025
7190234
7333442
7236064
7254005
6991396
7296490
7333222
7340973
7337728
7246298
7334468
7123141
7303106
7317092
7281131
7323011
7333306
7268353
7327278
7232308
7335677
7394436
7291755
7301964
7342599
7333531
7262746
7316137
7289615
7286414
7242644
7244413
7333285
7328960
7255658
7454100
7304037
7253931
7327424
7326632
7331611
7337849
7229201
7214195
7210086
7254735
7235490
7246110
7205303
7258207
7287178
7163792
7242869
7199655
7323728
7330476
7260232
7265716
7330479
7339260
7232908
7335274
7264229
7255366
7289572
7302177
7324400
7278961
7296941
7189870
7328414
7343335
7301971
7252639
7299264
7336580
7242716
7223046
7203250
7328206
7258671
7227560
7325374
7272990
7221202
7310711
7223789
7210468
7342583
7182134
7180946
7242140
7329852
7319544
7003788
7243378
7294420
7290108
7338649
7287045
7246816
7239300
7327451
7254141
7241739
7223058
6939580
7314174
7253996
7324919
7287886
7333622
7248916
7337909
7329454
7237220
7289386
7249788
7330430
7318857
7202015
7331050
7219235
7316649
7250019
7241902
7312576
7292036
7292538
7211548
7232569
7298066
7201149
7224451
7323681
7220752
7245528
7336046
7335184
7270245
7312168
7327639
6938173
7292566
7336176
7265626
7289406
7222704
7330344
7253781
7444398
7241776
7341828
7283237
7248630
7228175
7317726
7245120
7189491
7337731
7342531
7034936
7335298
7191458
6899138
7242247
7328953
7328462
7338358
7278865
7233793
7210214
7254209
7270084
7277264
7203931
7250435
7334413
7204405
7001312
7324190
7283010
7338576
7250405
7295887
7330095
7280348
7225734
7332851
7256144
7338229
7333540
7337627
7221644
7340386
7312227
7237620
7281096
7260486
7249429
7224721
7232935
7337351
7292491
7124618
7261059
7224125
7324163
7254176
7319271
7304685
7253654
7258471
7300287
7446642
7323455
7261670
7242665
7306756
7322010
7269331
6790007
7240042
7263443
7332494
7270447
7329653
7221148
7320656
7278612
7344226
7203424
7325957
7322397
7257961
7216924
7337994
7335495
7330865
7327469
7340021
7450061
7234977
7235296
7215686
7239843
7329939
7211741
7312080
7243172
7226762
7329570
7274802
7258590
7296114
7249086
7188791
7322133
7212202
7327867
7313031
7328442
7336225
7253916
7257946
7241685
7314488
7138344
7336853
7333739
7306398
