1685166
1910611
1859598
1799127
1769324
1860319
1644138
1733184
1944723
1877662
1868246
1758878
1937540
1825353
1634228
1811144
1506675
1774096
1877670
1971734
1980684
2067411
1509769
2096925
1696467
1734342
1686189
1707620
1894647
1774310
2025925
1940748
1932251
1790515
1739390
1707093
1756943
1788185
1747287
1868961
1777770
1545759
2006065
1771107
1912257
1721966
1795070
1537003
1702937
1957050
1746958
1751763
1740371
1727416
1700800
1903893
1968971
2004846
1674870
1852181
1978262
1937916
1783832
1755564
1806892
1905178
1810110
1669664
1762468
1525940
1750388
1727258
1861368
1924669
1897417
1910509
1818618
1838957
1952158
1690659
1835450
1687819
1632016
1624649
2156922
1831677
1828497
1766633
1680451
1734666
1788600
1621169
1673709
1881489
1790530
2002840
1656389
1631970
2147583
1780065
1720244
1573219
1791715
1601027
1567226
1782096
1831700
1640761
1803086
1669697
79688
1872586
1620836
1894888
1939148
63907
1690461
1788683
1715039
1718369
1759231
1687491
1977543
1885592
1712755
1993068
1886149
1969579
1929314
1561328
1892696
1679622
1831334
1741237
1822734
2164992
1622149
1621253
1794631
1691131
1717703
1660670
1873735
1862330
1662127
2107864
1769571
1876442
1770540
1744394
1712255
1917265
1793415
2104670
1769918
84445
1952143
1863906
1521504
1914904
1635587
1914353
1650589
1519050
1869921
1726184
1928024
1849160
1892187
1661409
1813698
1756988
1713459
2130416
1889506
2089723
1877588
1822569
1478258
1432912
1652572
1949957
1660907
1724298
1948189
1716563
1726979
1502944
1880786
1755001
1779490
1733759
2018094
1760953
1674442
2016798
1814652
1637166
1757894
1735665
1769164
1842674
1878147
2038226
2088462
1904369
1759416
1607124
1795412
162173
1643834
1904229
1910354
1650582
1748035
1755422
1945534
1975173
1903244
2062475
1812583
1836868
1574860
2025443
1628451
1616946
1848236
1890947
1738342
96064
1733863
70740
1829994
1913958
1760877
1811909
2054167
1957940
1588841
1745174
1812855
1545016
1939338
1829240
1509770
1808709
1537553
1929965
1672851
1719164
1763027
1577183
1739638
1952811
1862290
1789259
1502912
2174445
1548679
1507816
1665132
1476228
1720470
1889818
1598398
1991328
1489637
1816189
1608084
1734339
1671563
1707105
1610881
1755165
1779233
2034120
1566094
1618921
1764211
1818770
1734148
2043429
1862770
1977316
1570770
1538277
1721122
1617572
1970124
1599637
1614225
1751535
1784114
1898376
1858721
1486352
1779299
1927540
1714066
1795309
1961771
1776302
1797405
1790883
1821037
1676257
1685562
2005172
1847636
1714595
1759320
1859552
1894292
1795472
1870412
1599183
1747935
1720638
1956795
1830656
1897909
1759886
1905846
1629940
1750503
1614385
1813267
1801812
1780300
1932543
1706099
1590695
1566027
1724839
1488147
1939628
1451544
1800288
1785079
1916327
1761501
1488889
1650400
1707965
1808976
1767538
1992925
1834966
1480635
1885596
1717925
1702534
1835452
1951890
1748902
1707280
1700605
1539564
1654488
1621824
1790127
1841592
1932761
1767066
1832383
1700814
1671124
40623
1653063
1951409
1910161
1937574
1571675
1573752
1842672
1766384
1909745
1841289
1910296
1728453
117170
1701712
1720864
1606633
1775060
1873770
1650400
1718464
1745849
1547526
1918136
2088155
1905701
1639525
1917669
1840197
1793209
1936265
1634488
1895637
1587374
1976172
1674819
1478981
1739964
1740240
1852484
1735195
1703570
2208869
1860244
1979630
1529989
1657329
1603996
1777753
1568104
1748294
2072003
2079885
1776854
80654
1555291
1593957
1881398
1971742
1883043
1943916
1859477
1774523
1793387
1890060
1791258
1501302
1664970
1770037
1738430
1834955
1789630
1831662
1835715
2007842
1531319
1915423
1756954
1828397
1718221
1729625
1718546
1856325
1762843
1803713
1504621
1724216
1736409
1711955
1640266
1734323
1746004
1766675
1811779
1822543
1984655
1802724
1922032
1718640
1526247
67578
1608220
1916826
1957056
1924991
1773411
1659623
1852040
1779642
1729946
2144228
1846910
2076432
1914261
1813755
1828712
1924963
2021262
1856889
1859344
1760076
1868972
1655919
1645367
1863331
1635998
1523570
1742304
1634646
1656911
1702533
1585254
1889450
