454368
521635
169839
137862
215554
152998
286189
223345
179193
454489
310423
272120
490265
386820
201213
225456
224316
295998
167416
180628
185675
201672
166678
185799
200256
269445
237758
186829
198884
200739
197282
365317
227260
296929
264685
209786
116336
149689
184186
194205
130480
249963
358951
135502
279936
239125
237857
251459
194276
305877
455138
136445
144080
270874
222549
209778
127237
153771
220418
245274
235085
216366
148658
257399
384106
203916
215021
199985
142325
199698
244812
322939
249764
304900
386384
395069
265359
287385
247728
195567
220317
172148
281016
343230
282528
320980
191072
396108
180807
260747
138880
71339
260181
174045
201935
208196
301801
209073
322450
190108
209759
128905
142419
148045
309675
216411
215766
174274
274234
167915
200229
310734
273302
142738
162939
170344
227848
241530
110906
70101
191649
144423
140693
182159
173646
215754
183098
207920
261258
338972
322626
296551
183004
263522
111471
153482
160194
462399
167539
183301
410007
349611
198313
322858
226988
259169
208447
322343
265401
253358
199880
181653
187650
291464
145379
161611
209085
147145
173310
188517
270527
207093
272374
317842
201958
227455
153177
246320
281515
260433
125393
355862
106428
241774
220957
104419
376825
348704
211785
179078
258600
267348
149928
227571
167750
204338
170369
243751
195439
300812
358625
182101
250968
170564
131356
304009
92835
153027
247762
154743
141190
218197
235658
167221
199927
191592
152413
227266
184185
355776
196531
154010
283367
184094
162438
309224
189017
219761
168208
239964
304977
297243
393175
154610
138890
225457
189454
192523
96651
187305
170467
239054
217711
206825
223326
180820
208917
95229
118924
199454
333767
189969
214699
372603
166803
364760
73798
88700
207949
227759
450167
198091
197976
422133
235048
338120
160011
116243
282399
246706
307084
228071
213225
191741
205076
151801
274245
187657
188217
135228
209770
210149
143640
290397
256998
239438
235726
505456
326537
208813
384334
170198
214639
370949
243659
180990
226340
173636
159796
137939
266445
453281
211129
157385
479176
139240
170263
100306
425270
172012
248600
349107
164921
167708
237098
164035
221920
308012
337258
231075
255053
151005
212500
204311
38789
343884
206315
237996
201419
174433
205277
213826
188430
217025
299135
151123
211690
228387
275382
334998
234048
216515
156131
198172
125410
305586
274013
176167
209208
295782
62408
241804
281139
199715
154046
113946
312194
390617
181515
290816
236972
443209
412905
483025
286026
184090
95822
186655
331207
202215
181434
290121
325858
209861
242232
275353
181719
118333
357901
234796
142188
168672
220719
148032
333543
195589
215252
169321
226075
145060
499320
173886
194262
176768
171831
375390
200743
308189
348396
324228
135266
187244
178831
218095
136556
179546
413548
126834
241442
275458
233045
304187
200643
218000
235187
470950
135893
265544
232350
210588
251814
115708
127267
120552
168285
228117
470027
221938
440738
102822
403080
162172
190193
178527
335691
298369
102642
239807
160223
269179
261508
158460
258020
219518
173685
122259
222258
233114
216582
220135
147236
196561
209283
212462
247692
270044
328234
307069
130473
217445
232688
223925
387779
153484
241465
214998
340613
259797
151815
207632
130337
247010
137623
329790
293528
232530
258774
237516
223285
175629
260342
459368
190734
326350
247531
311196
147207
328299
256524
306842
324757
187253
282193
382755
195073
209667
240097
123461
173371
140046
337645
322705
227320
137455
237404
287974
112460
292020
297730
198814
