3302150
3306655
3351278
3308735
3242766
3328335
3260426
3358923
3355143
3302920
3408868
3315759
3259652
3297574
3278930
3252459
3319461
3346465
3303077
3274962
3281686
3288232
3408896
3251172
3289219
3335657
3283068
3385767
3275809
3360669
3356639
3288365
3317559
3354266
3314809
3315136
3319036
3275562
3429280
3301988
3359061
3237968
3259772
3315165
3352322
3296575
3240000
3423971
3349392
3362440
3273061
3346905
3360702
3346145
3283589
3366354
3359359
3337306
3344403
3328606
3350945
3323123
3301855
3291745
3254211
3250789
3300854
3330237
3363111
3274831
3310902
3255595
3302501
3324440
3317871
3214301
3270189
3228430
3346896
3266740
3362592
3297283
3271733
3320447
3294531
3333251
3343992
3246451
3319942
3311836
3315288
3329545
3324050
3341463
3259656
3312133
3296727
3324363
3307464
3314552
3258389
3332755
3363429
3331055
3356675
3281240
3340475
3293544
3288008
3340431
3299653
3316744
3244295
3243614
3351762
3323571
3278984
3272735
3243208
3325733
3315166
3290119
3297354
3323375
3365315
3334303
3244574
3336356
3331537
3327103
3346286
3375420
3350439
3295138
3340051
3307106
3369039
3322497
3266329
3266693
3356642
3269926
3312528
3322258
3282369
3355988
3297905
3305835
3375976
3309424
3275298
3385607
3328813
3284098
3335063
3342388
3249166
3400360
3343658
3360455
3326680
3237583
3286711
3252046
3322711
3378626
3375737
3296853
3297605
3452988
3292968
3220667
3262712
3288487
3382679
3268456
3316719
3286339
3381136
3392082
3246466
3328763
3308738
3279132
3308214
3316025
3301202
3317276
3362274
3341395
3233798
3363739
3308229
3317337
3292600
3318758
3243729
3425890
3359001
3328508
3321622
3297049
3279382
3308196
3289764
3363379
3328859
3279830
3318140
3246805
3247761
3296118
3327426
3311588
3239375
3282582
3330271
3389457
3269765
3176384
3316091
3407602
3244231
3273831
3331162
3361301
3254497
3275675
3331085
3285140
3347661
3282241
3333757
3240331
3322232
3358155
3317508
3293989
3321526
3305966
3250279
3320648
3380187
3303601
3289641
3335338
3326700
3301205
3250363
3329821
3287862
3332099
3337205
3363182
3318940
3362497
3346812
3228081
3287568
3367891
3359613
3365225
3239227
3270060
3302851
3287834
3376006
3336878
3213358
3291932
3296527
3329221
3395801
3286476
3308451
3298013
3252693
3319831
3297701
3327857
3273856
3261991
3359492
3351597
3244117
3294654
3272862
3313542
3209233
3308632
3336833
3423711
3316890
3293943
3353101
3309833
3258380
3245222
3216531
3331522
3341126
3357000
3283412
3365217
3267802
3280107
3363358
3276927
3315139
3341659
3279567
3303897
3219196
3236857
3343336
3307941
3352807
3312178
3288128
3428573
3286966
3299921
3369324
3292089
3315096
3287221
3306072
3365879
3258776
3289761
3336606
3316363
3355811
3381208
3343243
3296348
3410384
3345541
3370945
3344474
3271492
3357420
3300591
3276368
3263158
3302685
3331412
3289878
3270586
3386480
3340148
3299769
3215619
3308905
3293078
3378032
3384079
3315703
3383928
3323121
3396125
3334493
3286079
3314615
3292382
3362671
3339106
3260044
3327353
3335758
3264109
3294456
3363641
3344838
3218187
3355271
3348208
3386092
3350858
3336927
3277419
3345706
3303210
3228114
3346877
3367439
3341242
3221859
3240340
3381713
3381697
3333621
3328391
3257377
3255292
3291517
3256989
3348286
3251485
3335783
3223287
3273227
3269443
3337625
3363091
3312024
3293214
3369643
3323555
3282800
3402493
3334945
3248493
3322681
3329444
3308875
3316513
3380014
3356391
3229731
3333161
3279347
3348934
3276209
3293246
3366366
3330027
3298603
3306442
3265310
3320681
3371396
3271816
3274410
3344784
3266043
3296108
3234147
3332347
3241251
3199751
3353354
3355442
3312314
3275613
3226368
3353807
3206473
3368326
3395903
3266256
3302900
3300952
3322304
3338820
3307131
3347048
3339734
3242240
3295346
3334100
3279386
3335705
3315642
3210568
3320712
3280520
3314841
3328866
3304832
3300844
3304908
3283427
3328607
3336965
3305322
3291937
3371036
3285090
3285633
3313512
3319046
3282924
3295533
3453109
3325787
3317840
3219991
3409249
3289050
3275157
3320426
3346656
3305566
3291818
3264330
3300768
3293849
3326236
3383627
