4487259
4049896
4544476
4658135
4504814
4480257
4215728
4584751
3842040
4043658
4509942
4660798
4488400
4614446
4275184
4458247
4905580
4597787
3987610
4494267
4647881
4591912
4573776
4020084
4526454
4510442
4616173
4487467
4236788
4468177
4610978
4605263
4502948
4471879
4119288
3992412
3770825
4639433
4122808
4295442
4228148
4490905
4608709
3964677
4324188
4266140
3864174
4163393
4541352
4656441
4089266
4169730
4627456
4606927
4322923
4293876
4605988
4620569
4014414
4562705
4332591
4160170
4652428
4622397
4672267
4253224
3982896
4234067
4124154
4620364
4576964
4588426
4462912
4476349
4523365
4130503
4577013
4628719
4273341
4029026
4290473
4639087
4638029
4504786
4618900
4398891
4535483
4593167
4050948
3412328
4159456
4099731
4662905
3538889
4548174
4519848
4622252
4640568
4435119
4048188
4088478
4166535
4250757
4665606
4650824
4023747
4329580
3360985
4834470
4654005
3807099
4554745
4277106
4332118
3909961
4608552
3756431
4169228
4591454
4115838
4405392
3902749
4172806
4201398
4181217
3969973
4588870
3882805
4629099
4570764
4095342
4644752
4036899
4054334
4083901
4577522
4439375
4071579
4646975
3722506
4544408
4436455
4826731
4529175
4278596
4648952
4571281
4509950
4254245
4523430
4613734
4579269
4063661
4295881
4635613
4101925
4017700
4638607
4549198
4508352
4440620
4497957
4409320
4157867
4661515
4614985
4224555
4643038
4614088
4666657
4618835
4617578
4650788
4480471
4524953
4176576
4001912
4659647
4513340
4156481
4263433
4613612
4144982
4435767
4654260
4055199
3555081
4029480
4054807
4661224
4601763
4469763
3989033
3434736
3975807
4505614
4645229
3911711
4346905
4659287
3959284
4063016
4238522
4522718
4578422
4425620
4636933
4382767
4583352
4579033
4551519
3914866
4064144
3950787
3944157
4652399
3817659
4058430
3849342
4183962
4327819
4646571
4589476
4657031
3953786
3266189
3355003
4527074
3565704
4650109
4415007
4294311
4625240
3914443
4252980
3682379
4656615
3862701
4188583
4544103
4617588
4624456
4292248
4599460
4042770
4275646
4170341
4181163
4680875
3883810
4370374
4280133
3814395
4455744
4008196
4655385
4552946
4674504
4655003
4430837
4540721
4329773
4265855
3830403
4177477
4066222
4403884
4471161
4521548
4071503
3843985
4912985
3943724
3941767
4236306
4613543
4612893
4542621
4537513
4005997
4307508
4569585
4234009
4645863
4668387
3812105
4087798
3719616
4570910
4073004
3869892
4486596
4421772
4388960
4480586
3524084
4068720
4599942
4630551
4623908
4489038
4668734
4512222
4514343
4479359
3870858
4381345
4561816
4608288
4010736
4501826
4205336
4644452
3792999
4658303
4373331
4646570
4263561
3811480
4470864
4590262
4619856
4666937
3703697
4243452
3798735
4049735
4619635
4884420
4592494
4620836
4656650
4498757
4249155
4220022
4647885
4518414
4061542
4581411
4650768
3590008
3926504
4651910
4644516
4659490
4433874
4510963
4568415
3539311
4335786
4665356
4579669
4660102
4474443
4442510
4347554
4251345
3582071
4090431
4000353
4563570
4581029
4613317
3942828
4603726
4307586
4494793
4168619
4446553
4320552
4669059
4579339
4469615
4648635
4631247
3574268
4837511
4458035
4492535
3771377
4086420
4137408
4603996
4603574
4532705
4620816
4586422
4024575
3910001
4578649
4637984
4040514
3299525
4545600
3428508
4490740
4599004
4013272
3360420
4824889
4090001
4589283
4456431
3792564
4377849
4465162
4580886
4458712
4587274
4863676
3815930
3881975
4323052
4200142
4069970
4593843
4555321
4353887
4387998
4594536
4545641
4601871
3878648
4354077
4491854
4559178
4663952
4553026
3342852
4661042
4452539
4507333
4209922
3906186
4195339
4182724
4536253
4667600
4497117
4520778
3429857
4667131
4449365
4588571
3856903
4517217
4538330
4642786
4617443
4587327
4658324
3781330
4540344
4018280
4435428
4645084
4603095
4490329
4648740
4573670
4033149
4434527
4211650
4631963
4662630
4306807
3917276
3865364
4660392
4560355
4274365
4104693
4046063
4541479
3982791
4510364
4561667
4506590
4108874
4452957
4586140
4637544
4415299
4268049
4656705
4279434
4499495
4637777
4597106
4664828
4596317
4642392
4629383
3806543
4506854
4060957
4461961
4659444
3997783
4580471
