68
1566879
61
1635692
173
226
134
131
55
1664672
100
191
54
97
170
1682358
130
1632747
135
103
170
46
1655928
76
96
39
199
28
1514871
217
169
84
115
136
123
84
161
114
53
78
56
178
117
1596520
206
95
167
94
72
53
111
68
1687684
117
188
114
126
106
112
99
220
1632703
98
218
217
115
1712090
114
172
83
91
1584323
72
1675251
58
188
145
229
234
112
70
108
1675868
113
120
30
47
1639799
140
198
1599456
48
22
50
210
1664240
127
1634267
94
180
229
1627301
20
1661162
119
79
218
60
92
1656424
53
1701906
232
146
1568474
234
48
1634942
104
22
147
191
163
162
1562965
93
140
87
1623662
156
212
137
193
82
25
1620656
68
239
212
143
206
74
62
98
203
92
169
51
254
79
81
134
1642282
1623032
237
28
42
139
140
165
79
133
81
139
189
128
190
220
149
46
197
210
25
186
60
172
235
148
117
129
200
1677609
165
102
130
1683287
44
229
235
145
80
222
197
50
52
62
106
85
101
51
151
126
111
76
77
95
86
1735904
1626305
34
126
201
117
70
85
155
117
53
38
190
84
215
242
87
81
1678593
1666277
1593749
48
174
166
1667111
1646801
149
90
135
152
65
119
48
60
199
63
1700248
248
114
20
90
97
105
221
146
20
89
20
165
244
148
77
76
92
189
267
206
253
61
119
123
198
215
128
183
56
1637210
120
1610493
138
175
65
229
117
140
193
1656432
1609070
1714652
53
174
199
219
75
72
179
221
61
1619106
53
1625167
99
82
1595045
53
170
54
138
39
181
139
136
123
46
1693007
1652152
62
1698225
127
146
249
26
79
162
55
139
51
211
1609494
196
206
218
1605732
1663288
110
95
184
42
205
116
119
225
103
37
130
143
127
257
250
68
1623981
155
1618235
78
93
115
56
1598751
1634363
89
1753766
225
210
194
82
201
193
84
101
158
22
61
217
1584219
230
131
203
123
95
48
79
164
47
103
168
78
222
1709708
63
74
144
89
220
190
1617464
33
83
144
177
128
63
1671904
169
112
175
148
20
77
90
91
128
1632854
168
55
172
1680519
119
143
88
68
112
98
185
246
249
146
242
213
67
130
41
82
135
86
127
151
40
179
93
141
46
1732589
151
22
113
88
177
36
116
67
1608227
235
249
169
24
55
139
50
103
109
34
116
205
1655678
1682693
1641561
122
152
134
153
226
57
95
159
1629328
67
124
1620682
205
205
102
121
93
179
207
98
1593816
115
1632061
108
220
102
83
109
149
1562226
33
62
249
136
166
241
179
