317339
523778
452270
451348
298315
267392
333379
361857
265657
522162
439844
442308
300285
502783
521394
209069
384810
485336
238251
402931
311743
411505
508334
250265
384546
504162
502594
307105
434539
360734
308219
341025
356855
374000
501099
529069
146633
375029
205928
223076
206657
236788
507233
508898
211363
300293
286016
125523
447431
481336
507734
164918
452372
463957
442437
479626
549786
543782
518157
461082
376337
544607
427108
497944
519331
323112
480134
485331
221861
429527
496910
464200
406066
332003
139914
500686
567488
473828
387655
472353
475049
387791
442471
491433
496988
449666
492899
471672
227978
155841
200427
131906
177350
138071
276939
491850
380265
506642
415045
482228
335909
175918
189672
396791
401985
261995
454637
157233
504498
446193
114890
274583
494373
480109
224914
424599
151773
469887
471403
207237
450717
463952
183638
375770
205573
242828
461656
248324
178164
361950
497206
451123
466485
488065
172267
410192
312543
521872
498344
141427
504303
428022
520861
486484
490217
329845
278193
370098
515510
101631
520571
433433
482276
402601
496400
226173
263523
449675
372704
478883
428800
293170
293395
510224
407389
555859
365542
442530
521109
413283
524980
439899
161349
243329
440260
168622
458110
433492
299494
515679
333172
249862
196942
444691
419048
170216
154816
492670
511916
451566
482425
394251
535268
134524
201703
519396
454970
489020
460350
548091
259636
268881
298286
356307
514720
488054
499967
399667
187831
469511
499306
522790
502299
224267
197643
490619
268891
504456
286048
287900
353907
379067
482978
470730
202139
183392
136055
307756
158994
478678
382132
529928
516300
534623
266929
162281
180840
195585
148569
307220
164258
500571
296079
488311
433397
408994
152366
206116
484681
231396
317542
531397
145005
326693
225454
425777
244617
505321
155735
216235
461446
451676
360473
321452
474176
226612
363337
212424
227867
233025
281174
431203
229997
467813
352830
500722
408634
452622
435858
272697
470032
488132
463376
333689
324080
293961
259111
166090
500899
132945
487407
315570
210328
445944
440509
131395
281009
470283
570995
425943
431695
146529
466099
532065
181533
133129
515647
309893
512630
181833
524184
167627
175226
159649
183228
236497
384298
403228
158188
423767
515541
290977
167879
452110
467176
488111
500779
229060
283446
424079
215296
527043
410002
352068
172890
445766
482378
275338
369609
447064
270720
211254
485078
442396
459759
194387
477583
298322
169770
367226
468356
510542
492711
471919
481200
468967
158071
156014
512055
255285
298695
363569
518776
262296
436259
228008
364601
142471
493569
401500
399771
342912
447846
454624
148622
173126
225194
357753
480957
126672
529188
189853
391440
443439
234269
515110
413105
496313
520608
491874
411825
506030
132125
431079
190075
356045
494513
143051
178212
426142
487190
511965
216608
173969
460865
359814
408952
426550
526748
307837
284095
191802
184724
209974
218928
541046
153692
428763
378418
451623
383505
312935
455794
402997
389447
277212
171688
522539
169515
173678
359191
543570
322938
118886
306435
151913
319303
284565
220908
60373
161920
464984
327290
426259
262910
498191
436445
195127
559219
375184
344377
257390
483943
224161
439986
539833
373839
258966
496531
504619
148337
457330
220210
477158
156273
563007
166425
118147
168682
386155
349608
472754
215965
436399
246020
436712
226954
514508
504388
290355
434431
448495
412973
208515
461504
480676
409780
520623
416682
484596
477469
451007
396067
258061
481439
464175
259393
496675
549719
456517
