633597
538141
665858
652441
567940
553048
674689
588560
612435
498754
593956
628785
527656
632152
534534
592244
663379
545545
624916
606792
694581
607872
559034
581015
584326
626355
586525
675679
534679
592707
563292
572926
666920
621614
605507
613934
558023
594805
588714
632422
510903
569017
541784
558509
619816
624092
569904
565347
621485
623051
569142
603174
612127
666837
655682
623864
634255
547409
551946
665745
552355
546470
661321
647014
548122
626406
628519
584313
574664
592121
539651
567495
635005
666918
602682
615379
607045
668978
613929
578202
639675
636834
663136
626121
588244
606420
624019
566334
578632
625352
629879
576254
592276
599651
616262
591127
628707
598470
665056
575011
600677
534655
584451
601872
612067
553002
597913
563226
554313
618779
528454
518897
535103
541800
590257
582175
522773
654326
616932
630547
558549
651020
612463
661023
615826
559384
599383
579373
583499
634117
566085
651232
584195
552871
594396
598183
602516
561661
586223
599426
636337
629413
616190
654862
550793
595929
634196
614980
589150
630904
599093
556331
675399
636500
621621
526366
603542
618415
634341
623364
614764
559416
641428
592969
634539
633255
610490
584327
617701
598253
487030
561779
544524
618960
606012
543801
627048
541322
590267
557105
568595
580047
576251
578122
587233
612559
590664
536694
627834
661823
569645
543881
601589
593539
623737
591435
666495
587817
598868
655631
539386
588820
645267
667958
619697
635990
486580
606951
592019
646815
591438
598206
601980
620437
676833
631974
483001
673014
556211
557531
616416
651673
580537
599917
593204
572045
506457
588608
567492
614477
570950
606087
541966
598044
590694
610510
633954
544012
546429
621460
650920
558478
610652
503885
575053
653627
629002
573382
621624
586799
576973
515211
575368
559878
557601
578407
582666
578027
579302
613489
552100
558162
611766
639386
638238
685917
589938
679045
622982
550429
587395
580416
577223
579047
626036
528655
624787
582094
648253
515874
572677
565429
580968
627827
606756
617923
559722
638519
586688
602656
605514
643267
637346
592504
623356
621444
617326
618216
559415
592690
563565
571475
569399
578159
631099
624729
665298
587641
579821
572949
604314
574920
599693
564443
632491
519593
654290
676049
577760
614533
615872
626775
707554
581117
633851
564613
575432
681716
625753
556565
725891
590918
579011
617238
622340
600947
625822
535986
612371
652906
578333
614645
550858
499719
600045
578502
565736
577154
617896
602120
617673
622298
587802
617639
588709
597563
597649
550950
552661
598548
541997
614969
597945
501747
561702
567811
563799
609605
599467
609891
608306
605221
623320
629312
539465
630268
608540
600180
664451
586481
557857
582976
582934
632029
596622
635005
627917
669626
576855
595430
629066
590815
645313
625415
503643
586435
551688
545577
589573
619454
524302
530156
561742
589163
557857
593867
667091
594473
654209
676602
585282
530732
549453
536154
598825
606511
616428
601211
531044
562260
596009
676985
611549
616442
655101
609680
521795
584565
581414
565767
539480
598419
629002
520010
609960
516135
569402
636907
589466
542217
559081
624505
662344
593143
670636
731088
635443
558264
597851
626478
706472
500370
586414
500541
617930
636625
613124
567723
572241
637176
650857
660268
608993
570258
584982
637655
537613
602706
534780
544696
599250
599021
591266
672400
644676
576673
616753
616816
575286
651042
610769
584350
552960
667450
647782
582652
537844
615798
605254
594176
563666
644204
604753
525577
602912
534411
632913
622682
631258
590375
