96	74	22
253	86	167
218	99	119
3279769	1863388	1416381
186	58	128
3310886	1873397	1437489
133	111	22
164	164	0
128	99	29
3286608	1850043	1436565
62	46	16
3295144	1857619	1437525
48	30	18
218	47	171
286	102	184
3256678	1880393	1376285
205	165	40
3356244	1874556	1481688
179	64	115
3260943	1840670	1420273
164	132	32
183	70	113
3350009	1879241	1470768
3219775	1835426	1384349
112	47	65
39	39	0
184	37	147
54	30	24
3233357	1803788	1429569
211	62	149
183	159	24
162	72	90
239	204	35
132	61	71
3289730	1830780	1458950
3308357	1846294	1462063
163	24	139
62	21	41
57	55	2
104	42	62
86	66	20
259	76	183
147	85	62
3297173	1869097	1428076
3330175	1895085	1435090
115	102	13
206	173	33
135	84	51
102	80	22
198	69	129
147	77	70
100	94	6
243	144	99
235	61	174
216	92	124
211	184	27
131	87	44
3336297	1836760	1499537
135	71	64
115	88	27
222	194	28
3283367	1852082	1431285
3315787	1836834	1478953
3262064	1834875	1427189
100	72	28
3230079	1814015	1416064
3314694	1878209	1436485
227	174	53
213	88	125
149	121	28
3263145	1846905	1416240
3260483	1834923	1425560
72	28	44
3286695	1849540	1437155
83	40	43
228	207	21
3281483	1838173	1443310
144	86	58
96	76	20
3247062	1853559	1393503
3332277	1868476	1463801
218	148	70
3251060	1833446	1417614
160	103	57
131	76	55
234	159	75
63	44	19
3283613	1860136	1423477
109	63	46
86	86	0
3290609	1869170	1421439
3320542	1859001	1461541
22	22	0
68	40	28
242	94	148
74	57	17
145	70	75
3179907	1805871	1374036
139	121	18
3252368	1831143	1421225
3235654	1836473	1399181
3340300	1914010	1426290
153	129	24
225	164	61
127	78	49
187	72	115
94	67	27
27	27	0
96	85	11
3295118	1845632	1449486
210	151	59
3320100	1854630	1465470
3248124	1812230	1435894
253	173	80
3295506	1820453	1475053
139	97	42
78	78	0
3254097	1859292	1394805
3283988	1858850	1425138
3284118	1869713	1414405
3251433	1829235	1422198
265	102	163
3289144	1860075	1429069
176	132	44
3283088	1828040	1455048
220	59	161
142	66	76
217	34	183
3260083	1869720	1390363
165	125	40
208	84	124
130	48	82
232	99	133
226	107	119
3376331	1907702	1468629
3299394	1842833	1456561
3250436	1811073	1439363
131	69	62
214	78	136
184	158	26
143	98	45
190	42	148
165	158	7
75	41	34
3289122	1840704	1448418
108	52	56
3304412	1881706	1422706
40	40	0
149	85	64
118	45	73
3310420	1865633	1444787
141	119	22
240	192	48
3279028	1866169	1412859
76	31	45
86	60	26
79	57	22
136	92	44
3255621	1843211	1412410
216	163	53
133	62	71
141	42	99
184	38	146
96	76	20
189	104	85
132	109	23
3218401	1845430	1372971
235	229	6
246	171	75
3285633	1838616	1447017
212	77	135
3272365	1850972	1421393
93	58	35
71	56	15
95	89	6
154	39	115
3301639	1857509	1444130
3302108	1855108	1447000
243	62	181
261	78	183
204	175	29
3260108	1856406	1403702
3297776	1818160	1479616
202	177	25
129	111	18
104	67	37
44	44	0
3270330	1856035	1414295
173	124	49
131	131	0
243	194	49
220	74	146
187	162	25
238	97	141
57	52	5
70	30	40
3267355	1812030	1455325
3335861	1875873	1459988
88	77	11
128	52	76
3307131	1831806	1475325
172	149	23
215	198	17
214	174	40
206	144	62
3291323	1857713	1433610
152	50	102
3245334	1836586	1408748
3237419	1799262	1438157
105	66	39
3239675	1850913	1388762
3272130	1846136	1425994
117	67	50
134	77	57
82	46	36
173	68	105
146	101	45
3384095	1883865	1500230
176	20	156
208	184	24
116	66	50
257	35	222
3269722	1855253	1414469
65	49	16
3281233	1850013	1431220
3298281	1841010	1457271
3236731	1832783	1403948
3278535	1841147	1437388
91	67	24
3266486	1860071	1406415
227	193	34
3250080	1812058	1438022
3294603	1882632	1411971
146	92	54
187	187	0
153	27	126
170	158	12
72	38	34
3313142	1861406	1451736
255	112	143
119	117	2
204	159	45
246	85	161
3333237	1867133	1466104
216	191	25
262	171	91
20	20	0
173	145	28
3335960	1863669	1472291
3350987	1866875	1484112
249	123	126
253	76	177
78	52	26
115	67	48
63	39	24
254	193	61
3275430	1867148	1408282
220	64	156
88	36	52
78	78	0
135	59	76
3251619	1846022	1405597
248	103	145
251	197	54
168	72	96
126	24	102
153	94	59
3261589	1818261	1443328
235	49	186
3314459	1839515	1474944
3304800	1856217	1448583
216	144	72
22	22	0
3219787	1820647	1399140
248	127	121
116	70	46
142	95	47
196	78	118
96	85	11
241	143	98
241	133	108
3270788	1839485	1431303
219	120	99
3313417	1898611	1414806
3317322	1873820	1443502
3279114	1880533	1398581
62	62	0
103	60	43
83	19	64
219	83	136
197	39	158
72	58	14
161	56	105
3325760	1888700	1437060
96	50	46
3266878	1839011	1427867
83	50	33
3250333	1808843	1441490
110	37	73
119	76	43
3249858	1832531	1417327
61	42	19
188	151	37
211	62	149
269	96	173
3210890	1785171	1425719
198	63	135
103	56	47
173	166	7
3265670	1833669	1432001
180	38	142
185	57	128
202	163	39
159	119	40
3277384	1879081	1398303
143	68	75
162	140	22
253	199	54
3323824	1842166	1481658
64	57	7
146	86	60
46	39	7
181	133	48
114	37	77
206	85	121
3269336	1867379	1401957
235	190	45
236	83	153
3277690	1849620	1428070
3282942	1827917	1455025
220	90	130
118	76	42
79	39	40
166	153	13
3285134	1837008	1448126
259	65	194
61	50	11
170	31	139
139	95	44
102	61	41
82	73	9
230	91	139
143	76	67
273	225	48
142	62	80
215	153	62
81	62	19
3265952	1813408	1452544
67	29	38
3337694	1860045	1477649
120	102	18
3216945	1797652	1419293
131	77	54
82	36	46
3224800	1820960	1403840
3370038	1871281	1498757
110	85	25
3343993	1867617	1476376
205	90	115
205	53	152
213	164	49
80	36	44
3323862	1860982	1462880
3260343	1818775	1441568
233	98	135
135	106	29
214	171	43
22	20	2
161	143	18
261	117	144
3243830	1857365	1386465
98	87	11
107	94	13
62	37	25
168	43	125
167	126	41
176	167	9
255	216	39
103	67	36
238	122	116
131	115	16
241	104	137
97	53	44
128	69	59
3297233	1869663	1427570
3297434	1842808	1454626
3335247	1858632	1476615
129	117	12
141	85	56
267	118	149
3332450	1876484	1455966
3254053	1829574	1424479
33	20	13
131	44	87
3224049	1795791	1428258
3319096	1829058	1490038
198	39	159
3236696	1855925	1380771
3299417	1844360	1455057
3324885	1884801	1440084
147	72	75
3279457	1875708	1403749
166	93	73
27	20	7
200	81	119
206	65	141
154	65	89
162	73	89
233	193	40
183	158	25
60	58	2
3308465	1842864	1465601
3248366	1824229	1424137
147	147	0
145	20	125
153	127	26
228	131	97
238	155	83
246	115	131
216	140	76
257	130	127
211	188	23
3263753	1889173	1374580
238	86	152
136	73	63
196	143	53
129	22	107
156	139	17
121	61	60
196	141	55
111	95	16
252	188	64
207	155	52
40	20	20
158	138	20
116	61	55
52	34	18
46	46	0
3311483	1880412	1431071
170	52	118
3266205	1854291	1411914
129	54	75
93	33	60
3257131	1810627	1446504
42	20	22
133	85	48
129	91	38
3197363	1797840	1399523
155	94	61
260	152	108
158	104	54
52	24	28
163	110	53
183	86	97
33	28	5
3277260	1816736	1460524
197	61	136
106	82	24
195	21	174
180	50	130
3272065	1840950	1431115
3302617	1836804	1465813
3316248	1854525	1461723
263	179	84
32	20	12
3212031	1823811	1388220
172	37	135
223	62	161
234	84	150
93	91	2
3219822	1827392	1392430
3274869	1843507	1431362
3259925	1855921	1404004
254	68	186
261	86	175
213	164	49
246	87	159
255	107	148
157	119	38
119	42	77
197	92	105
218	154	64
3324133	1861800	1462333
210	155	55
133	104	29
3295326	1861347	1433979
276	189	87
3192036	1790507	1401529
199	174	25
3293410	1848103	1445307
248	82	166
172	91	81
3274280	1842384	1431896
236	38	198
62	28	34
161	141	20
248	179	69
127	41	86
3327845	1888807	1439038
3289328	1857321	1432007
