2543455
2427294
2498973
2515222
2450936
2454821
2495780
2545680
2442617
2484134
2558205
2472438
2406101
2552051
2453027
2467564
2508410
2523130
2516973
2490268
2465628
2405434
2566786
2428639
2501374
2570663
2544009
2475515
2430742
2566048
2535247
2443593
2461707
2621276
2473095
2518431
2463468
2489206
2489522
2502122
2445664
2468898
2518271
2448830
2540181
2474498
2484450
2499567
2551636
2474768
2452947
2520180
2536112
2534215
2502575
2579508
2452511
2535926
2487294
2540693
2483571
2417774
2520969
2478304
2504304
2510302
2534549
2450498
2446838
2509307
2501510
2488901
2449211
2516391
2520567
2505450
2489087
2456956
2549894
2420880
2577306
2539087
2435763
2482032
2444836
2526843
2516441
2476581
2472169
2547681
2560903
2493769
2540902
2570525
2483098
2472930
2518338
2429088
2512492
2456901
2452369
2608636
2516589
2580153
2549506
2440105
2601869
2536721
2482292
2575843
2516452
2503053
2462207
2507680
2483376
2524498
2548400
2411241
2574427
2521034
2487339
2543599
2517204
2515392
2502385
2536347
2517196
2481131
2607523
2527109
2568869
2451549
2501675
2395593
2607220
2512803
2501692
2455774
2478834
2475615
2460111
2441267
2537881
2541114
2449466
2482817
2574093
2563537
2535379
2481115
2511018
2494127
2529611
2521061
2448638
2546950
2507872
2573127
2455907
2497021
2392577
2496454
2441322
2465437
2517521
2541313
2474990
2497670
2530674
2492003
2562816
2488905
2414664
2413411
2473237
2436158
2416449
2447819
2498980
2523399
2422212
2483035
2465164
2523531
2572894
2444672
2422514
2479655
2521399
2548348
2575990
2530390
2529092
2513637
2473477
2489084
2445841
2561827
2505013
2526028
2434776
2497379
2511541
2502361
2403795
2572515
2515107
2540411
2412978
2451824
2470759
2462863
2499186
2526724
2434253
2455967
2527007
2484883
2500193
2480964
2511116
2532743
2442773
2512496
2554709
2500521
2535786
2535298
2504658
2553083
2530459
2457808
2537317
2481512
2552153
2586809
2518402
2541508
2562049
2494442
2442936
2469071
2535939
2585430
2526701
2599567
2511170
2530756
2551308
2497338
2445901
2497878
2477904
2499866
2519994
2483906
2419891
2492390
2504054
2523011
2555871
2526034
2532216
2431032
2535295
2561134
2429901
2455791
2411735
2565863
2522838
2470016
2532505
2524456
2460440
2413675
2505709
2509852
2487236
2561839
2383345
2500226
2449288
2526494
2532725
2523950
2483885
2504733
2475058
2507360
2503417
2598372
2529807
2518399
2485264
2526148
2446324
2500288
2473697
2526868
2524233
2465077
2427530
2499328
2424692
2456067
2519942
2498356
2493023
2512623
2437668
2450793
2457867
2487692
2489627
2426065
2459637
2478341
2505198
2550792
2513628
2545030
2516355
2447373
2493123
2460165
2497729
2541589
2520171
2568905
2555841
2526290
2546376
2535752
2424778
2438679
2471597
2525189
2512837
2476263
2506047
2553636
2496561
2410938
2464324
2454021
2524991
2556969
2546072
2581680
2462605
2503451
2506573
2479318
2433933
2565673
2582132
2491512
2440752
2475882
2435998
2545377
2464651
2459327
2566462
2436629
2590380
2571514
2549881
2440491
2611572
2425845
2536496
2579639
2483580
2513374
2483505
2493081
2489660
2453440
2490972
2495866
2481607
2512089
2488398
2571663
2547191
2531377
2507460
2546843
2586973
2529616
2524516
2433419
2415919
2465224
2467993
2456241
2417264
2495126
2461425
2521409
2384913
2459569
2533331
2536479
2512543
2474406
2519245
2464479
2564121
2526290
2491583
2456839
2459862
2494983
2477200
2475393
2523862
2448306
2483790
2490708
2532285
2453908
2516306
2586083
2496685
2455657
2480161
2418112
2434569
2533273
2443417
2431856
2527833
2485359
2483213
2411646
2518364
2490822
2524649
2528650
2500734
2505875
2507410
2447290
2479348
2455055
2544719
2560580
2527240
2468866
2529328
2380408
2524475
2506960
2522882
2519411
2502260
2513833
2483049
2432458
2481104
2524098
2428743
2539533
2495391
2523570
2596263
2466587
2520696
2460081
2548771
2519455
2463321
2531035
2507258
2538551
2538088
2478643
2491366
2460925
2543868
2439517
2584144
2551875
2534271
2462461
2507614
2462946
2398947
2529878
2468610
2433683
2419349
2481344
2481310
2384361
2555876
2509836
