7204181
7212550
7204494
7204119
7220703
7201072
7242256
7197256
7191354
7214326
7223815
7189014
7213940
7210448
7215680
7197067
7196164
7200271
7184715
7212781
7205271
7212282
7208253
7198541
7200595
7210965
7183205
7203568
7177333
7206337
7202071
7204179
7191149
7195509
7202140
7192829
7207377
7201074
7218896
7212856
7179726
7208878
7199930
7188931
7200608
7202279
7203463
7226415
7197123
7223327
7217976
7220110
7231217
7189717
7216177
7188398
7210620
7181799
7187140
7222874
7201756
7189798
7179132
7220150
7206430
7207270
7213464
7193001
7224621
7229631
7206474
7229993
7181296
7202313
7204154
7219917
7219821
7208728
7187720
7221219
7204945
7206774
7201589
7228090
7206161
7206829
7215100
7188029
7203396
7226007
7196841
7221632
7205564
7208487
7188821
7225574
7209892
7212053
7178285
7188150
7216985
7229358
7171829
7208061
7204708
7220210
7207155
7183715
7175739
7190431
7248351
7208511
7186264
7194687
7189247
7208853
7208688
7198273
7205750
7182959
7217187
7179012
7214816
7208925
7211419
7221394
7210676
7185910
7218286
7214631
7185320
7195017
7191915
7208974
7195479
7167625
7206654
7201653
7216229
7210529
7170813
7214814
7183392
7213620
7196918
7213947
7220266
7199735
7190086
7203920
7186939
7209350
7192352
7196286
7220260
7180040
7208708
7197187
7210753
7211005
7194428
7190311
7211137
7222536
7199198
7198006
7205238
7218477
7200080
7209483
7205528
7221577
7188977
7200799
7201247
7194419
7214458
7180509
7206293
7195228
7180347
7195475
7216926
7208243
7180286
7183677
7187212
7207419
7205316
7177899
7181445
7183199
7191679
7216016
7209392
7203736
7207721
7177377
7217682
7196684
7205630
7209386
7217398
7191109
7217895
7206591
7207837
7185735
7207889
7204839
7222669
7193060
7191168
7212626
7197382
7190656
7176620
7205834
7197671
7196072
7226261
7199946
7228295
7202246
7238931
7222042
7222750
7227528
7214488
7211595
7220456
7217726
7218939
7203613
7179989
7187261
7200111
7202017
7207028
7218505
7195620
7199354
7223983
7183936
7207784
7222492
7215193
7189101
7192104
7210587
7180933
7204642
7203381
7210427
7190132
7201320
7160085
7212840
7209959
7199659
7216063
7202269
7221267
7173247
7197926
7200901
7213966
7193348
7213956
7203592
7208382
7169829
7192544
7226005
7220055
7206730
7194655
7218031
7215029
7250739
7207589
7199528
7184243
7223248
7193339
7211196
7196276
7200686
7203372
7206015
7220537
7207236
7197353
7204733
7192205
7199162
7204204
7208818
7192855
7189049
7176507
7212401
7189907
7208970
7195559
7214843
7210646
7212813
7200103
7202670
7195184
7217986
7217305
7210797
7209742
7183723
7211941
7207694
7214128
7204198
7214551
7209298
7205767
7188038
7214726
7207114
7218117
7196114
7219243
7193894
7218608
7210384
7217530
7196217
7208378
7180821
7218423
7222749
7200743
7211920
7218863
7193047
7217873
7199195
7203683
7210589
7215464
7212464
7159200
7207972
7187883
7184748
7197617
7209627
7211002
7215479
7204905
7219533
7194895
7201139
7199087
7200808
7216794
7204971
7203940
7196477
7198922
7196177
7207938
7205587
7208912
7191579
7205058
7197231
7204245
7186310
7215946
7223885
7211527
7197983
7198792
7201977
7212903
7203849
7176964
7208638
7192288
7201875
7221895
7201570
7220989
7196373
7211719
7221055
7215974
7197887
7189910
7222822
7186160
7211144
7207238
7209970
7213215
7214190
7196170
7206526
7205787
7227983
7204438
7208760
7212300
7212675
7210819
7225178
7209306
7218652
7188491
7212961
7207229
7209390
7196532
7188396
7214148
7210829
7213871
7201559
7213460
7223300
7198944
7207478
7209860
7190826
7199041
7208457
7228420
7210528
7219780
7211987
7217857
7206352
7226122
7205909
7195909
7193421
7202673
7219703
7209929
7214648
7194433
7192349
7177810
7210603
7186626
7217094
7201150
7219442
7216638
7210395
7204790
7217280
7211586
7211113
7202148
7217849
7201881
7187293
7224700
7204013
7192526
7215380
7239381
7200146
7227146
7216027
7209113
7192672
7206977
7216180
7208585
7165273
7206185
7200613
7230024
7209861
7208055
7212816
7190960
7187743
7209165
7204868
7213782
7192433
7188668
7204823
7201202
7218056
7201372
7198258
7214775
7212280
