1786083
1758203
1766067
1877218
1867409
1920909
1758544
1700676
1794748
1772985
1850024
1854448
1728621
1703175
1777823
1758169
1740139
1663089
1847234
1726975
1811133
1727294
1697128
1779667
1778928
1823344
1717272
1853234
1692464
1737626
1813740
1808253
1815072
1861326
1751658
1825747
1866771
1716193
1811129
1799578
1760819
1754791
1685431
1752808
1690422
1815715
1821888
1766758
1702820
1852858
1684764
1742823
1802904
1872147
1757048
1840158
1815426
1677606
1755813
1824239
1739276
1717015
1715969
1765147
1832429
1789277
1801424
1836500
1850275
1867295
1770000
1780623
1726943
1847760
1728276
1620300
1861911
1750955
1776159
1839796
1831091
1831116
1756699
1853585
1722290
1798504
1803690
1769101
1756502
1845954
1724904
1649403
1714297
1749790
1739121
1797831
1794887
1787224
1867484
1812424
1712177
1805272
1883266
1765556
1868578
1846360
1803379
1880812
1832224
1709150
1746203
1765648
1741523
1792795
1768634
1741237
1809232
1730408
1764287
1797481
1767909
1881201
1848721
1828747
1669154
1852600
1677168
1851820
1728946
1918901
1819768
1760161
1727330
1708845
1895386
1742328
1854323
1820894
1901175
1686315
1843515
1860413
1883283
1709206
1740853
1767639
1686124
1824549
1812032
1753184
1761881
1885980
1819854
1718303
1771337
1849552
1846910
1769282
1787477
1788373
1879799
1738648
1820710
1764499
1830191
1802874
1978544
1809424
1678826
1850082
1721321
1611706
1646284
1855093
1812166
1746612
1760497
1736477
1782421
1819313
1735900
1762134
1763623
1777880
1790733
1834203
1834226
1703441
1854573
1850880
1816545
1862036
1689586
1790200
1725833
1736851
1769301
1782020
1868958
1768067
1832232
1816487
1769691
1789328
1846922
1829535
1838814
1750421
1816976
1776587
1719895
1742721
1877856
1795286
1775626
1784728
1850501
1802804
1896240
1743804
1745805
1820721
1731432
1766022
1854654
1821807
1818430
1764395
1826675
1885993
1690160
1776661
1760241
1763651
1853078
1895701
1796411
1838607
1764301
1876541
1890607
1695112
1763797
1759573
1800598
1888306
1719061
1791278
1831540
1839731
1813232
1785864
1802535
1829672
1838545
1921471
1876377
1799587
1808358
1732405
1939568
1831871
1797035
1767104
1734520
1889463
1804633
1811389
1735175
1827078
1827547
1908101
1780919
1779958
1787591
1696873
1725125
1852902
1761266
1920236
1773882
1753550
1902232
1775638
1836346
1849597
1788216
1876285
1669529
1826324
1702833
1843347
1776746
1748818
1777319
1808097
1778612
1788327
1729541
1809530
1817078
1865355
1849478
1778646
1830457
1740733
1838659
1698357
1910498
1862827
1824482
1703303
1750276
1760785
1715494
1782840
1797331
1745882
1864611
1810163
1710677
1920633
1747587
1764268
1763723
1847950
1750687
1839001
1833362
1667096
1907577
1831196
1802443
1798808
1808795
1890268
1868221
1887762
1808307
1759833
1875425
1848480
1746705
1864478
1828230
1700153
1759134
1780909
1785905
1781394
1912469
1777497
1765350
1820795
1789556
1802321
1748916
1792763
1783809
1731101
1849634
1822007
1642241
1754826
1821989
1764644
1767357
1656821
1843833
1783857
1821018
1872035
1762717
1772369
1698128
1873861
1834936
1762402
1782473
1801457
1644582
1758726
1918178
1740055
1768468
1697762
1781088
1792490
1807962
1738488
1802625
1804025
1767277
1768763
1786200
1747240
1734707
1781965
1869087
1742036
1704483
1684952
1778915
1851994
1815109
1792510
1789039
1798822
1823936
1787316
1951195
1933257
1826800
1800344
1728753
1806258
1844271
1687860
1767900
1785745
1767456
1739734
1848243
1768984
1843657
1778253
1792200
1877413
1830685
1807042
1869708
1827554
1803311
1803838
1900782
1685674
1806346
1720293
1769129
1708649
1861808
1781423
1840228
1706666
1867143
1817867
1741296
1760787
1780997
1840234
1866094
1784877
1784484
1801552
1826417
1825748
1855173
1813257
1892751
1835067
1886527
1792765
1797355
1714613
1877570
1782251
1818748
1774162
1677010
1790693
1755017
1762032
1777517
1721805
1895693
1841299
1834078
1879726
1795629
1668235
1808499
1749490
1710783
1726113
1955354
1744903
1798457
1767616
1877608
1738841
1771859
1785576
1716038
1750803
1818566
1650244
1842388
1758260
1731567
1771035
