5565234
5579751
5574447
5578325
5616856
5592509
5601196
5562064
5590153
5557453
5614317
5606407
5609118
5564746
5625756
5585844
5597620
5591063
5605128
5597606
5593766
5628134
5586605
5627931
5574131
5581811
5602229
5569652
5662068
5530439
5567283
5620039
5616446
5559303
5607546
5567256
5595141
5594491
5559050
5604130
5621523
5612931
5579097
5566532
5572983
5622773
5563673
5594252
5569580
5618942
5625150
5588169
5603973
5585986
5608474
5583555
5575351
5601762
5554028
5566704
5619083
5588412
5631433
5602232
5586663
5623844
5539203
5618966
5539595
5591082
5592386
5602366
5623684
5615228
5552175
5600915
5626504
5615722
5560200
5611872
5568292
5630552
5608913
5596786
5598791
5575301
5574670
5605485
5649502
5569993
5596947
5606585
5605127
5556532
5600158
5597731
5554441
5629673
5581242
5580372
5604264
5552583
5573799
5577258
5598855
5601395
5594745
5581856
5601799
5591416
5612318
5587230
5652414
5620556
5642411
5581084
5549323
5550486
5550150
5539202
5609174
5581717
5605332
5610469
5637532
5531489
5547340
5573471
5595892
5562275
5580963
5575526
5596343
5600468
5557434
5623694
5625101
5558990
5560995
5627703
5565814
5586349
5595095
5580905
5624046
5575328
5558492
5599206
5558144
5565442
5599678
5574311
5572632
5600753
5569217
5566677
5621228
5593792
5601098
5603175
5576623
5616018
5609546
5627477
5562100
5549507
5588654
5556629
5623578
5573053
5588595
5591311
5617654
5622546
5593495
5616088
5610450
5579345
5543377
5576909
5612680
5581144
5647387
5599078
5540905
5580722
5619824
5583438
5587584
5565227
5589123
5545958
5559751
5629996
5593394
5589299
5600067
5586797
5601622
5547962
5634254
5559969
5600644
5575935
5637825
5581116
5568786
5571034
5610059
5604975
5616335
5594095
5570970
5556526
5587609
5578497
5587363
5564247
5537260
5639042
5545682
5566144
5585330
5607588
5562425
5572722
5576800
5568678
5575280
5582239
5610966
5623389
5559422
5605218
5545402
5526387
5599409
5581481
5577385
5580990
5585895
5610635
5560726
5572411
5604926
5572327
5585927
5553989
5604216
5598785
5590579
5580785
5613055
5553222
5590691
5571908
5572410
5637166
5568773
5630447
5606373
5565214
5578974
5626511
5610475
5559057
5606084
5592337
5638965
5595355
5609943
5612385
5589317
5616344
5595324
5625019
5556709
5605873
5595524
5552372
5642950
5568179
5613791
5568940
5591443
5526917
5571305
5543499
5594834
5576517
5581509
5562101
5580058
5548689
5604394
5570150
5587317
5598543
5648718
5561269
5585134
5606518
5578724
5574885
5614337
5623913
5572010
5611501
5560906
5603464
5640496
5610863
5611790
5624014
5586913
5576199
5603485
5597025
5603548
5570474
5590363
5574393
5552638
5590256
5597983
5575084
5565132
5587714
5590600
5577556
5589070
5603902
5564489
5557835
5596339
5650398
5570957
5585236
5603139
5582810
5619302
5589809
5569043
5581609
5575303
5580767
5601491
5597653
5611431
5607222
5625988
5614876
5635901
5602139
5615884
5571196
5556750
5569230
5590735
5615987
5620206
5556256
5604126
5592855
5615721
5578425
5551662
5607343
5586375
5629393
5582181
5592977
5589017
5559203
5643966
5618496
5603273
5566227
5597706
5593319
5596034
5591968
5598747
5591766
5594702
5595853
5606992
5568776
5642033
5553620
5556069
5604092
5585709
5605214
5613755
5638854
5620354
5588398
5619076
5551301
5594038
5590570
5589509
5563710
5564744
5558099
5587128
5577389
5591481
5622302
5534080
5564357
5616962
5599964
5558728
5566442
5555548
5599253
5556819
5653441
5603582
5578182
5554570
5626921
5574639
5575395
5597439
5613723
5593136
5606145
5593711
5580577
5613602
5628758
5560538
5582369
5563613
5630527
5564286
5599327
5611394
5576035
5587305
5625293
5629105
5592232
5609552
5643431
5580813
5559697
5583294
5607541
5601507
5586033
5557218
5598025
5567834
5553414
5602423
5602419
5597564
5606611
5609480
5604092
5607968
5613918
5586983
5611394
5557060
5640387
5610015
5597063
5578263
5588097
5578559
5592572
5607351
5574572
5585936
5583213
5581214
5592839
5604085
5636550
5579451
5573478
5602730
5646653
5549884
5569506
5647455
5539527
5597803
5577990
5600968
5614545
5550220
5601448
5553663
5582667
