1763214
1866099
1917105
1828837
1842210
1794407
1761194
1813746
1737655
1939628
1850465
1873237
1696036
1921962
1826413
1690133
1826234
1876736
1755436
1775168
1778378
1910285
1874287
1757863
1849224
1858545
1921602
1762507
1849891
1738894
1746907
1759382
1856171
1899781
1924126
1930780
1670028
1785379
1755155
1784171
1694970
1747910
1864529
1911024
1629313
1835122
1784901
1661314
1849592
1950043
1941743
1720204
1872523
1872066
1765082
1890169
1941336
1934377
1829882
1908154
1843146
1876522
1775248
1853819
1912852
1849851
1989238
1867538
1851541
1892707
1855911
1840685
1848063
1801238
1727344
1896356
1917809
1775013
1794291
1883333
1877990
1761220
1780189
1919344
1823784
1870146
1785066
1936772
1756227
1745180
1830902
1825826
1716480
1741631
1756538
1851073
1746446
1906883
1925239
1922771
1779181
1731671
1812168
1800927
1825818
1793936
1861189
1745744
1912147
1849158
1698913
1751421
1917174
1877223
1780886
1847138
1746925
1892322
1918223
1738086
1868858
1895701
1729507
1895762
1709389
1751348
1964619
1795326
1748611
1855370
1951121
1835198
1856374
1822067
1832555
1814380
1739570
1954616
1901288
1745593
1912466
1809354
1919029
1809887
1854768
1824893
1798943
1745802
1967889
1597946
1864734
1904221
1896802
1830620
1784889
1786871
1758450
1825435
1889660
1903285
1873806
1763484
1785008
1828658
1859627
1962490
1910990
1845043
1886436
1885852
1935674
1798035
1665444
1738665
1880554
1746762
1874432
1827311
1746375
1908411
1794615
1723531
1753072
1768495
1899555
1761347
1807976
1798465
1892699
1878506
1952069
1847329
1872355
1625661
1792973
1898184
1932567
1880282
1860795
1969694
1819170
1828789
1771306
1883281
1865448
1990126
1868785
1903448
1699922
1801678
1896786
1950001
1941771
1800238
1765196
1825612
1760620
1905741
1873634
1741915
1730726
1921865
1887096
1785760
1773120
1702439
1715519
1852961
1681083
1882361
1807990
1873973
1966742
1798858
1708128
1713139
1782356
1754191
1745885
1754821
1766708
1911228
1749318
1897919
1873863
1870490
1665228
1752790
1921207
1816803
1854934
1932771
1744106
1714106
1691846
1875891
1720510
1803232
1754336
1669496
2030500
1814373
1797398
1737214
1969638
1791924
1791587
1748982
1745880
1781479
1787840
1888395
1757791
1833724
1816974
1934657
1844768
1815100
1828637
1881139
1786773
1891020
1853761
1770553
1807813
1931154
1776930
1789500
1833414
1708980
1907778
1803126
1728289
1908188
1876776
1716134
1811964
1819890
1909665
1794803
1886424
1771181
1814921
1927885
1792738
1696021
1905941
1806543
1909009
1704657
1873026
1714165
1713045
1669017
1767911
1718248
1792471
1825274
1775172
1864941
1892363
1854486
1779828
1955235
1835863
1941838
1911974
1852080
1837866
1856533
1832388
1849288
1881753
1840564
1717539
1838192
1921936
1778252
1831868
1802183
1861262
1782930
1918917
1811935
1865913
1679769
1892630
1766104
1771216
1824388
1903760
1899152
1907075
1895026
1878199
1872714
1766189
1763856
1927040
1747656
1752240
1833028
1842235
1781034
1813773
1704827
1839845
1751691
1902289
1812436
1797648
1970265
1844417
1879250
1679006
1720276
1748203
1802977
1859828
1689488
1946700
1707850
1838048
1881717
1775284
1907452
1793697
1880854
1909533
1808782
1868615
1912429
1701891
1888343
1693054
1844159
1921985
1723846
1671277
1796656
1825486
1897269
1781508
1676983
1827674
1863721
1841592
1830418
1867010
1797240
1826699
1773266
1759699
1707861
1748567
1880767
1807516
1925077
1878394
1805425
1900728
1879719
1843231
1868933
1877467
1785836
1745018
1883607
1684800
1708350
1876003
2023018
1764280
1772639
1840677
1679892
1755110
1737788
1789661
1539567
1684742
1839595
1824700
1867519
1788352
1897293
1846020
1731806
1962506
1876003
1854482
1793989
1784026
1735230
1905153
1808827
1805526
1820728
1931705
1866073
1639462
1802479
1759207
1865099
1704871
1947751
1830133
1701272
1715976
1762463
1894538
1784350
1726151
1788693
1827430
1758200
1791745
1925181
1845657
1776729
1835278
1831507
1777259
1773583
1929654
1861170
1796000
1839160
1881855
1923073
1797801
1918503
1875836
1763562
1961813
1808178
1765602
1877096
1920585
1823551
