2628753
2567932
2586190
2603733
2568506
2652957
2624562
2628292
2543442
2626804
2638640
2581548
2588019
2579915
2661446
2582177
2544906
2573179
2535800
2585181
2586752
2648318
2590404
2542644
2621179
2553154
2617768
2626274
2627315
2612018
2633239
2643248
2595752
2564496
2615673
2615202
2551974
2683391
2521676
2659795
2544663
2599321
2586274
2689911
2663538
2595942
2579232
2516473
2652630
2588124
2614836
2574849
2624013
2648539
2626527
2581456
2587791
2658486
2667796
2645244
2609118
2583890
2678038
2569568
2635367
2541430
2618401
2642278
2532379
2580536
2587435
2605039
2612212
2570248
2534766
2600565
2576834
2640127
2573450
2618910
2637210
2644685
2653191
2590554
2620791
2600838
2630498
2546851
2568381
2629034
2510753
2492318
2575769
2585613
2614623
2560441
2540615
2649291
2564158
2624119
2576653
2520101
2532529
2651011
2541842
2542025
2530759
2635144
2521444
2625344
2584607
2615643
2642787
2645950
2526084
2604808
2639471
2645595
2542437
2557270
2572060
2664046
2595525
2570706
2564965
2532334
2631890
2542596
2546207
2598967
2608182
2589871
2634446
2652085
2529344
2605096
2612648
2566897
2578714
2616977
2582916
2568721
2522343
2641155
2662807
2645060
2643180
2547658
2602582
2610351
2628829
2582718
2637226
2577920
2638811
2536493
2564048
2604148
2570454
2578238
2560475
2562925
2607957
2609753
2602293
2586877
2526232
2554123
2560114
2572130
2571603
2591960
2562609
2649077
2600557
2549086
2600962
2584038
2625853
2593597
2612318
2620036
2542323
2614169
2612740
2533457
2523516
2633613
2625143
2531436
2622490
2584800
2634855
2605005
2523869
2575577
2613434
2585209
2551467
2618569
2523005
2564006
2559333
2599766
2542802
2649690
2650115
2529881
2639948
2600849
2583301
2598324
2638687
2558414
2529381
2611941
2626972
2602215
2462454
2611295
2521193
2565172
2587931
2648458
2557385
2586875
2610688
2567162
2601864
2643223
2577463
2637462
2623245
2655302
2585111
2607714
2517082
2478013
2525917
2604002
2506584
2633668
2548984
2512007
2644526
2561253
2551844
2539504
2618900
2509731
2637010
2636414
2598043
2617252
2514950
2590221
2603372
2609816
2557924
2570514
2491758
2628948
2562747
2579639
2642704
2531169
2608236
2598832
2608720
2502610
2557225
2569930
2520832
2575640
2555089
2603791
2629847
2576514
2580980
2505075
2637135
2614679
2534646
2556277
2563808
2513466
2553626
2594244
2595766
2497466
2655125
2611515
2576677
2636786
2611810
2627182
2524022
2643446
2627379
2613919
2605797
2516570
2569756
2600182
2613812
2578750
2581924
2601233
2495796
2531489
2571265
2591451
2571326
2663705
2595826
2586055
2543780
2608557
2619200
2561089
2583834
2556282
2575923
2610559
2639294
2638601
2660325
2568874
2591348
2521011
2545117
2651981
2587722
2597372
2525864
2565938
2594984
2548137
2591800
2620200
2615421
2519853
2533339
2582315
2615400
2613155
2593783
2644775
2624286
2568901
2564789
2631296
2554575
2627506
2585316
2617445
2508074
2612218
2557999
2518473
2632992
2578675
2580159
2616029
2594801
2651102
2619702
2566787
2586211
2625568
2584256
2569369
2581235
2663481
2586824
2588456
2610938
2574946
2627365
2564500
2612352
2533490
2580261
2672339
2603117
2600217
2629621
2611704
2610130
2653957
2615766
2621453
2595032
2604078
2644006
2576353
2586354
2586428
2638291
2544745
2663779
2627586
2631976
2643095
2560203
2654619
2667324
2601311
2576633
2602594
2551044
2481324
2586071
2524455
2553694
2603618
2521640
2608083
2627444
2624820
2563218
2579011
2669220
2616132
2648233
2595799
2601513
2633169
2621432
2545470
2589407
2605633
2517012
2576271
2622543
2567229
2659001
2573395
2590629
2615829
2600460
2651684
2547847
2602293
2503946
2590848
2610149
2625204
2564069
2588448
2611885
2522079
2639124
2538615
2600217
2609155
2618226
2572378
2623879
2622731
2518532
2610350
2502212
2586569
2534638
2590310
2489102
2619878
2550972
2632703
2560075
2625625
2537029
2651591
2532233
2591066
2556431
2603490
2633752
2620996
2489599
2655231
2588281
2589552
2549419
2634480
2623221
2577738
2621503
2600002
2615084
2602302
2673297
2643546
2568439
2696708
2605704
2551445
2596829
2574429
