7472751	7472751	0
7472979	7472979	0
7472475	7472475	0
7471541	7471541	0
7472985	7472985	0
7473117	7473117	0
7472118	7472118	0
7472743	7472743	0
7472614	7472614	0
7472514	7472514	0
7472904	7472904	0
7472912	7472912	0
7472521	7472521	0
7473171	7473171	0
7472559	7472559	0
7472987	7472987	0
7472979	7472979	0
7472760	7472760	0
7471604	7471604	0
7472899	7472899	0
7472391	7472391	0
7471958	7471958	0
7471574	7471574	0
7472489	7472489	0
7471689	7471689	0
7471875	7471875	0
7472898	7472898	0
7471998	7471998	0
7472828	7472828	0
7472971	7472971	0
7473035	7473035	0
7472684	7472684	0
7473022	7473022	0
7471780	7471780	0
7471597	7471597	0
7472678	7472678	0
7471334	7471334	0
7472833	7472833	0
7471804	7471804	0
7471887	7471887	0
7472889	7472889	0
7471525	7471525	0
7472747	7472747	0
7471468	7471468	0
7472684	7472684	0
7472851	7472851	0
7472863	7472863	0
7473095	7473095	0
7472753	7472753	0
7471249	7471249	0
7472640	7472640	0
7471915	7471915	0
7472708	7472708	0
7471602	7471602	0
7473139	7473139	0
7472927	7472927	0
7472377	7472377	0
7472646	7472646	0
7472706	7472706	0
7472786	7472786	0
7471705	7471705	0
7472423	7472423	0
7472628	7472628	0
7472662	7472662	0
7472941	7472941	0
7472759	7472759	0
7472523	7472523	0
7472579	7472579	0
7473050	7473050	0
7472632	7472632	0
7472943	7472943	0
7472553	7472553	0
7471624	7471624	0
7471689	7471689	0
7472862	7472862	0
7472847	7472847	0
7473025	7473025	0
7472888	7472888	0
7471591	7471591	0
7472304	7472304	0
7471621	7471621	0
7472950	7472950	0
7471872	7471872	0
7472903	7472903	0
7472919	7472919	0
7472803	7472803	0
7472945	7472945	0
7472058	7472058	0
7471770	7471770	0
7472766	7472766	0
7472528	7472528	0
7471610	7471610	0
7472567	7472567	0
7472906	7472906	0
7471324	7471324	0
7471635	7471635	0
7471887	7471887	0
7472807	7472807	0
7471693	7471693	0
7472507	7472507	0
7472982	7472982	0
7472261	7472261	0
7473045	7473045	0
7473107	7473107	0
7472643	7472643	0
7472555	7472555	0
7472382	7472382	0
7471608	7471608	0
7472494	7472494	0
7471410	7471410	0
7472855	7472855	0
7472861	7472861	0
7472488	7472488	0
7471924	7471924	0
7471936	7471936	0
7472975	7472975	0
7472819	7472819	0
7472902	7472902	0
7472802	7472802	0
7472699	7472699	0
7472290	7472290	0
7472568	7472568	0
7472967	7472967	0
7472714	7472714	0
7472877	7472877	0
7472667	7472667	0
7472040	7472040	0
7473229	7473229	0
7472771	7472771	0
7471100	7471100	0
7471201	7471201	0
7472780	7472780	0
7472872	7472872	0
7472815	7472815	0
7472796	7472796	0
7473090	7473090	0
7472925	7472925	0
7472359	7472359	0
7473070	7473070	0
7471772	7471772	0
7472414	7472414	0
7472727	7472727	0
7472578	7472578	0
7472769	7472769	0
7471675	7471675	0
7472925	7472925	0
7471653	7471653	0
7472555	7472555	0
7472961	7472961	0
7473031	7473031	0
7472687	7472687	0
7471776	7471776	0
7472577	7472577	0
7471724	7471724	0
7472954	7472954	0
7472940	7472940	0
7472122	7472122	0
7472484	7472484	0
7471745	7471745	0
7472897	7472897	0
7471640	7471640	0
7472677	7472677	0
7471668	7471668	0
7472997	7472997	0
7472790	7472790	0
7471406	7471406	0
7472500	7472500	0
7472538	7472538	0
7472620	7472620	0
7472716	7472716	0
7471300	7471300	0
7472133	7472133	0
7472158	7472158	0
7472954	7472954	0
7471522	7471522	0
7471740	7471740	0
7472363	7472363	0
7472773	7472773	0
7472045	7472045	0
7472679	7472679	0
7472391	7472391	0
7472902	7472902	0
7472934	7472934	0
7472874	7472874	0
7471996	7471996	0
7472581	7472581	0
7473090	7473090	0
7472832	7472832	0
7472953	7472953	0
7471616	7471616	0
7472894	7472894	0
7473058	7473058	0
7472712	7472712	0
7472850	7472850	0
7471706	7471706	0
7472517	7472517	0
7471936	7471936	0
7471568	7471568	0
7472730	7472730	0
7472498	7472498	0
7472931	7472931	0
7472564	7472564	0
7472979	7472979	0
7472730	7472730	0
7472924	7472924	0
7472842	7472842	0
7471494	7471494	0
7472935	7472935	0
7472479	7472479	0
7471605	7471605	0
7472376	7472376	0
7472755	7472755	0
7471873	7471873	0
7471703	7471703	0
7472706	7472706	0
7473033	7473033	0
7472120	7472120	0
7472724	7472724	0
7472753	7472753	0
7473000	7473000	0
7472896	7472896	0
7472458	7472458	0
7472864	7472864	0
7472684	7472684	0
7472674	7472674	0
7472947	7472947	0
7471643	7471643	0
7472813	7472813	0
7471683	7471683	0
7472750	7472750	0
7472611	7472611	0
7472797	7472797	0
7471748	7471748	0
7472896	7472896	0
7472577	7472577	0
7472557	7472557	0
7473028	7473028	0
7472901	7472901	0
7473277	7473277	0
7472858	7472858	0
7471330	7471330	0
7472289	7472289	0
7472256	7472256	0
7472840	7472840	0
7473290	7473290	0
7472496	7472496	0
7472189	7472189	0
7471366	7471366	0
7472870	7472870	0
7472518	7472518	0
7471417	7471417	0
7472989	7472989	0
7472855	7472855	0
7471914	7471914	0
7472962	7472962	0
7472770	7472770	0
7471902	7471902	0
7472658	7472658	0
7472991	7472991	0
7472885	7472885	0
7472188	7472188	0
7473230	7473230	0
7471893	7471893	0
7471657	7471657	0
7471596	7471596	0
7471715	7471715	0
7471696	7471696	0
7472771	7472771	0
7472733	7472733	0
7472271	7472271	0
7472857	7472857	0
7472914	7472914	0
7471119	7471119	0
7472696	7472696	0
7472871	7472871	0
7472603	7472603	0
7472470	7472470	0
7471840	7471840	0
7473141	7473141	0
7472930	7472930	0
7472593	7472593	0
7471770	7471770	0
7473012	7473012	0
7471361	7471361	0
7472697	7472697	0
7472436	7472436	0
7471978	7471978	0
7472720	7472720	0
7471956	7471956	0
7472552	7472552	0
7472803	7472803	0
7473125	7473125	0
7471000	7471000	0
7472302	7472302	0
7472694	7472694	0
7471891	7471891	0
7471797	7471797	0
7472501	7472501	0
7471604	7471604	0
7472897	7472897	0
7472967	7472967	0
7472832	7472832	0
7472087	7472087	0
7472712	7472712	0
7472864	7472864	0
7472932	7472932	0
7472880	7472880	0
7472399	7472399	0
7471727	7471727	0
7472795	7472795	0
7471931	7471931	0
7473008	7473008	0
7472653	7472653	0
7472633	7472633	0
7472989	7472989	0
7473164	7473164	0
7473180	7473180	0
7471511	7471511	0
7472952	7472952	0
7472496	7472496	0
7473008	7473008	0
7471919	7471919	0
7471755	7471755	0
7473155	7473155	0
7472873	7472873	0
7472761	7472761	0
7471166	7471166	0
7472985	7472985	0
7472453	7472453	0
7471356	7471356	0
7472520	7472520	0
7472624	7472624	0
7472948	7472948	0
7473139	7473139	0
7472776	7472776	0
7471968	7471968	0
7471479	7471479	0
7472579	7472579	0
7472950	7472950	0
7472014	7472014	0
7472593	7472593	0
7471119	7471119	0
7472417	7472417	0
7471631	7471631	0
7471674	7471674	0
7472928	7472928	0
7467943	7467943	0
7471638	7471638	0
7471858	7471858	0
7472634	7472634	0
7472881	7472881	0
7471502	7471502	0
7471559	7471559	0
7472773	7472773	0
7471721	7471721	0
7471947	7471947	0
7472834	7472834	0
7472598	7472598	0
7473123	7473123	0
7472212	7472212	0
7472707	7472707	0
7473004	7473004	0
7472981	7472981	0
7472806	7472806	0
7472728	7472728	0
7473005	7473005	0
7473092	7473092	0
7472761	7472761	0
7472711	7472711	0
7471308	7471308	0
7472413	7472413	0
7472769	7472769	0
7473152	7473152	0
7472257	7472257	0
7471800	7471800	0
7472681	7472681	0
7473120	7473120	0
7471522	7471522	0
7472872	7472872	0
7472680	7472680	0
7472686	7472686	0
7472356	7472356	0
7471837	7471837	0
7472775	7472775	0
7472619	7472619	0
7472493	7472493	0
7472260	7472260	0
7472553	7472553	0
7472169	7472169	0
7472674	7472674	0
7472711	7472711	0
7473374	7473374	0
7472505	7472505	0
7472083	7472083	0
7472984	7472984	0
7471775	7471775	0
7472860	7472860	0
7472947	7472947	0
7471496	7471496	0
7472832	7472832	0
7472478	7472478	0
7472850	7472850	0
7472712	7472712	0
7472475	7472475	0
7472804	7472804	0
7471822	7471822	0
7472907	7472907	0
7472664	7472664	0
7471913	7471913	0
7472810	7472810	0
7473059	7473059	0
7471385	7471385	0
7473155	7473155	0
7471656	7471656	0
7472232	7472232	0
7472957	7472957	0
7472649	7472649	0
7472547	7472547	0
7472606	7472606	0
7471478	7471478	0
7472216	7472216	0
7472699	7472699	0
7472670	7472670	0
7471757	7471757	0
7471497	7471497	0
7472735	7472735	0
7472861	7472861	0
7472714	7472714	0
7472146	7472146	0
7472994	7472994	0
7472799	7472799	0
7472437	7472437	0
7471634	7471634	0
7472211	7472211	0
7472837	7472837	0
7472887	7472887	0
7472816	7472816	0
7472646	7472646	0
7471701	7471701	0
7472882	7472882	0
7472895	7472895	0
7471989	7471989	0
7472329	7472329	0
7472608	7472608	0
7472773	7472773	0
7471455	7471455	0
7472005	7472005	0
7470603	7470603	0
7471556	7471556	0
7472986	7472986	0
7471958	7471958	0
7472614	7472614	0
7471659	7471659	0
7472779	7472779	0
7471574	7471574	0
7472306	7472306	0
7472397	7472397	0
7472544	7472544	0
7471612	7471612	0
7473056	7473056	0
7473157	7473157	0
7472924	7472924	0
7472161	7472161	0
7473027	7473027	0
7472987	7472987	0
7472738	7472738	0
7471479	7471479	0
7473029	7473029	0
7471617	7471617	0
7472818	7472818	0
7471714	7471714	0
7472639	7472639	0
7472795	7472795	0
7472733	7472733	0
7471945	7471945	0
7473146	7473146	0
7472546	7472546	0
7472525	7472525	0
7472682	7472682	0
7472589	7472589	0
7472007	7472007	0
7472579	7472579	0
7472938	7472938	0
7473020	7473020	0
7471100	7471100	0
7472616	7472616	0
7471438	7471438	0
7471931	7471931	0
7472806	7472806	0
7472778	7472778	0
7472735	7472735	0
7472889	7472889	0
7472682	7472682	0
7473119	7473119	0
7471891	7471891	0
7471473	7471473	0
7472325	7472325	0
7472735	7472735	0
7472841	7472841	0
7472669	7472669	0
