3437312
3446092
3455543
2155459
3462805
3457347
3440498
3392063
3515375
3462751
2232424
3440174
3497212
3402893
3438560
3495339
3470897
3475250
2181600
3434593
2094717
3371058
2250288
2209993
3453533
2180735
3466493
3418409
3456888
3462448
3515810
3482757
3522121
3464019
3423249
3440664
3422405
3396655
2213246
2239263
3461003
2235961
3415588
3486939
3481896
2416164
3448943
2273684
3465359
3457780
3471147
3453921
3427129
3419983
3411267
3433014
2124782
3432042
3472404
3427607
3432245
2121818
3433884
3470421
3450207
3480107
3511579
3459866
3501321
3410139
3452125
3475051
3459636
3488991
3476692
3406398
3435798
3388566
3400617
3413059
3468586
3438930
3466643
3438290
3426463
3387305
2160164
3434135
3442770
3459249
3449824
3493770
3413328
3423996
3513233
3442452
2259910
3504172
2075139
2174438
3460520
3438927
2279237
3460053
2269013
3409229
2260536
3459461
2228036
3491302
3411246
3444589
3496903
3467564
3408302
2131127
3424710
3469860
3467432
3447029
3476540
3502929
3415718
3465568
3500306
3452022
2298782
3452852
3494252
3464915
3394910
3410833
3485265
3451782
3466252
3427313
3423891
3424013
2182153
3390390
3438297
2303722
2153902
3435708
3462518
3450897
2254758
3412715
3423726
3501761
3456202
3462453
3440143
3454349
3462730
3506611
3461332
3373286
3477433
3480714
2157987
3428729
3448587
2222250
3456228
3469251
3438751
2278955
2179752
1964925
3531927
3439865
3485923
2235129
2269285
3440537
3415159
3410525
3474609
3362089
3401765
3453838
2069989
2272486
3486443
3496446
3425152
3526140
2213736
3454113
2136297
3418252
3483323
2235560
2264959
3450759
3403957
3474235
3468225
2222150
3449780
3465620
3412046
3468818
3466239
3433598
3481745
2317682
3502951
3487435
3403209
2181324
3442929
2254869
3428415
3483904
2209692
2267471
3440636
3437247
3438182
2208292
3468655
3436298
3415490
3416301
3415465
3483988
3489218
3463296
3457180
3482840
3465549
3411297
2107507
3483459
3473439
3464222
3411599
3430046
3429823
3444672
3489219
3416656
3447991
2271848
3464771
3453465
2040173
3399540
2200830
2198981
3469675
3423339
2183185
2058238
2206274
3442365
3446510
3429791
3456119
2308103
3458356
3422682
3482173
3438207
1898009
2131167
2258983
3450184
2208485
3470588
2202862
3417452
3449214
3453293
3453820
2243528
3480416
3475097
3424429
3433187
3443979
3408197
3449888
3466320
3440396
3440636
2040200
3478144
2216357
3424963
3495522
3428646
3482096
3427140
3460986
2200930
3468509
3387503
3424677
2318233
3460193
3406287
3473409
3404685
3422709
3469922
3477235
3436927
3455484
3457274
2280543
3456398
3429722
2251914
3445512
2151610
2272673
3462711
3470644
3423940
3447214
3467566
3436385
2214788
2309788
2318187
3392767
2285337
2256786
2154977
2334593
3414152
2127927
3470277
3424606
3437228
3439170
3425623
3420059
3416040
2225170
3476982
3460101
3449564
2344397
3414478
3436737
3446263
3408646
3438964
3407614
3488840
3478556
3438603
2245159
3466129
3491205
3432933
3461346
3479254
3449319
1890045
3394539
3511092
3402259
3361383
3499048
3441456
3472222
2287174
3454063
3495754
3484342
3448428
3438058
3433547
2213252
3432250
2242073
3453418
3382062
3467444
3388130
3419091
3426986
3503838
3416657
3464954
3429840
2302096
3471428
3462773
2191408
3432355
3449879
3446944
2252525
3485742
2243951
3471403
3479256
3421332
3378567
2328723
3418293
3434306
3482141
3419653
3447967
3413491
3487346
3487063
3465336
2247258
3434538
3406165
3391841
3474888
3418797
3440444
3491889
2222593
3490004
2185608
3479807
3494489
3390989
2127037
3518278
2185799
3483488
3493541
3441331
3474750
3426534
3438306
3452954
3449469
3491055
3442101
2207272
3469986
3407410
3334618
3433668
2225913
3465167
3447511
3453719
3457220
3454956
3434228
2371112
3448844
3447255
3494407
3447500
2275558
3455745
3478005
2096107
3420799
2277428
3446785
2185372
1962238
3411925
3489542
3431371
3437737
3443325
3418454
3407792
3455021
3429458
3481640
3448491
2339618
3457711
3472704
3439420
2208940
3415552
2177479
3471154
2237256
3393746
2367086
3445326
2238800
3420987
2193919
2179494
3486968
2189423
2279919
2195284
3474640
