3354692	1841292	1513400
3479480	1858620	1620860
3468687	1838630	1630057
3477436	1863158	1614278
3459250	1848531	1610719
3527042	1848047	1678995
3484503	1862865	1621638
3453655	1903377	1550278
3519506	1845608	1673898
3527082	1879449	1647633
3506453	1851161	1655292
3542404	1857096	1685308
3334212	1830896	1503316
3403435	1843493	1559942
3468338	1813823	1654515
3382940	1853789	1529151
3461749	1835530	1626219
3463516	1841092	1622424
3370328	1810190	1560138
3391642	1814896	1576746
3381535	1843151	1538384
3426242	1837666	1588576
3463768	1851862	1611906
3502805	1837108	1665697
3485515	1859021	1626494
3517109	1882814	1634295
3511796	1861543	1650253
3363061	1840993	1522068
3449777	1801188	1648589
3548714	1877434	1671280
3537782	1878585	1659197
3389476	1843555	1545921
3488397	1851566	1636831
3391432	1849763	1541669
3412427	1803560	1608867
3563178	1871622	1691556
3436971	1837478	1599493
3597600	1814518	1783082
3535754	1909202	1626552
3496400	1840669	1655731
3456093	1844198	1611895
3405257	1825767	1579490
3310473	1832735	1477738
3513049	1839455	1673594
3517773	1862718	1655055
3441959	1842418	1599541
3488603	1877928	1610675
3462180	1845141	1617039
3493863	1865832	1628031
3533119	1848656	1684463
3376455	1839814	1536641
3490532	1875384	1615148
3514043	1832608	1681435
3449863	1882238	1567625
3411326	1830028	1581298
3505351	1881340	1624011
3482584	1841173	1641411
3588098	1865910	1722188
3479635	1859041	1620594
3579290	1848957	1730333
3490842	1849336	1641506
3407171	1852007	1555164
3459605	1838546	1621059
3410807	1860481	1550326
3522659	1878707	1643952
3422848	1845350	1577498
3535366	1908336	1627030
3463501	1820369	1643132
3494810	1899433	1595377
3554765	1872133	1682632
3455504	1847025	1608479
3468812	1834807	1634005
3424316	1841662	1582654
3462906	1827678	1635228
3302896	1888511	1414385
3466754	1837785	1628969
3484066	1838841	1645225
3399820	1797043	1602777
3518519	1883496	1635023
3409553	1856340	1553213
3486697	1840954	1645743
3467233	1831467	1635766
3411100	1832490	1578610
3362540	1870033	1492507
3455740	1810258	1645482
3511760	1834277	1677483
3549540	1838799	1710741
3432978	1861427	1571551
3500350	1815489	1684861
3534354	1871247	1663107
3381923	1869028	1512895
3398111	1833885	1564226
3507567	1861481	1646086
3501821	1857662	1644159
3474850	1846258	1628592
3546591	1867878	1678713
3428978	1849942	1579036
3492043	1836251	1655792
3524743	1854790	1669953
3547568	1831359	1716209
3423589	1810408	1613181
3480181	1913195	1566986
3532424	1866239	1666185
3484472	1831540	1652932
3467130	1867773	1599357
3451679	1837806	1613873
3479712	1847460	1632252
3502831	1853383	1649448
3532673	1835527	1697146
3429042	1844305	1584737
3441275	1823547	1617728
3473412	1853047	1620365
3437376	1810930	1626446
3385747	1817043	1568704
3470300	1824047	1646253
3499022	1828206	1670816
3477259	1889891	1587368
3478919	1888805	1590114
3504338	1890824	1613514
3406373	1899613	1506760
3422146	1805272	1616874
3552569	1857923	1694646
3393861	1860760	1533101
3450581	1828454	1622127
3457005	1828268	1628737
3570717	1907649	1663068
3528720	1864923	1663797
3484752	1833259	1651493
3528826	1870206	1658620
3474315	1850068	1624247
3403756	1855716	1548040
3529751	1837091	1692660
3581634	1857709	1723925
3271968	1808258	1463710
3383509	1908274	1475235
3453698	1842261	1611437
3371403	1811286	1560117
3511171	1886786	1624385
3591258	1878558	1712700
3432521	1839984	1592537
3502077	1875821	1626256
3531679	1830482	1701197
3514006	1842422	1671584
3396879	1825894	1570985
3458805	1841357	1617448
3545849	1864962	1680887
3471439	1853923	1617516
3398650	1839029	1559621
3429419	1850133	1579286
3402106	1876312	1525794
3481834	1837478	1644356
3521539	1864944	1656595
3482565	1844740	1637825
3449469	1838408	1611061
3421180	1846320	1574860
3488792	1873454	1615338
3373591	1843508	1530083
3500626	1872863	1627763
3432844	1844685	1588159
3445641	1831892	1613749
3469067	1834840	1634227
3468709	1851022	1617687
3438130	1855230	1582900
3447418	1838544	1608874
3522015	1848140	1673875
3511344	1864085	1647259
3405516	1845325	1560191
3613765	1885872	1727893
3423234	1812606	1610628
3533075	1835986	1697089
3449383	1848469	1600914
3415450	1851568	1563882
3468370	1849436	1618934
3506940	1842284	1664656
3421138	1819238	1601900
3365823	1820731	1545092
3470837	1855018	1615819
3531319	1828931	1702388
3464645	1906676	1557969
3518729	1836454	1682275
3492690	1823656	1669034
3432267	1857093	1575174
3387678	1820889	1566789
3518847	1841298	1677549
3574672	1908116	1666556
3245069	1827552	1417517
3387940	1820098	1567842
3526276	1858889	1667387
3489359	1850485	1638874
3506068	1899174	1606894
3402651	1821853	1580798
3467206	1862157	1605049
3486777	1874948	1611829
3353474	1804058	1549416
3393678	1846302	1547376
3440120	1823250	1616870
3478495	1811154	1667341
3557326	1878162	1679164
3456605	1862267	1594338
3506113	1888008	1618105
3403718	1832117	1571601
3405320	1849568	1555752
3486680	1865488	1621192
3524671	1864754	1659917
3481858	1803422	1678436
3440627	1857747	1582880
3534554	1870670	1663884
3535912	1869269	1666643
3404332	1794478	1609854
3287087	1829191	1457896
3486018	1850867	1635151
3399761	1871021	1528740
3411371	1868777	1542594
3562694	1857181	1705513
3480373	1848230	1632143
3455193	1835521	1619672
3419766	1878646	1541120
3519391	1884059	1635332
3395527	1868521	1527006
3440776	1798486	1642290
3588558	1890782	1697776
3451574	1900001	1551573
3407266	1856257	1551009
3582226	1831936	1750290
3549737	1878414	1671323
3605880	1863683	1742197
3378860	1831934	1546926
3398617	1844454	1554163
3481104	1860244	1620860
3480214	1859679	1620535
3443407	1802418	1640989
3439125	1813407	1625718
3597253	1882637	1714616
3486244	1834392	1651852
3535659	1890956	1644703
3523422	1914689	1608733
3366456	1841761	1524695
3459373	1883824	1575549
3415728	1828601	1587127
3434053	1886677	1547376
3416190	1820415	1595775
3480406	1854276	1626130
3457216	1872067	1585149
3500140	1866437	1633703
3528498	1861573	1666925
3495791	1845603	1650188
3440665	1850265	1590400
3263297	1879132	1384165
3546817	1861427	1685390
3498392	1865470	1632922
3394351	1873269	1521082
3331541	1861188	1470353
3404017	1823091	1580926
3458031	1910360	1547671
3494823	1824654	1670169
3497673	1862588	1635085
3528270	1840840	1687430
3486912	1791805	1695107
3511436	1836183	1675253
3388672	1806279	1582393
3492534	1858975	1633559
3468111	1847111	1621000
3476248	1887845	1588403
3409540	1782064	1627476
3380101	1825544	1554557
3414155	1846239	1567916
3337290	1859017	1478273
3390085	1818742	1571343
3480133	1828998	1651135
3533166	1870022	1663144
3518944	1855913	1663031
3556907	1853157	1703750
3394229	1850419	1543810
3331640	1821593	1510047
3490729	1819555	1671174
3536560	1838945	1697615
3439509	1877016	1562493
3476678	1858619	1618059
3581685	1850064	1731621
3541186	1911037	1630149
3423595	1822727	1600868
3472240	1874551	1597689
3470429	1852413	1618016
3494889	1899039	1595850
3490975	1875885	1615090
3473045	1880547	1592498
3382326	1862793	1519533
3456944	1870076	1586868
3486036	1849548	1636488
3469910	1837013	1632897
3474888	1864681	1610207
3496054	1886429	1609625
3456690	1829738	1626952
3427804	1888990	1538814
3356339	1858327	1498012
3416191	1839037	1577154
3448589	1823754	1624835
3406010	1809816	1596194
3478021	1819020	1659001
3441578	1845756	1595822
3393744	1855070	1538674
3374769	1829688	1545081
3432352	1832079	1600273
3588603	1866062	1722541
3537301	1851783	1685518
3425588	1785477	1640111
3452774	1841921	1610853
3396799	1802245	1594554
3427614	1847029	1580585
3508425	1862924	1645501
3427856	1828071	1599785
3314981	1801357	1513624
3421511	1854905	1566606
3354477	1839581	1514896
3468055	1850592	1617463
3379958	1859969	1519989
3498948	1810530	1688418
3458178	1866072	1592106
3464920	1844988	1619932
3475199	1897272	1577927
3477727	1846157	1631570
3309867	1834867	1475000
3520623	1887122	1633501
3477492	1827168	1650324
3418103	1865203	1552900
3518730	1865601	1653129
3501491	1900550	1600941
3472781	1854973	1617808
3518143	1849861	1668282
3461430	1860202	1601228
3486976	1852415	1634561
3558187	1836937	1721250
3538262	1849041	1689221
3474005	1880720	1593285
3501358	1838445	1662913
3459063	1788001	1671062
3441230	1869540	1571690
3552723	1849093	1703630
3482674	1834984	1647690
3412752	1855943	1556809
3435331	1849904	1585427
3551007	1851627	1699380
3529393	1866388	1663005
3490249	1829490	1660759
3473010	1833170	1639840
3493620	1834712	1658908
3299848	1839762	1460086
3442927	1810568	1632359
3468696	1826779	1641917
3514454	1833759	1680695
3432613	1810130	1622483
3421806	1829029	1592777
3452803	1827312	1625491
3362113	1862535	1499578
3413380	1821414	1591966
3537299	1870763	1666536
3516441	1890856	1625585
3419166	1836424	1582742
3434937	1874929	1560008
3382047	1850828	1531219
3506390	1845584	1660806
3251698	1851676	1400022
3501438	1826295	1675143
3561353	1852864	1708489
3491048	1846194	1644854
3486659	1857377	1629282
3549507	1883254	1666253
3365949	1836831	1529118
3383748	1857960	1525788
3469736	1806032	1663704
3497554	1881477	1616077
3470783	1844265	1626518
3457936	1877703	1580233
3497034	1903611	1593423
3469513	1821418	1648095
3510830	1844868	1665962
3462150	1861152	1600998
3525110	1872211	1652899
3528953	1842302	1686651
3541337	1844477	1696860
3439788	1846452	1593336
3421762	1815776	1605986
3431521	1866834	1564687
3485932	1844426	1641506
3477895	1840824	1637071
3508453	1873026	1635427
3428411	1827240	1601171
3417144	1866929	1550215
3348266	1799324	1548942
3481653	1886942	1594711
3520106	1851053	1669053
3460602	1863681	1596921
3430633	1880607	1550026
3522069	1833789	1688280
3395060	1795298	1599762
3428965	1805725	1623240
3404268	1845073	1559195
3473094	1857852	1615242
3528392	1844744	1683648
3555361	1886611	1668750
3438444	1814325	1624119
3527534	1876257	1651277
3421769	1851436	1570333
3516832	1874599	1642233
3528847	1871867	1656980
3398904	1851621	1547283
3501451	1836883	1664568
3487203	1834231	1652972
3520823	1847379	1673444
3523756	1843632	1680124
3536179	1902044	1634135
3538637	1866351	1672286
3378568	1821876	1556692
3397162	1863219	1533943
3409645	1854753	1554892
3560569	1874538	1686031
3383347	1855898	1527449
3498755	1845092	1653663
3442682	1882234	1560448
3489213	1789371	1699842
3414293	1861799	1552494
3463391	1832124	1631267
3448407	1887886	1560521
3448170	1812163	1636007
3451360	1830616	1620744
3474496	1860587	1613909
3460033	1843347	1616686
3330509	1822977	1507532
3470444	1815919	1654525
3451761	1831133	1620628
3486733	1845423	1641310
3538986	1857943	1681043
3474029	1851673	1622356
3513865	1814648	1699217
3471826	1876706	1595120
3418856	1835266	1583590
3397800	1871070	1526730
3322282	1804938	1517344
3483020	1853996	1629024
3340276	1845174	1495102
3410114	1828528	1581586
3454612	1888238	1566374
3472141	1849170	1622971
3508102	1841417	1666685
3452976	1836656	1616320
3469556	1825010	1644546
3570964	1855972	1714992
3316285	1797968	1518317
3589105	1881821	1707284
3599209	1908711	1690498
3474831	1827382	1647449
3379085	1828559	1550526
3576985	1843884	1733101
3472615	1826736	1645879
3430068	1854276	1575792
3486012	1817005	1669007
3479889	1897109	1582780
3431266	1856736	1574530
3481683	1862084	1619599
3496565	1864701	1631864
3536265	1868875	1667390
3345180	1809748	1535432
3465161	1855030	1610131
3534442	1860283	1674159
3447954	1805587	1642367
3459912	1854488	1605424
3567354	1847350	1720004
3605349	1851922	1753427
3550881	1880349	1670532
3456328	1826041	1630287
3386213	1827249	1558964
3359102	1844182	1514920
3519202	1889442	1629760
3407712	1831709	1576003
3450751	1863052	1587699
3543633	1845693	1697940
3467590	1802451	1665139
3391243	1865774	1525469
3386959	1818440	1568519
3366685	1851507	1515178
3475534	1854768	1620766
3430933	1851169	1579764
3458154	1831059	1627095
3464750	1801731	1663019
3581266	1888255	1693011
3465267	1862521	1602746
3522120	1861645	1660475
3415363	1818844	1596519
3505610	1861849	1643761
3429891	1849643	1580248
3457158	1820985	1636173
3538884	1898674	1640210
3536126	1868688	1667438
3457387	1861424	1595963
3510267	1837594	1672673
3358500	1827063	1531437
3557038	1890597	1666441
3508068	1807154	1700914
3516818	1858784	1658034
3430345	1829724	1600621
