1944027	1545	1942482
1855051	117	1854934
1985608	88	1985520
1879229	860	1878369
1917547	341	1917206
1843174	390	1842784
1986152	355	1985797
1962030	992	1961038
1765489	25	1765464
1926392	873	1925519
1955433	487	1954946
1865745	331	1865414
1951389	1545	1949844
1858702	221	1858481
1948207	407	1947800
1822699	52	1822647
1949702	768	1948934
1785864	221	1785643
1851232	151	1851081
1991310	1418	1989892
2014169	565	2013604
1666909	10	1666899
1854170	280	1853890
1856342	205	1856137
1954464	218	1954246
2047709	370	2047339
1733884	27	1733857
1866557	148	1866409
1877092	393	1876699
2007512	1418	2006094
1873429	104	1873325
1950944	624	1950320
1807948	242	1807706
2050434	2248	2048186
1747529	62	1747467
1948709	234	1948475
1982505	2482	1980023
1800723	348	1800375
1984681	254	1984427
1884715	408	1884307
1979961	276	1979685
1801951	102	1801849
1747247	112	1747135
1881102	489	1880613
1830411	235	1830176
1841414	96	1841318
1831481	87	1831394
1928255	52	1928203
1915740	49	1915691
1922472	331	1922141
1971316	1364	1969952
2037644	787	2036857
1754235	119	1754116
1772335	60	1772275
1830697	596	1830101
2118888	1775	2117113
1874624	197	1874427
1857343	450	1856893
1821380	166	1821214
1949238	170	1949068
1899553	248	1899305
1815584	101	1815483
1777507	149	1777358
1838062	24	1838038
1878086	284	1877802
1788425	193	1788232
1898434	168	1898266
2065575	245	2065330
1885116	78	1885038
1864837	272	1864565
1908225	147	1908078
1862221	275	1861946
1938341	160	1938181
1944851	573	1944278
1908028	168	1907860
1804704	93	1804611
2008387	550	2007837
1884817	965	1883852
1910892	403	1910489
2054594	604	2053990
2091420	1020	2090400
1839986	180	1839806
2031979	1067	2030912
1937806	294	1937512
1767574	27	1767547
1913647	154	1913493
1885402	152	1885250
1758501	66	1758435
1873531	683	1872848
2070318	789	2069529
1814438	135	1814303
1593087	7	1593080
1681749	114	1681635
1973538	481	1973057
1830904	277	1830627
1987391	264	1987127
2002694	163	2002531
1902655	266	1902389
1939477	672	1938805
1994537	262	1994275
1797028	66	1796962
1928134	156	1927978
1931065	204	1930861
1822532	388	1822144
1810467	8	1810459
1768134	49	1768085
2028078	970	2027108
2008382	195	2008187
1918515	170	1918345
1806720	407	1806313
2047936	504	2047432
1986904	815	1986089
1899252	628	1898624
1896985	361	1896624
1975135	190	1974945
1836439	303	1836136
1879444	339	1879105
1834785	165	1834620
2018924	334	2018590
2046238	1553	2044685
1822115	203	1821912
1891065	174	1890891
1776074	52	1776022
1857744	37	1857707
2023259	395	2022864
2037100	404	2036696
1875924	160	1875764
1935212	219	1934993
1831436	114	1831322
2076329	693	2075636
2022198	1364	2020834
1770712	138	1770574
1964797	262	1964535
1866886	403	1866483
1999137	1792	1997345
1765267	149	1765118
1900260	148	1900112
1833224	117	1833107
1915825	278	1915547
1963385	286	1963099
1751501	414	1751087
2016906	154	2016752
1980102	399	1979703
1982675	1418	1981257
1890596	203	1890393
1790568	218	1790350
1851141	341	1850800
2010874	1023	2009851
1966754	755	1965999
1872902	162	1872740
1857487	157	1857330
1883608	258	1883350
1868477	115	1868362
1822843	73	1822770
1660843	38	1660805
1964259	409	1963850
1905557	151	1905406
1820193	133	1820060
1787369	143	1787226
1896615	315	1896300
1988598	1123	1987475
1850431	52	1850379
1968122	525	1967597
1779136	466	1778670
2033057	906	2032151
1956027	178	1955849
2013547	244	2013303
1996168	508	1995660
1891078	593	1890485
1921955	286	1921669
1830411	239	1830172
1757527	64	1757463
1755830	34	1755796
1801770	243	1801527
1923533	810	1922723
2041783	1217	2040566
1976431	573	1975858
2003440	508	2002932
1756470	87	1756383
2018464	115	2018349
1907868	506	1907362
1772855	204	1772651
1840307	194	1840113
1850353	454	1849899
1900056	334	1899722
2037120	492	2036628
1877373	144	1877229
1937588	225	1937363
2011716	793	2010923
1990724	144	1990580
1715986	92	1715894
1951260	353	1950907
1942837	604	1942233
1997956	958	1996998
1763251	19	1763232
1833967	387	1833580
1712154	232	1711922
1979147	262	1978885
2001520	1074	2000446
1878131	146	1877985
1835235	60	1835175
1830423	151	1830272
1935947	239	1935708
2003019	638	2002381
1810627	118	1810509
1934146	922	1933224
1897737	525	1897212
1992852	154	1992698
1865434	305	1865129
1976077	497	1975580
1856243	332	1855911
1886194	91	1886103
1908067	256	1907811
1950435	657	1949778
1836247	325	1835922
1896464	543	1895921
1819312	245	1819067
1872464	220	1872244
1915448	317	1915131
1841367	154	1841213
1854546	129	1854417
1967493	303	1967190
1843281	153	1843128
1785210	108	1785102
1847735	95	1847640
1976878	259	1976619
2091095	798	2090297
1996100	1545	1994555
1944952	183	1944769
1953757	740	1953017
2052731	980	2051751
1831048	191	1830857
1926386	317	1926069
1799864	104	1799760
1928434	320	1928114
1920928	13	1920915
1987863	205	1987658
1799627	27	1799600
2089273	649	2088624
1837102	176	1836926
1974907	504	1974403
1777689	136	1777553
1831291	96	1831195
1950352	593	1949759
1831216	104	1831112
2058530	1095	2057435
1981425	1217	1980208
2015261	1792	2013469
1817002	617	1816385
1804878	219	1804659
1903106	148	1902958
1913663	544	1913119
1861947	64	1861883
1924898	185	1924713
1917785	150	1917635
2015793	163	2015630
1846587	322	1846265
1792236	261	1791975
2056238	574	2055664
1786206	168	1786038
2034284	959	2033325
1891790	182	1891608
1938302	870	1937432
1751205	30	1751175
2011182	745	2010437
1921147	232	1920915
1887608	879	1886729
1876402	148	1876254
1850676	709	1849967
1961510	292	1961218
1873132	583	1872549
1932016	242	1931774
2002833	644	2002189
1918229	387	1917842
1834976	239	1834737
1784100	181	1783919
1860497	427	1860070
1978138	298	1977840
1923443	154	1923289
1970447	181	1970266
1937347	1095	1936252
1795810	168	1795642
2048150	708	2047442
1879631	221	1879410
2016813	632	2016181
1999562	301	1999261
1852187	148	1852039
1963285	331	1962954
1811214	280	1810934
1879694	292	1879402
1905423	587	1904836
1963924	174	1963750
1946046	581	1945465
2076693	980	2075713
1947623	358	1947265
1958004	259	1957745
1765836	42	1765794
1792382	101	1792281
1900351	1086	1899265
2073681	554	2073127
1887192	106	1887086
1807170	243	1806927
1822486	153	1822333
1931891	264	1931627
1956444	1258	1955186
2040445	504	2039941
1901891	387	1901504
1836594	81	1836513
2048691	1218	2047473
1913751	150	1913601
1931153	387	1930766
2036612	947	2035665
1824259	114	1824145
1901548	249	1901299
1802551	157	1802394
1979407	879	1978528
1994565	288	1994277
1975331	393	1974938
1843447	64	1843383
1927555	106	1927449
1847839	617	1847222
2018174	182	2017992
1871085	39	1871046
1854786	168	1854618
1966001	649	1965352
2054886	1674	2053212
1931266	174	1931092
1915197	467	1914730
1935447	271	1935176
1880472	593	1879879
1961156	588	1960568
1895754	317	1895437
1771044	218	1770826
1859785	117	1859668
2065270	398	2064872
1964667	463	1964204
1955701	294	1955407
1839812	142	1839670
1874018	277	1873741
1847060	140	1846920
2014103	248	2013855
1975016	683	1974333
1971905	859	1971046
1952717	536	1952181
1840976	104	1840872
1832412	425	1831987
1933214	651	1932563
1724485	81	1724404
1955754	583	1955171
1851350	251	1851099
1924135	506	1923629
1994527	1366	1993161
1884686	307	1884379
1921148	538	1920610
1987274	1074	1986200
1898295	187	1898108
1955450	226	1955224
1977707	895	1976812
1758383	69	1758314
1967339	346	1966993
1923617	304	1923313
1924074	379	1923695
1865249	379	1864870
1865036	235	1864801
1883253	101	1883152
1918328	411	1917917
1883712	204	1883508
2084708	918	2083790
2022523	1270	2021253
1946242	1643	1944599
1903944	168	1903776
1905910	317	1905593
1885309	407	1884902
1810072	334	1809738
1789237	316	1788921
2002206	481	2001725
1942920	652	1942268
1953854	124	1953730
1890103	170	1889933
1960263	92	1960171
1999058	844	1998214
2035260	646	2034614
1931861	533	1931328
1862556	160	1862396
1901222	294	1900928
1935139	180	1934959
1778853	255	1778598
1951546	1364	1950182
1926351	207	1926144
1816860	543	1816317
1765905	26	1765879
1949938	604	1949334
1975431	187	1975244
1913742	272	1913470
1930297	895	1929402
2042461	631	2041830
1787701	66	1787635
1984903	724	1984179
2039642	511	2039131
1992773	503	1992270
1860084	89	1859995
1864023	490	1863533
1840911	208	1840703
1856563	114	1856449
1920663	182	1920481
1924506	282	1924224
1901854	148	1901706
1999092	1103	1997989
2016161	746	2015415
1916227	529	1915698
1939263	114	1939149
1955044	617	1954427
2015222	253	2014969
1901149	272	1900877
2008052	212	2007840
1888292	178	1888114
1948900	168	1948732
1973251	252	1972999
1932294	379	1931915
1757017	101	1756916
1784030	29	1784001
1904858	451	1904407
1917682	104	1917578
1976683	1634	1975049
1872849	338	1872511
1805319	81	1805238
1754013	34	1753979
1937702	620	1937082
2033819	583	2033236
1898592	602	1897990
1955870	387	1955483
1991024	68	1990956
1958002	154	1957848
1854233	101	1854132
2032776	703	2032073
1922043	100	1921943
1961559	1545	1960014
1952360	197	1952163
1642646	102	1642544
1942835	1078	1941757
2017896	536	2017360
1898180	308	1897872
2029464	182	2029282
1886877	133	1886744
1899585	103	1899482
1900193	205	1899988
2007839	416	2007423
1824723	556	1824167
1866091	342	1865749
1913813	293	1913520
2083804	1214	2082590
1960503	1375	1959128
1870300	361	1869939
1716851	110	1716741
2048804	294	2048510
1838438	451	1837987
1848081	387	1847694
1959751	326	1959425
1893938	306	1893632
1840318	76	1840242
1830241	30	1830211
1847602	170	1847432
1821581	69	1821512
1802997	684	1802313
1957818	504	1957314
1917751	265	1917486
1974335	404	1973931
1825537	101	1825436
1713333	114	1713219
1888100	250	1887850
1967823	466	1967357
1888913	482	1888431
1903305	232	1903073
2047744	1034	2046710
1959086	157	1958929
1956768	160	1956608
1783790	172	1783618
1938209	117	1938092
1937523	322	1937201
1951812	427	1951385
2102822	1034	2101788
1668502	38	1668464
1969774	213	1969561
1789244	199	1789045
2034837	447	2034390
2036939	272	2036667
1944330	568	1943762
1740367	239	1740128
2014144	503	2013641
1849668	239	1849429
1854475	642	1853833
1830620	149	1830471
1750302	303	1749999
1910404	133	1910271
1928378	386	1927992
1905457	628	1904829
1868858	378	1868480
2010929	508	2010421
1942994	390	1942604
1747169	255	1746914
