2458689
2449945
2466885
2416384
2463536
2449249
2427758
2501327
2474061
2478071
2531700
2477789
2415900
2494938
2397535
2391325
2418394
2563823
2413093
2416092
2472649
2481524
2541859
2379629
2492842
2490542
2461901
2421968
2439482
2530933
2457008
2428358
2524070
2408226
2459528
2534270
2445029
2478612
2510446
2437952
2428813
2408954
2473754
2481237
2414255
2427082
2405644
2448712
2597076
2421704
2457729
2500366
2522754
2480480
2388574
2485748
2458936
2414374
2401442
2513346
2454335
2399116
2434338
2432902
2489612
2402329
2515262
2394226
2458047
2565988
2490035
2460032
2440024
2425811
2525301
2423660
2393413
2317473
2428513
2442449
2431089
2418655
2420493
2477962
2366173
2474476
2496907
2492383
2442727
2409284
2469804
2435964
2411170
2537245
2408087
2571784
2457500
2403083
2434183
2435989
2406448
2456122
2397086
2458902
2472988
2441408
2380347
2488240
2451528
2527382
2448038
2382591
2449626
2406055
2435394
2502525
2454316
2483772
2521994
2569253
2394860
2475739
2371164
2453503
2470754
2465135
2504780
2487975
2570839
2461180
2527441
2519580
2567413
2442684
2522635
2393929
2437132
2495772
2543366
2366529
2446424
2417116
2430594
2481902
2449194
2427301
2517840
2450961
2548007
2425196
2499730
2473656
2503496
2435825
2472355
2503620
2426647
2461323
2341684
2361424
2551643
2375989
2456919
2372479
2521498
2539685
2426816
2514051
2506965
2500661
2485111
2460452
2523124
2526935
2425596
2442564
2441308
2491472
2429587
2507653
2386686
2431349
2479382
2399124
2511835
2425521
2505102
2485872
2451361
2499839
2387728
2445088
2511965
2359634
2447192
2469837
2444141
2516270
2475120
2463811
2410939
2451850
2493041
2467671
2422971
2502712
2428748
2448047
2423883
2448251
2424827
2434611
2443107
2470052
2494452
2474527
2473546
2558794
2398096
2439271
2504719
2527521
2427210
2544009
2506321
2441410
2402114
2502796
2437155
2441003
2531126
2421422
2526268
2437890
2350591
2513089
2484736
2436861
2435529
2480468
2422111
2476635
2502890
2536695
2535892
2594689
2472467
2436538
2417825
2508069
2418784
2475283
2424740
2477123
2405669
2478962
2459549
2465475
2521607
2431649
2473394
2500855
2443261
2445477
2450981
2404369
2481447
2457263
2374419
2435123
2485342
2464837
2496505
2464469
2441999
2438585
2389275
2572715
2503469
2556538
2529519
2463540
2499557
2510766
2459027
2427439
2462871
2462740
2430681
2492971
2462252
2471141
2380524
2475141
2484188
2312168
2503788
2369262
2464611
2509101
2468617
2407494
2431507
2547215
2410548
2366888
2556620
2438619
2417844
2391382
2495423
2461813
2515411
2431247
2433395
2461908
2419227
2469117
2365141
2490284
2517042
2474097
2481405
2504453
2498055
2473063
2546528
2441189
2496940
2518144
2484754
2450830
2437698
2483135
2476644
2460661
2547530
2484840
2469225
2451632
2347927
2504528
2376098
2445304
2534511
2454421
2501028
2487276
2434440
2428619
2429313
2431307
2379689
2469996
2427008
2559980
2452128
2429943
2476214
2430608
2402739
2442747
2385584
2435627
2477469
2398071
2491600
2449639
2528517
2471353
2490470
2446414
2475659
2564420
2465122
2443674
2419081
2427995
2509965
2442748
2522047
2489687
2425654
2452661
2422669
2418559
2399469
2399325
2426775
2465885
2520176
2457030
2429905
2447865
2382699
2438715
2480040
2543534
2415479
2489409
2500782
2540136
2412848
2409147
2435454
2477533
2424460
2428283
2457672
2526130
2523115
2465247
2483058
2438413
2467301
2491416
2472803
2423547
2448376
2427407
2442989
2415113
2530161
2403357
2420693
2614261
2449143
2471457
2416531
2398503
2454889
2504258
2519600
2370338
2517049
2463647
2452861
2468469
2510890
2338470
2380952
2512496
2434038
2399029
2477790
2399835
2517961
2443819
2500052
2534384
2498042
2441997
2451243
2435584
2520461
2489931
2460456
2451685
2492414
2486370
2437186
2434084
2396502
2426662
2516637
2482078
2471354
2510048
2532536
2428289
2509301
2530848
2425379
2431890
2505528
2502500
2491348
2519080
2424372
2350479
2455406
2459626
2546933
2401498
2543343
2521724
2555276
2439589
2459469
2426806
2383260
2476318
2531451
2513692
2453585
2379745
2472040
2420899
2491417
2376599
