3385825
7195863
3468321
3751595
3398126
7149794
3624892
3462952
3679198
7084816
3315253
3387853
3298495
7170774
7191131
7183294
3325558
7189647
3666971
3296095
3422506
3612011
3508079
3446248
3313043
3455217
7181228
3300097
3615390
3374110
7193422
3833845
7120161
3330233
7173994
7174806
3656251
3473594
7199386
7098311
7076166
3520920
7049171
3574419
7157420
7079553
3528117
7085809
3484661
3494687
7188305
7171353
7160560
7088405
7181486
7157983
7194223
3683666
3495192
3394279
7082479
7173369
3647672
7066786
7158922
3604935
7107186
7159545
7207522
3739647
7176998
7160891
3322048
7030701
7196368
7155097
7155647
7157250
7061449
3573533
7153606
3648281
7200809
3412325
7155491
3511443
3314423
7059226
3464488
3670006
7092018
7077066
7095102
3471758
3622078
3498793
3417789
3670568
3268625
3542187
3481341
7126369
7154972
3509076
3421573
3552340
3597903
3522836
3461537
7176551
3505005
7111244
7172616
7110793
3544107
7096253
3485527
3504515
7180569
7187477
7186704
3733689
7190551
7185954
7210945
7188397
3632804
3473515
7085487
7150193
7204219
7189486
3524629
7187794
7207882
7109173
3302362
7060977
3510233
7187947
7164416
3460835
3403791
3254127
7161846
7066687
3278737
7182353
7111459
3362762
3644226
3511063
7179061
7190634
7142911
3721573
7068284
7179804
3486212
3523028
3365213
7158644
3385932
7120868
3326286
3472567
7084222
3428942
7182500
3385472
7081684
7073303
7183596
7152894
3374485
7087468
7206721
3448421
7182646
7050509
7211019
7181794
7188990
7206158
7163217
3518767
7078949
3413704
3726409
3374595
3418163
3826637
7188297
3498085
7076846
3283414
3419348
7158013
3310834
3766534
3534764
7099388
3564329
3321059
3751550
7170852
7059086
7155464
3499789
3307975
3660121
7081080
7200477
3471429
3469764
7063617
3537034
3724882
3478610
3543369
7106989
7154753
3403921
3504925
3507781
3521356
3564363
3326655
3475543
3504692
7168508
7188702
3509459
3671166
7179426
3467008
3452008
3493009
7177273
3322871
7058374
3527292
7074691
7067690
3446707
3377377
7188387
7180252
3770865
3484400
3292306
7151373
3584412
3337175
3488260
3456678
3504323
3543295
7079474
3347920
7183625
3307412
7166613
3587497
7180700
3506609
3422355
3278740
7198569
3490919
3543313
3457869
7039152
7149905
7058084
3809212
3449826
3296393
3493189
3649276
3361576
3477788
7170849
7092708
3430314
3530572
3533141
7165736
7195389
3457374
3706520
3281174
3665933
7147302
3289441
7185597
7157490
3473835
7076570
7190074
3357736
7164657
3558746
3432565
3511802
3554651
3291942
7183124
3412997
3507903
3410692
7065268
7173553
3565062
7204296
3410470
7185515
7196162
3501714
3303269
7190661
3406482
7081679
3554325
7112017
3740764
3746788
7165673
3390491
7155787
3421214
7080773
3593272
7104748
7166073
3478280
3330947
7187469
3507121
7187965
7160095
7154551
7083001
3457592
3576681
3482679
3352176
7204910
3513139
7190738
3396818
7159308
7193257
3367464
3271924
7179246
7185535
3572796
7148821
3579304
3551429
3384135
7185666
3487139
7069223
7189841
3482383
7179992
3401387
3459057
7064342
3431022
7134747
7176328
7183556
3539177
3428457
3285700
3720248
7184405
7037913
7177323
3520012
7187727
3564721
7174336
3515874
7178948
7175009
7138850
3703293
7164509
3542952
7152494
3474475
3309909
7173501
7168803
3514070
3411410
7187794
7138588
7081121
3500160
3279895
3309679
3470358
3297535
7175949
3410414
7156140
3548792
7071741
7159086
3622667
3427984
7156170
7193630
3427173
3494418
7162264
3721739
3797313
7164444
7057830
7101691
7177076
3354106
7157878
7141476
3364290
3402454
7139732
7171269
7111671
7073658
3277280
3423027
3453865
3328827
3520688
3506605
3276791
7195444
3720139
3301138
3527246
7145690
3536842
3547474
3448509
3579255
3446999
7095921
3371866
3754897
7153471
3289404
3596283
7096676
7150481
3545782
7055807
7173833
7171906
7167695
3638326
7114252
7157813
3425765
3590531
7153919
3581111
7221574
3425578
3519891
3529714
3339936
7185988
3405148
7083752
7143799
3434094
3736513
7180299
7187094
7171961
3610342
7185474
7052851
7165727
7165084
3509877
3493705
3582078
7077437
3507057
3395085
7189394
3493213
