3433505
3424284
3494302
3442884
3487520
3401879
3482611
3396224
3457585
3448634
3442387
3480034
3450604
3433051
3454490
3489206
3470947
3421070
3460297
3399655
3449195
3366600
3435069
3443300
3470648
3473328
3463734
3383660
3496387
3422282
3464405
3429948
3508442
3458995
3405836
3431395
3460190
3375749
3395405
3446441
3410314
3375417
3421355
3439424
3492962
3473987
3450729
3466376
3478759
3452457
3468476
3443026
3436754
3406313
3453046
3416788
3444530
3419114
3446422
3439445
3383068
3455763
3398108
3497372
3413199
3424988
3467541
3412432
3453813
3450483
3476557
3481315
3470714
3435187
3471961
3418496
3386629
3388174
3450125
3417662
3423778
3471420
3430476
3440556
3466918
3430045
3455684
3464744
3430617
3456722
3422282
3481388
3386132
3446465
3467810
3478641
3484891
3503268
3434638
3506884
3454247
3442397
3466785
3430420
3451742
3372073
3464345
3455935
3398187
3489663
3404164
3407549
3493756
3467495
3446199
3372213
3385163
3434998
3473386
3440572
3454546
3443404
3451509
3455057
3462123
3417195
3472657
3418615
3500507
3448433
3368215
3409245
3430537
3441269
3507661
3476284
3401047
3424978
3443932
3387680
3437513
3476331
3462905
3483530
3458308
3444950
3418039
3416129
3444459
3496062
3460210
3444749
3464464
3446215
3395417
3500857
3465925
3371278
3475081
3529005
3480623
3476499
3485940
3430519
3446802
3491138
3438437
3497523
3507533
3452942
3456323
3431325
3476437
3399899
3429605
3453492
3412280
3394422
3474945
3401614
3426703
3487394
3486260
3451242
3434885
3495333
3368704
3463615
3436110
3453293
3446486
3415136
3428161
3464175
3438234
3409243
3403277
3418096
3472281
3481635
3402225
3467064
3408357
3466102
3431259
3455840
3473361
3491882
3512071
3478369
3385778
3442036
3417479
3491846
3472661
3483884
3430232
3388160
3461112
3456589
3439527
3532424
3429616
3475126
3402610
3454689
3456447
3442690
3443769
3442381
3410815
3428961
3497379
3354598
3444265
3462982
3489811
3415210
3406932
3460982
3448688
3400246
3493175
3461615
3442617
3452005
3471607
3484880
3406782
3402527
3468985
3499608
3463665
3382316
3461756
3431173
3405676
3470798
3433250
3401120
3419761
3480220
3418789
3470567
3426641
3419080
3376930
3442275
3419547
3393972
3416987
3467865
3427365
3405236
3433974
3438820
3436924
3440712
3471711
3463362
3413442
3417842
3437374
3461441
3413888
3403369
3490127
3428871
3475948
3472836
3420721
3405990
3440277
3398221
3427648
3460646
3409525
3433853
3429497
3433425
3396696
3423289
3459028
3454597
3436399
3395526
3430441
3472197
3462802
3471245
3474235
3459071
3455403
3433342
3431151
3483835
3409619
3457346
3453270
3415518
3489712
3406089
3418525
3449565
3466725
3471644
3474959
3475227
3343393
3413786
3478365
3452333
3364682
3416220
3458738
3415622
3454788
3435081
3467791
3462762
3424914
3446308
3481040
3437365
3466822
3398961
3472012
3411662
3467511
3484992
3412130
3466696
3420388
3448033
3467904
3436402
3472311
3471074
3488541
3415606
3449838
3480730
3396212
3472641
3435119
3504729
3417503
3386243
3479234
3434019
3420392
3477769
3466651
3498110
3456801
3392150
3441257
3464438
3420139
3440430
3450834
3442981
3384254
3461149
3433377
3419732
3401699
3469808
3403452
3462059
3410544
3476478
3473073
3455910
3383148
3455610
3445469
3474729
3473497
3481994
3378745
3459649
3478759
3430968
3413550
3452285
3418798
3427631
3522555
3426760
3411857
3425345
3489846
3492486
3484117
3455349
3432750
3422979
3374501
3480062
3455346
3425378
3497382
3467478
3492954
3419519
3465861
3523009
3387276
3402021
3473735
3465442
3461120
3487233
3453263
3466097
3395251
3433777
3403276
3455312
3454744
3421744
3375308
3419700
3430723
3368951
3434986
3456457
3466370
3414632
3447471
3498220
3455050
3433255
3477805
3431096
3448397
3472753
3455748
3464165
3438242
3460635
3439437
3390503
3431381
3479716
3393064
3430250
3449333
3500916
3504913
3432592
3479380
3405700
3455060
3451265
3430457
3478039
3465684
3423004
3465372
3471703
3402310
3445168
3454966
3510076
3424737
3423705
3392639
3458793
3404071
3406187
3465398
3455494
3440612
3482832
3491567
3456107
3514584
3463787
