6500843
6633175
6440065
6638088
6426683
6492635
6662013
6402432
6556738
6609414
6486478
6411811
6400100
6610390
6593504
6730891
6479384
6558423
6527986
6423157
6426713
6318189
6499731
6469326
6363752
6366353
6536016
6347703
6590131
6443158
6727202
6714335
6712765
6415047
6630141
6620830
6534023
6616460
6598026
6738079
6589790
6377078
6569763
6530493
6668499
6601045
6506827
6625413
6438262
6437484
6719149
6540993
6483991
6576540
6625753
6500052
6573851
6560622
6519390
6497703
6663265
6689203
6506758
6569759
6584381
6676815
6591247
6604821
6370755
6593237
6697996
6561478
6344622
6603690
6530319
6516644
6522780
6641099
6620165
6526844
6564201
6605948
6617952
6342699
6609957
6448872
6462153
6689220
6315157
6676868
6365313
6447371
6493034
6638463
6475555
6452507
6365567
6709913
6478178
6663970
6439289
6687014
6495080
6536650
6409192
6429387
6660474
6557137
6458781
6579421
6552401
6487844
6445160
6511964
6394281
6639572
6614876
6544978
6559422
6325465
6700214
6464402
6498720
6556158
6577322
6384892
6667414
6410980
6447953
6545871
6696728
6666815
6661940
6540325
6467708
6626482
6296755
6593633
6561988
6616244
6632950
6440039
6484319
6289623
6480681
6748938
6469314
6681664
6586545
6380018
6674093
6539328
6554130
6680925
6612270
6415026
6226452
6614932
6371529
6303337
6403848
6673077
6410834
6577643
6526398
6399799
6597788
6346360
6656999
6393337
6615042
6671411
6430787
6270151
6341821
6326361
6619747
6421967
6599927
6664714
6659938
6595736
6345402
6713352
6659019
6359696
6513140
6546129
6556661
6344447
6599406
6710582
6585878
6615272
6432570
6345165
6679239
6582939
6443776
6669192
6332666
6431048
6624726
6344008
6637960
6722879
6474455
6619321
6337878
6507019
6578412
6597390
6601661
6394899
6405345
6614724
6438517
6600661
6401932
6618551
6714559
6756924
6520052
6648194
6373709
6458674
6527910
6271321
6571318
6661554
6584695
6589221
6586214
6561624
6636537
6609987
6420589
6518765
6588211
6365586
6439515
6665262
6717170
6605941
6610835
6352848
6456540
6401085
6627102
6331478
6298007
6668738
6656673
6339299
6337544
6411078
6494811
6612399
6473323
6350377
6625836
6417296
6715785
6280332
6561163
6341140
6242259
6516871
6697069
6284153
6304843
6527933
6380667
6696027
6710816
6679937
6413956
6343965
6402452
6397250
6420265
6561215
6656250
6675915
6496293
6401434
6478114
6543411
6596929
6257944
6651460
6432401
6662040
6748074
6266218
6555784
6230006
6630912
6631037
6661245
6367080
6377767
6534696
6393197
6432250
6566732
6258927
6530085
6503148
6382183
6332674
6431789
6540815
6642701
6506414
6397794
6560821
6587825
6547319
6488321
6618419
6440856
6431265
6602314
6573897
6551705
6516537
6492746
6467350
6582460
6460928
6586027
6384288
6649068
6656758
6355563
6386816
6418933
6482835
6587234
6576270
6342568
6566112
6465823
6575066
6412949
6532783
6623844
6557740
6693467
6456392
6580029
6617588
6354291
6444333
6503543
6633667
6574120
6688558
6569652
6495913
6466535
6713333
6374029
6503225
6574303
6403047
6568016
6362574
6606014
6624678
6563675
6752536
6651052
6496669
6559151
6322857
6476805
6393045
6535644
6629139
6383456
6345486
6639191
6430204
6553469
6384081
6625641
6675398
6712189
6645415
6516829
6633010
6717956
6616232
6295695
6617230
6552037
6553239
6301489
6618571
6718233
6432704
6533567
6421502
6329972
6308474
6389182
6519550
6449507
6455557
6460448
6642684
6471604
6363796
6409714
6490648
6628103
6320257
6584457
6622678
6601098
6637091
6663197
6665813
6649001
6396266
6299921
6567157
6525993
6310431
6507386
6659596
6631145
6666399
6596792
6452170
6492710
6474493
6368520
6555845
6705261
6465247
6672252
6502952
6378901
6416758
6514891
6711636
6352811
6376557
6233891
6355894
6475066
6397386
6680622
6644761
6375378
6619238
6616688
6398776
6564916
6357454
6621819
6442370
6573238
6294929
6591080
6445977
6518312
6681855
6657233
6293835
6529929
6300074
6477819
6528689
6299087
6603017
6383787
6585540
6589808
6480042
6649836
6596715
6563149
6653455
6687837
6565163
6651123
6571875
6663108
6567579
6545634
6459407
6499511
6556744
6400292
6658107
6390480
