2431850
2442502
2424209
2422415
2413
2382972
2376590
2515235
2354528
2450187
1295
2479145
1215
2453771
2399138
2388699
970
2497202
2363312
2051
1340
2353272
2393780
2445961
2452471
2473019
2406075
1889
2409581
2826
2493691
2404266
2393625
2438110
2431849
2511356
2494302
2400128
2467452
2385739
2435539
2486254
2427586
2395659
2457818
2405455
3602
2508442
2461302
2377175
2450149
2487823
2520077
2476185
2442596
2455232
2459563
2352856
2463483
2437137
2419280
2434696
2342270
2396760
2493048
2381273
2512491
2450883
2516169
2414929
2390225
2372872
1429
2395177
2477357
2398316
2402382
2398119
2431386
2401217
2487571
2381977
2425096
1491
2388914
2423301
2382224
2495297
2407476
2503541
2469620
2460591
2395960
2454879
3010
1311
2642
2394583
2422523
2410559
2452529
2494046
2455005
2438182
1159
2396825
2473269
2463748
1011
2386967
1054
2512482
2396588
2448018
2379453
2399758
2269
2484659
2444226
2491869
2401298
2438065
2531854
2384090
2448970
2455759
2504415
2298675
2518998
2442780
2473291
2458465
2500642
2328344
2527546
2390974
1405
2516830
2413718
2358869
2506125
2405618
2580
1416
2473777
2438131
1956
2400712
2502073
2436114
2365548
2505863
2450347
2481203
2408973
2475495
77
2503923
1956
2448467
1912
2457145
2901
2370796
1311
2490309
2484247
3130
2385283
2399869
2515528
2423042
2468608
2450264
1413
2439772
2468946
2491583
2450445
2413614
2301470
2445811
2392806
2453500
2405973
2384407
2387517
2454530
2460491
2436994
2428359
2507909
2390037
2385371
2493533
2452
725
2527622
3971
2483381
2338763
2505567
2436052
2517
2415441
2487288
2455077
2421451
2361053
1729
2426199
2489890
2430888
3918
2462033
2412427
2476798
2506092
2491163
2360830
2456386
2505518
2440822
2371668
2465102
2391604
2429264
2945
2470836
2375981
2379615
2411498
2440411
2329670
2480049
2517911
2432198
1644
2504388
1378
2418068
2431576
2467529
2419210
2399312
2112
2440743
2490763
2399834
2411427
2584
2456034
2423097
2504110
2426846
2114
2503102
2387791
2475182
2543
2489339
2018
2480458
489
2465876
2564490
4251
2388261
2404924
2407468
2427161
1231
2442140
2453286
2376440
2339365
2437525
4978
2437231
2545707
1859
2450473
2434934
2491153
1432
2448716
2380311
1923
2441690
2462442
2526870
1974
2420085
2421033
2445991
2417144
2390096
2413777
2460681
2440588
1645
2425656
2411303
545
2400120
2437
1781
2408813
1203
2462245
1277
2435078
2494102
2395941
2442670
1839
2430768
2420109
2407671
1752
2511912
443
2475412
2440854
2395406
2371983
2450649
2439015
452
2437625
2471743
2403005
2376050
2461068
2464607
2337493
2054
2458750
2470730
2396837
2402505
2458778
2475322
157
2403973
2374873
1615
2501731
2413664
2441083
2381084
2420491
2325110
3400
1896
2468022
2560422
2478192
2449960
2428586
2496700
1852
2413757
2474175
2441988
2446346
2493508
2457800
1531
2372814
2437465
2463707
2442602
2500798
2389668
2445605
2436853
1388
2467573
2412522
2407185
2478403
2432368
2460642
2445818
2491267
2470700
2430844
2422660
2441550
2467205
2410908
1886
2456201
2415997
1808
2448033
2406936
2452105
1979
2392870
193
2430548
2461663
2444475
1541
2413877
1087
2468756
308
2545808
2497661
2417432
2448410
2475640
2492867
2467490
2430706
2003
2339174
2443717
2477521
2419007
2363621
2449008
2393345
2501226
1833
2351058
2383124
2059
2402425
2403923
2399792
2455470
2554814
1687
193
2341792
2267
2416469
2416399
1446
2446996
2486003
1242
2379056
2385198
2457185
2506347
1524
2391609
2491659
2397393
1461
2400330
2458845
1920
2402370
2425203
1631
2348495
2420521
2430724
2404095
2406977
2443937
2465432
2484017
2350032
2365905
2487419
2448982
2416289
2452330
1708
2446593
1433
2452484
1666
2415874
2461158
1634
2436694
2467121
2426299
2393359
2320108
2435520
35
2347740
2457825
2467813
2438047
2709
2471727
2474056
2375495
2459305
2499613
