6465791
6567000
481
6552757
6560508
231
6540983
6469111
621
6599001
6603007
763
6572983
6509485
6634527
6622254
914
72232
81
6481070
721
6504451
6597935
6535801
6434076
6484640
6548223
6623670
649
6611978
6469889
6399786
6567763
6464595
6523424
6553060
6555910
6494243
6442201
6551889
6516051
385
6534199
6645541
6607046
6525050
6619493
6576453
754
773
922
6406735
62114
6526247
6562292
6535038
6432281
6655324
6449592
921
122
834
6477478
6534354
6597031
241
6574358
6572023
6392222
6651676
6519570
6501051
6580857
6460744
6614022
6599159
6452319
6461146
6508600
6608027
6631911
6596461
6624006
485
6537699
1267
2898
6563650
16
99
6579764
6523156
43806
69
6524821
251
840
6604302
1484
6522338
6536657
32
6506501
6572783
1217
6458896
237
34
1308
6538343
6496912
6502491
6603091
6593110
6482404
50695
6512212
56151
6527167
6373883
6596586
6583592
6412627
195
6550298
6630498
56543
423
57575
6556381
1541
6491928
6558564
70542
6545881
6510404
6423899
6544613
28150
6512941
6686390
1924
957
571
6630690
6467464
6555806
6470394
86394
6374088
6587168
6610584
6541304
6502162
6513981
6539582
6563178
6613498
6576760
6456252
6624289
6541833
6633028
6489864
6466875
1311
47
479
6606389
1991
6538036
6613666
69865
120
173
6560404
2364
485
6544286
80963
584
6520147
6549199
6455476
6547340
6547359
6525131
74205
6553960
6568454
6561832
6545354
54572
6540596
6580232
227
6634157
47944
6697198
42447
6600115
6581051
445
6574304
6540454
6547210
6607121
6506165
6574534
6536750
6619356
1567
1000
6501361
239
6539008
401
6511671
6437760
257
6649069
6588293
6724052
6586824
6600540
6452461
6523590
6538987
6496956
6558002
257
6563726
36514
70571
6442863
6598677
838
274
6525243
6628984
17
6559508
6663669
82470
6589871
6546258
42030
6550864
6530270
36
6590107
6568167
6518088
6454580
6442423
1444
6488131
6592618
6600502
6562854
6556547
6590304
6473675
6597585
1292
112
6643599
6525456
6427883
6506475
6618945
996
6520706
6532622
386
6378298
6513930
6516711
1186
6631713
6409398
6580781
426
6537894
1425
40
6555006
365
6580440
6550125
62119
6563452
1100
6567284
6553992
6473428
6558759
6515538
6546014
6484267
293
114
6585617
345
6491299
6479879
6552753
6454564
1353
6539104
157
6522930
32460
6561712
60315
6587322
1881
273
6552281
6642023
67728
1123
54107
56953
6530491
6645233
6514227
6572699
492
6614322
1010
57746
6442249
268
6539738
765
6470595
6576793
6578842
6596373
42
127
6565182
508
6560957
429
244
6537411
6456449
6627133
1537
6515218
6569991
595
6510505
6400095
6513397
6509652
6693751
6587101
6538164
6598252
6618844
6484521
6498065
6535771
6494467
32
6556520
2079
72688
6489665
580
6589420
170
6493221
1786
6520633
984
6610947
6571656
6428959
6618642
6525014
6522723
6571492
6477036
6563350
6639871
6533762
6481191
6572038
6612098
75785
6476755
6519697
6504397
6575384
6509339
144
82357
6661240
118
140
6628420
6492435
6493128
6494361
6528789
992
106
6542972
6403398
6672208
6393542
1907
67067
6560549
6520428
6540696
6495826
6558973
6578688
6546041
6479438
6532705
80
6585702
6601444
50902
6597294
917
6210770
6570566
6580700
6500444
6424947
1375
203
6414457
6571965
6617297
6481319
6528643
250
203
585
50995
79872
6574528
1066
6550635
1417
6499088
6502964
6523243
6523493
6492365
38966
6498999
6605496
6531214
6554675
82469
294
62627
6561088
6594572
6550989
6577811
6579448
718
6455897
6574362
129
1526
819
896
6542970
6570869
6639282
6610626
6611787
6592828
1644
6543127
6439864
6513490
6612983
6572464
6486012
6542438
56981
6560327
1733
6567544
6509281
621
1137
6507092
