7228780
7212401
7203209
7218554
7225648
7180733
7188954
7201502
7198760
7188575
7196989
7208888
7212566
7185542
7237369
7221362
7187852
7202687
7200424
7214414
7202969
7209930
7198490
7210762
7203561
7211127
7182860
7213147
7179158
7211933
7202365
7200539
7171601
7208165
7205836
7209985
7193124
7187102
7221052
7205375
7182039
7204359
7203415
7214075
7204310
7219242
7203119
7196730
7210333
7222237
7222214
7223595
7207333
7201405
7221593
7204922
7211046
7184453
7187935
7227842
7216542
7205770
7175963
7206416
7202114
7208554
7196773
7175953
7209512
7218529
7209925
7219468
7210257
7202584
7212368
7219812
7219487
7212174
7207074
7221469
7209387
7205802
7221899
7233057
7205023
7222923
7211878
7213406
7205494
7216333
7189810
7219400
7219791
7184110
7184237
7224101
7208261
7198197
7173584
7194994
7203060
7228392
7220537
7230186
7204559
7222912
7193065
7182099
7209503
7185549
7193747
7199364
7215484
7188731
7194808
7199029
7201930
7189138
7206384
7182194
7185899
7199588
7215686
7208893
7204411
7221275
7211656
7207934
7188589
7192478
7182900
7191071
7206244
7220787
7213799
7172676
7207513
7208780
7210780
7197373
7198205
7219369
7195736
7213685
7196719
7207678
7220291
7221994
7206660
7187273
7193361
7199605
7207311
7198123
7218612
7187770
7217783
7199121
7210282
7188916
7202126
7183432
7214225
7221356
7198270
7193865
7206678
7219993
7203398
7208105
7202629
7224215
7216483
7179752
7208442
7188929
7196964
7189121
7187430
7213530
7197735
7209970
7216828
7213288
7175928
7183885
7209934
7207666
7207744
7198446
7208756
7174665
7205446
7218205
7185284
7183369
7207650
7186493
7200101
7215542
7222266
7224497
7217510
7187993
7205629
7207756
7199773
7186671
7175453
7218269
7222112
7188232
7195174
7210831
7196707
7213308
7169736
7199577
7212399
7218819
7232695
7210846
7210677
7202334
7209479
7225252
7207227
7227566
7215041
7195093
7216977
7197250
7201497
7186632
7202643
7208423
7197399
7212955
7185410
7209315
7202266
7198947
7204081
7182316
7199497
7188816
7206751
7202215
7169177
7189581
7214931
7192372
7193203
7228068
7191435
7198701
7194809
7198858
7215700
7221248
7213868
7203392
7224299
7199039
7216752
7195896
7189247
7220107
7216999
7193417
7207312
7172158
7211144
7205711
7203175
7209864
7187764
7194195
7217232
7219725
7204045
7196199
7205372
7212864
7209883
7212713
7191623
7210909
7195699
7204245
7202771
7196102
7209024
7203620
7213628
7207155
7131435
7205200
7186587
7192730
7196237
7181101
7212888
7211650
7218451
7217924
7196790
7229705
7216467
7201818
7196940
7193540
7218286
7211756
7195538
7184044
7186343
7209511
7202939
7224992
7192205
7190119
7186146
7195159
7211933
7194751
7200399
7195113
7216381
7186780
7189788
7211246
7208103
7214337
7215229
7198691
7216365
7220834
7205045
7232089
7193608
7196616
7203181
7202502
7191228
7197615
7217431
7218454
7159960
7206228
7183670
7198061
7213309
7255130
7227197
7216493
7193538
7205024
7192346
7214878
7210226
7205594
7216621
7204195
7167841
7219047
7208842
7189492
7188200
7203612
7193841
7196738
7186864
7183722
7205139
7207418
7216173
7206012
7214451
7204676
7207181
7201145
7211193
7212905
7195366
7185721
7193597
7188897
7222643
7186265
7213645
7211082
7192777
7221965
7205744
7215765
7205416
7188476
7196177
7198752
7220844
7187687
7204163
7207690
7181215
7212457
7184121
7230269
7222491
7208875
7095990
7209906
7188629
7208836
7222652
7220660
7213666
7213212
7218196
7219776
7191805
7211821
7193855
7209772
7218354
7199194
7220217
7222428
7220345
7179680
7208197
7189542
7201769
7202540
7222304
7207582
7217876
7244861
7201081
7207531
7223187
7189857
7207198
7209716
7214332
7217843
7229580
7193514
7214032
7217578
7199672
7211909
7204856
7200632
7200911
7216572
7215801
7259169
7205795
7189252
7212882
7209405
7179866
7213009
7193243
7195027
7208088
7228355
7196202
7218392
7202107
7208112
7222947
7220905
7211104
7199965
7192959
7191721
7212471
7203839
7205290
7190675
7226812
7224905
7207200
7211595
7215430
7201176
7193805
7214411
7209140
7188783
7182907
7205679
7204400
7211509
7190068
7218549
7224881
7214428
