3154187
3118737
3138047
3072107
7228630
3103868
3162362
3126470
3103034
3191228
3155484
3097887
3122847
3121833
3150031
3138560
3106063
3128524
3131362
3117188
3069021
3130684
3087487
3187067
3141195
3095614
7224766
3116626
3107807
3164687
3119079
3177116
3101872
3164457
3149552
3192738
3125811
3132561
3259044
3117303
3234991
3135234
3111285
3113097
3108503
3118325
3140537
3253674
3085462
3215594
3144140
3119318
3084277
3118767
3089451
3149839
3092946
7221663
7213128
7258733
3119549
3100686
3137290
3130396
3126122
3169848
3085116
3065528
3158875
3151052
3149069
3194825
3145807
3115472
3092619
3126140
7256469
3134223
3119146
3133604
3092921
3080829
3115624
3139348
3139516
3146030
3138113
3184278
3096258
3187481
3167624
3090232
3094222
3140565
3133145
3109539
3083918
7238489
3112249
3153399
3133567
3113417
3111716
3128457
3115738
7239570
3139667
3178231
3040372
3158248
3111254
3139654
3135770
3071930
3155934
3131732
3094948
3084556
3182673
3141347
3101164
3118946
3183441
3149427
3133425
3166700
3165792
3142407
3117101
3131612
3116427
3174035
3133460
3098947
3126607
3130551
3191477
3137259
3121353
3151378
3118011
3123946
3179320
3065980
3129056
3149760
3104556
3152975
3132574
3366976
3187785
3080203
3125700
3130719
3074129
3107351
3103723
3154636
3115332
3128415
3107644
3148630
3136610
3101949
3149476
3160444
3114656
3137426
3166398
3116323
3101959
3175566
3078103
3134809
3234466
3120149
3196795
3169023
3127253
3071831
3154270
3235810
3137184
3101585
3069099
3142067
3151193
3084815
3138128
3095803
3092388
3127221
3153320
3140093
3112920
3118081
3116402
3118958
3126592
3114663
3419672
3182586
3166500
3144207
3141167
3076232
3074039
3154353
3105373
3132756
3160162
3138448
3111735
3139592
3123677
3181356
3206916
3182805
3265301
3172358
3093938
3118886
3085913
3094865
3077789
3143814
3148214
3169424
3403781
3136851
3131640
3157992
3127014
3153738
3140907
3106175
3102933
3122756
3135960
3115970
3077720
3090985
3186643
3076604
3121413
3106745
3155271
3135829
3086161
3109359
3104344
3085776
3129689
3086245
3111842
3160003
3102913
3166534
3136276
3100455
3140161
3148278
3122457
3137614
3141180
3148584
3157157
3068583
3109352
3105418
3159493
3132718
3051539
3147428
3127394
3194218
3103722
3176756
3135935
3120486
3095103
3116095
3083058
3070925
3130816
3193674
3132297
3432710
3111522
3104420
3151303
3115518
3096486
3125061
3118055
3130948
3101204
3117872
7206265
3134107
3134916
3135825
3112963
3121957
3069643
3174104
3133537
3130426
3159431
3111926
3159516
3140684
3138656
3141927
3137295
3141664
3103071
3109847
3149453
3151553
3103613
3151967
3460813
3211894
3111629
3109750
3145596
3160291
3101232
3088042
3141518
3089348
3175309
3132166
3088397
3145412
7243551
7254011
3221694
3165663
3167988
3195756
3208844
3110432
3139108
3090321
3172715
3128136
3106566
3164914
3148848
3124686
3128826
3148981
3118668
3168645
3121726
3100864
3172553
3112461
3145805
3151144
3148315
3078151
3101675
3126217
3110970
3090747
3122695
7216976
3122043
3059651
3140428
3112072
3150524
3140197
3225407
3105657
3116153
3118475
3120360
3162951
3165565
3130275
3105188
3105752
3133279
3155342
3133762
3178387
3161440
3131613
3132965
3099916
3137393
3109042
3071316
3165868
3139297
3154137
3156439
3147508
3084154
3165819
3093178
3135124
3083874
3116011
3152753
3078997
3120423
3171729
3062992
3143752
3147760
3097987
3063770
3202625
3166223
3138906
3145552
7233155
3134614
7217705
3129768
3130469
3143181
3067618
3121038
3377801
3117789
3126422
3101731
3181864
3125715
3167826
3113775
3101814
3122704
3143587
3171650
3106358
3115221
3155257
3162664
3155300
3132264
3000875
3145670
3113313
3185953
3132462
3144183
3151981
3183707
3164242
3186002
3076168
3193220
3162155
3119651
3177417
3033417
7247516
3165585
3132500
3182162
3136408
3172688
3124587
7270317
3136445
3137401
3149356
3065000
3155396
3106295
3163959
3089241
3133912
3103445
3106849
3192125
3097759
3156583
3136868
3165374
3086160
3097755
3164893
3104175
3190178
3090597
3127856
3178660
3115667
3173141
3104558
3128863
3138853
