4516811
7175179
4583614
7075103
4343157
7190701
4388878
7184125
4446933
7172789
7188503
7124313
7195887
7172138
4546481
4632956
7134636
4906714
4422074
7093634
7106741
7150870
7120269
4453777
7127105
7178728
7168603
7094283
7083249
7185008
7129263
7158554
7193745
7091629
7164064
4773268
7166170
7133967
4808671
7188213
7194555
7179729
7175996
4466478
4874381
7177349
4428033
7185428
7177187
4871211
7209701
7089824
7160433
7179725
4689192
4838957
7087357
7172223
7121679
4800615
7131164
4758620
7087405
7177741
4786122
7164632
7058761
7185880
7194494
4389603
7171543
7207781
7179491
7183296
7180899
4793472
7179493
7192082
4625688
4674086
7183923
4706559
7141652
7163776
7078882
7166094
4576986
4741544
4468557
7193879
7094142
7170754
7126871
7114660
7193397
7181526
7204353
7123912
7169813
7175087
4368617
7112836
4880656
7172811
7186232
7199492
7106472
7199008
4712216
7192757
7103236
4525405
4564260
7115128
7187412
4388538
7099036
7181328
7114109
4401795
7103547
4528116
7192185
4530562
4688085
4853202
4872356
4644370
7103027
7181104
4776796
7154503
7195777
4413843
7186825
4943935
4821274
4746959
4713094
4628613
7166660
7190157
4578125
7205447
4470322
4699435
4838203
7169780
5038028
7203638
7173696
7194507
7067422
7197212
4451923
4517482
4449600
7186537
7187945
7198794
7181354
7087173
7168403
4842335
4537702
4627684
4601496
7198807
7180636
4742222
7202360
7134139
4489281
4565286
7113012
4613650
7157341
7197460
7172308
7174826
4689538
4675836
7115495
4700385
4882726
4412592
7118160
4528443
7181998
7155194
7180298
7185778
7182625
7161518
7109776
7139588
7173691
7160784
4673230
7163304
4423442
4521952
7188016
7111134
4839626
7114800
4549910
7195017
7186949
7166255
7179436
7160853
4693620
4942047
4390643
4974734
4610117
7081906
7194653
4352121
7105642
7107412
4605947
7111866
7108953
4810906
7169801
7189336
7094755
7176485
7140602
7214127
4750600
4530796
4428003
7161758
7191138
7180932
7075053
7180568
7172535
7190194
7198613
7171898
4363633
7125580
4441352
7102773
7178066
7113990
4630557
7157003
7189118
4738945
7193438
4606299
7156487
4435012
4774387
7193995
7207405
7100273
7107325
4565534
7076392
7166381
7179687
7173742
7200764
7190508
7198584
7097518
4503215
7082140
7173751
7170176
7087736
7069327
7128918
7180526
7207663
7205651
7165320
7156362
4543757
7175949
4370422
7187121
4585960
4492243
4484819
7167538
7182919
7169194
4659448
7099919
7189296
7175546
4773391
7123822
7066619
7062904
4570503
4823053
7166089
7104886
7118426
7189536
4607487
4499241
4797127
7189462
4696694
7111954
7095643
7212195
4652565
7139942
7120261
4546391
4779689
7207467
7159808
4441459
7088933
4622669
7196615
7132578
4535925
7122222
4650766
7182737
4908411
7148938
7179261
4392003
7175482
7103381
7184947
7159169
7115325
7187589
7169394
7194695
7187837
7172221
7166933
7064262
7194891
7173384
7170266
4839914
7087878
7167115
7162654
4780533
7122522
7107001
7194693
4413048
7167981
4631917
7082308
4618890
7149988
4670655
4640019
4629440
7207166
4575159
7100860
7190972
5023530
7184965
7190963
7172833
4551977
4933625
7114951
7142128
7172734
7164416
7097315
7098493
7106872
7069544
7130019
7130746
7160358
7194660
4981945
4600904
7145190
4348915
4885612
7166357
4849727
7194042
4996206
4570119
7174816
4478604
7128401
7104039
7180624
7116353
7085692
4702862
4697267
7177302
7160307
7192012
4918506
4471301
4473497
7105631
7161634
7211861
4927069
4754892
7185173
7164236
4499987
4467360
4868785
7177011
4671977
4638332
7160921
4252348
7114117
7094800
4533384
7097918
4867432
4594792
4757039
4735713
7103560
7169589
7175244
7090537
7082948
7070240
7184738
7147942
4764218
4819524
4816201
4997237
4344291
7182176
7203761
4889795
4752249
4595246
7194488
4624780
7180430
7165998
7092928
4767266
4705779
4641416
7187743
7171816
7169355
4892056
7176368
7115624
4608948
7184671
7195208
7082441
4458808
4680645
7167946
4816571
4775911
4966012
7105440
7104409
7173926
4541786
7167159
7195589
7188528
4669478
7181255
7079321
7175164
7169906
4517973
4860402
7174658
4770569
7208656
4734388
7180925
7088537
