2029065
1980524
1956011
2007465
2054023
1978038
1957540
1984506
2013083
1984838
1891129
1774804
1964777
1980159
1917581
2087797
1881617
1788878
1979059
1992920
1891442
1949958
2040001
2045949
2072402
1863602
1880850
1785751
1867573
1988626
1954452
1958752
1987367
2089242
1889164
1936906
1973118
1815543
1877024
1995338
1868057
2063186
1892671
1836363
2062999
1974831
1997087
1996994
1861732
1829899
1912855
1912557
1879473
1885284
1946770
2037860
2072188
1972331
1994681
1915729
2029153
1971059
1951121
2008251
2001369
1934236
1913772
1972953
2047986
2039495
2045425
1963626
1997564
2057412
1973094
1820433
1910532
2029866
1963532
1967106
1955936
1964074
1831085
1893013
2014097
1871191
1832011
1922769
1984963
1927563
2070557
1939043
2004123
1949856
1954648
1901586
1903384
1908344
1940920
2029047
1924909
2003100
2028206
1974631
1933152
1951964
1965701
2010829
1836669
1886152
2012053
2037474
2028679
2000519
1954968
1963160
1977003
1870028
2015380
2023840
1914852
1961418
1985435
2056537
1894598
1987561
1931875
2029508
2035228
2062155
1963494
2028258
1983759
2028622
1995508
1974233
1829854
2064035
1894691
1950229
2029270
1907516
1943281
1863101
1973709
1931706
1959587
1995195
2140646
2014452
2017512
2125172
1811859
1884410
1987882
2009468
2013308
1981985
1959531
2100327
1953027
2007911
1944816
1946394
1948078
1965848
2065842
1942775
1906013
1777175
1989857
2022305
2033627
1997587
1877367
2056126
1965527
1831436
1967696
1841097
1847608
1945609
2000645
1997635
2019147
2042278
1894180
1847050
1826763
1904866
1888245
2020191
1911205
1899671
1945885
1943912
1876755
1980130
1950438
2086627
1982659
2005683
2006681
1975629
2013695
2074547
1960325
1969490
2066654
1899380
1892574
1915618
2046008
2061341
1991466
1975992
2018632
1919594
2040439
1987408
2043398
1941212
1928347
1861680
1992612
1976763
1936796
2040864
1989125
1936637
1932786
1965924
1879684
1922344
1951390
2031066
1935995
2032674
2012919
2023655
2066735
1905498
2004017
1967056
1944368
1948279
2016561
2079298
1908148
1989566
1971024
1901983
2053048
1955594
2015045
1872623
2009196
1952283
2058373
1986260
2098180
1961122
2037914
2030032
2035876
2052145
1968807
1782040
2044883
2053500
1950123
1946025
2059836
1959506
1873755
2008608
1931969
1958261
1843777
2124587
1916335
1914621
1946471
1938673
1913968
2081293
1947046
2016308
2023249
2012688
1899181
2030076
1907434
1991833
2086957
1877450
2022059
1909195
1978512
1832814
1969793
2059894
2009001
1874418
1983211
1956851
2031267
1958695
1929151
2003221
1937408
2038970
1968005
1994432
2020278
1908288
1996888
1890153
1981497
2015456
2012515
1883441
2007248
1862333
1949245
1979546
1991560
1972413
1981794
1836629
1969369
1839642
2018519
1959217
2040051
1848202
1967803
2015575
2013172
1907025
2020819
2071959
1974186
1793511
1987668
1989672
1877688
2005838
1931191
1911605
1823794
1819479
1980132
1902922
1889607
1822441
1918091
2026967
1964593
2070908
1974792
2084647
1947725
2055363
1998527
1999161
2114166
1916915
2009733
1866591
2036842
1965887
1982618
1993080
1983981
1999220
1962262
1925680
1860042
2028477
1813862
1973593
1941356
1845305
2041102
2046638
1915193
1959328
2028737
1958638
1980419
1878220
1971264
1944849
1912870
2022574
1878326
1972946
1962463
1854467
2030582
1864042
1973768
1939137
1904769
1950412
1938824
1799145
1905064
2010665
2013204
2076278
2033601
2032380
2051314
1881407
2020764
1993883
2002158
1816682
1991940
2005692
1934308
1925252
2041054
2052104
2021990
2019380
1959616
2041966
2063298
1887145
2014044
1939846
2057729
1904698
2054226
1904320
2045089
1932415
1918479
1916032
1930142
1990345
2045604
1953255
1768955
1952905
1996587
2046619
1970721
1983703
1729422
1910177
1987864
2078602
2028280
2057565
1937950
2000309
1982967
2033765
1988338
1887315
2039033
2032377
2024354
1937509
2043810
1913850
2010544
1851519
1994122
1814607
2060211
1813045
2024690
1988574
1963680
1926578
1888003
1830476
1888789
1866707
2024184
2045371
1983883
2005108
1999149
1950291
1892280
1972364
1857999
2037889
1901635
2022003
2002862
1856057
1958782
1964609
