7394145
7394536
7405771
7420669
7428452
7423846
7428161
7402508
7429600
7414689
7432598
7404758
7406195
7429920
7399228
7402172
7423644
7430675
7430778
7426328
7432837
7428351
7429509
7429852
7430249
7419002
7397760
7427746
7415065
7397244
7433734
7430997
7409541
7405878
7420783
7430120
7470404
7426889
7392228
7432847
7420837
7427359
7431590
7411824
7428655
7412624
7420027
7395719
7434333
7428171
7415353
7430012
7398393
7411838
7434698
7395297
7412210
7423181
7427948
7442886
7427882
7432130
7407868
7396425
7425049
7445183
7406682
7429221
7402714
7430889
7428229
7429939
7398645
7403532
7410871
7417995
7421881
7426499
7426293
7421383
7427754
7435529
7427178
7399395
7433193
7432168
7437809
7428049
7404497
7426171
7412048
7414950
7436266
7415003
7424552
7401464
7445623
7432340
7426921
7431818
7428407
7407731
7397531
7410720
7417874
7432337
7427741
7427009
7433484
7372730
7431660
7433077
7419774
7407247
7403507
7421115
7429126
7430351
7422774
7423697
7423786
7425598
7407852
7434688
7419984
7434991
7432762
7428280
7379179
7402534
7398926
7431826
7439919
7433525
7448534
7433383
7432783
7425429
7430501
7393544
7425233
7423401
7430772
7432662
7407854
7426012
7410885
7406469
7430588
7431336
7426410
7413403
7425426
7430830
7425666
7426800
7426328
7423705
7437010
7423642
7429722
7411240
7433299
7401356
7421589
7425971
7425183
7430195
7414629
7433752
7296316
7431721
7421445
7396193
7417895
7399427
7425537
7429117
7439862
7432470
7429865
7427854
7426364
7430184
7418160
7422840
7427722
7414136
7431099
7448739
7428761
7418337
7420261
7466271
7411390
7422735
7427871
7428447
7396845
7433621
7420639
7443408
7434287
7423107
7444396
7434846
7426128
7430255
7410342
7405766
7403411
7432832
7431896
7420107
7404902
7395774
7405955
7414257
7415365
7433805
7428466
7425113
7440473
7432938
7415211
7398504
7427759
7431477
7412121
7410316
7427884
7427774
7398672
7427123
7433203
7427379
7431852
7386930
7362591
7419619
7428377
7421418
7429039
7422870
7432625
7429513
7426982
7433462
7428425
7432223
7409810
7426921
7428113
7406342
7425883
7426063
7421725
7433019
7396299
7434867
7415362
7435062
7426183
7398537
7409357
7424246
7429650
7425127
7427645
7421450
7422499
7455561
7424618
7411661
7428382
7409286
7407644
7429422
7318615
7431106
7423457
7407162
7410173
7408291
7405377
7400462
7399968
7430919
7408804
7429262
7415681
7430699
7402818
7431473
7432433
7420264
7392087
7424144
7429396
7398630
7438272
7424889
7411814
7415857
7430266
7429239
7429834
7432539
7396626
7436016
7431377
7426638
7411169
7425277
7424273
7413030
7432222
7438350
7408003
7427545
7422579
7412820
7414397
7403107
7429204
7413154
7433876
7427278
7428857
7425354
7458508
7392957
7413475
7400089
7428475
7425465
7421363
7428124
7410763
7405288
7423262
7430751
7409975
7418951
7424288
7426836
7427069
7412518
7425640
7429555
7438869
7429614
7429907
7433126
7424269
7425481
7432295
7426888
7428226
7429234
7424839
7395773
7427981
7311818
7426295
7393612
7382059
7417602
7433554
7418401
7402103
7428283
7422930
7431170
7434236
7424169
7429879
7405405
7402813
7415402
7431393
7465811
7427267
7404395
7430694
7431839
7427888
7403088
7434368
7417213
7406350
7425961
7429899
7426699
7430697
7435525
7427157
7431217
7418444
7425457
7399255
7417873
7428219
7424830
7412087
7467671
7430565
7397157
7412467
7429640
7403368
7430895
7415104
7430868
7407040
7389627
7426996
7425612
7431806
7413583
7419448
7425938
7435814
7417647
7427641
7468469
7429602
7425973
7399207
7416271
7465739
7422534
7426940
7426277
7432448
7428962
7433066
7409977
7431493
7429883
7403584
7427208
7432531
7427095
7422736
7388877
7431107
7432851
7466723
7429009
7425648
7469421
7397716
7403661
7428307
7431920
7430979
7401624
7430110
7432158
7409069
7429858
7419669
7424602
7430255
7428003
7431366
7426864
7444365
7435814
7411274
7428381
7431520
7424677
7411932
7410023
7430996
7424711
7428030
7429146
7428545
7427928
7424972
7418591
7400884
7398407
7419681
7423707
7409802
7427611
7411460
7402347
7402942
7428879
7427311
7424925
7429693
7427316
7444048
7411671
