6445789
6551983
6656554
6504579
6573227
6648423
6385614
6703652
6258113
6371044
6528313
6485710
6304705
6431183
6308331
6196281
6281992
6252624
6250948
6340943
6275541
6499234
6479704
6572969
6371772
6579919
6469439
6506966
6275941
6466971
6378568
6305431
6247822
6335791
6538366
6429737
6265503
6519342
6660135
6224474
6640721
6484944
6404218
6326118
6242095
6241294
6610740
6441679
6401448
6445315
6383083
6569805
6520313
6303022
6275417
6240493
6523742
6587956
6273711
6436830
6297706
6351798
6584885
6303308
6546167
6247040
6254805
6222395
6663492
6424119
6309831
6573491
6422642
6187680
6603283
6359038
6331609
6301284
6343028
6270706
6220840
6515370
6333947
6273335
6337190
6474820
6460975
6494110
6613728
6585211
6737058
6704160
6585455
6437270
6503042
6426839
6620435
6652056
6460609
6204184
6603882
6403575
6683470
6572940
6520057
6410103
6303417
6349551
6351443
6311225
6384512
6367532
6212059
6338668
6231974
6615015
6479215
6310271
6327528
6679848
6302629
6394087
6675334
6423324
6696943
6209723
6292779
6329154
6594600
6337637
6480948
6229655
6326097
6303600
6736567
6572233
6255498
6534964
6432371
6511198
6446493
6363586
6615496
6498997
6240697
6229757
6489258
6521813
6269588
6350826
6536922
6539343
6437299
6266624
6312685
6252105
6277845
6273445
6387012
6550821
6282439
6263819
6303673
6525214
6381695
6572440
6375497
6614704
6374896
6421579
6585745
6463596
6673205
6515184
6513190
6607956
6348037
6385415
6522856
6228045
6286007
6269882
6686992
6236838
6448522
6252389
6290331
6356156
6278914
6519402
6482410
6302926
6285930
6412390
6685963
6487070
6481973
6280306
6446476
6532222
6236963
6160457
6252203
6667588
6499639
6212515
6209611
6247414
6619509
6454241
6502187
6379319
6391229
6516690
6661275
6215338
6661108
6287132
6236310
6316445
6245280
6234073
6568056
6359936
6655851
6585368
6389036
6587013
6547546
6528113
6305685
6376730
6581305
6334663
6224195
6674784
6368285
6291523
6446739
6495243
6515205
6485270
6217450
6513792
6325673
6351497
6629055
6685473
6427405
6471402
6331898
6270971
6556387
6375756
6187657
6677898
6604869
6507904
6519910
6413640
6362695
6361281
6345624
6200328
6326253
6608610
6310273
6289566
6255806
6390703
6482956
6293761
6669744
6498771
6215662
6492797
6541134
6619429
6457665
6471056
6429565
6447180
6306517
6410867
6355363
6587933
6227069
6226312
6557238
6613232
6327134
6334743
6254688
6262478
6323048
6604023
6274214
6548653
6509654
6538634
6619192
6650543
6320362
6375145
6595474
6579632
6431491
6456902
6495145
6273575
6540823
6533091
6609508
6398712
6632602
6395492
6259955
6275709
6555464
6627175
6574839
6564458
6468527
6252828
6230237
6296846
6267443
6237057
6430962
6621533
6295120
6616876
6608258
6279095
6758989
6450745
6310543
6355041
6555703
6275674
6308316
6587546
6498965
6607664
6357885
6519018
6351044
6406113
6234189
6277084
6341958
6277574
6419352
6306343
6309207
6388286
6587658
6536888
6357338
6243133
6660276
6329205
6426890
6547804
6228994
6230006
6654213
6249446
6311592
6224017
6421166
6363995
6284606
6518683
6582936
6255376
6275662
6510461
6553086
6097773
6411463
6674878
6530989
6261100
6688135
6371111
6518410
6352234
6506540
6228781
6277922
6348409
6604104
6521931
6605415
6252652
6395377
6594658
6319963
6561368
6260770
6281916
6575508
6244236
6346501
6313015
6489892
6311763
6374954
6514132
6258244
6220971
6685404
6687873
6293724
6516376
6678022
6309619
6396756
6581904
6232382
6498981
6223741
6282447
6205053
6299096
6610261
6398931
6198513
6582914
6327567
6568420
6410645
6550607
6438963
6352500
6570515
6379080
6605076
6307606
6234093
6484798
6325862
6176667
6239280
6667555
6360908
6636280
6545329
6536559
6572523
6563335
6489442
6259206
6409252
6561958
6519320
6311782
6463777
6335247
6220493
6353280
6624998
6495991
6610324
6285648
6177189
6473240
6556809
6406772
6305456
6309901
6420094
6243025
6633465
6485411
6558685
6421978
6365046
6333655
6302712
6242064
6341403
6276439
6329661
6262059
6404467
6551491
6275595
6502129
6398544
6247986
6505217
6692189
6464977
6441586
6425607
6483893
6458141
6513866
