7224202
7199747
7199752
7206718
7225065
7188915
7214258
7179493
7212452
7198428
7201767
7209214
7212828
7188124
7220033
7206742
7204735
7200576
7202066
7216359
7206217
7222341
7182650
7208894
7196012
7193783
7184870
7202630
7201968
7207280
7201911
7207431
7163734
7213617
7214142
7209684
7191871
7205391
7197539
7211589
7201606
7187573
7201301
7214579
7202904
7219436
7203658
7203488
7211581
7225867
7222813
7220552
7231142
7210198
7222059
7194045
7222402
7192646
7207141
7226385
7210139
7212926
7183130
7198906
7184172
7207435
7206330
7184534
7207986
7208998
7208218
7197171
7211394
7190738
7221881
7209031
7199267
7194891
7206502
7201071
7200691
7234603
7227098
7210484
7177085
7222921
7213567
7212007
7239339
7219586
7196695
7218568
7207726
7203252
7182809
7224566
7210360
7198588
7193503
7220737
7215413
7229143
7186551
7230016
7180366
7225980
7213526
7207643
7206901
7195217
7195781
7220549
7217944
7212109
7209367
7213219
7206759
7207465
7207333
7236481
7209223
7200621
7192296
7211549
7219348
7212870
7191327
7209706
7216829
7196034
7206408
7242598
7186959
7205618
7216738
7204950
7210463
7202634
7219582
7198772
7196386
7217102
7176701
7215634
7175556
7214987
7219892
7222955
7195021
7201952
7189294
7205783
7199023
7202040
7220696
7202289
7218550
7196327
7207590
7195046
7193464
7182110
7218942
7221748
7200905
7220264
7210081
7213969
7225431
7196013
7206571
7221480
7200859
7203046
7214288
7215420
7198922
7200280
7185097
7206602
7175981
7194575
7199730
7209822
7173482
7186226
7209122
7189429
7205052
7095665
7212238
7202264
7198187
7190430
7209965
7209123
7188223
7188788
7202889
7200531
7210429
7212143
7218138
7212447
7223422
7195263
7191799
7198944
7201754
7223156
7222452
7199250
7180994
7185717
7186325
7214243
7177266
7202627
7212934
7231073
7230875
7203219
7211547
7218204
7197924
7223195
7207076
7226889
7213638
7215445
7220174
7219551
7220372
7207140
7220308
7204947
7201317
7213382
7206123
7215333
7190798
7194718
7205502
7190158
7195979
7224440
7213414
7208228
7176435
7202469
7214622
7214744
7203524
7207534
7189589
7198680
7209505
7205023
7216815
7196365
7216312
7183784
7209358
7199901
7192710
7203199
7188373
7202385
7220302
7201945
7207959
7169713
7204003
7226423
7214467
7196199
7222269
7220350
7219298
7223291
7206939
7185401
7205022
7213007
7200232
7211411
7216664
7200183
7222613
7189190
7210639
7214591
7211286
7198642
7213584
7227307
7215386
7209643
7187736
7187474
7196116
7205661
7189143
7210465
7216281
7215869
7198354
7217173
7212952
7194219
7180555
7223153
7215018
7211614
7192817
7205447
7191521
7234759
7218295
7211436
7217310
7188004
7207795
7188763
7211107
7194382
7209561
7195853
7218196
7192044
7212714
7196033
7216014
7211857
7191807
7190576
7191121
7252766
7188370
7212155
7213776
7200600
7219121
7220315
7203008
7209770
7220581
7198447
7188456
7194927
7203164
7177344
7195787
7227565
7228859
7195673
7212192
7221430
7179317
7216578
7194938
7205603
7215384
7187631
7203330
7229372
7217325
7170877
7209288
7179795
7213807
7203699
7204809
7195178
7180775
7199799
7199295
7222912
7196842
7192090
7217564
7198959
7182082
7213610
7234720
7205076
7208169
7201272
7202665
7209747
7218834
7193778
7203615
7198360
7214200
7211673
7206232
7184384
7176916
7213627
7221621
7209535
7203194
7211579
7177347
7213433
7187532
7230280
7207353
7212279
7217980
7211141
7244882
7235420
7222947
7193423
7212905
7211105
7207449
7221409
7175838
7206896
7206123
7185707
7197212
7186347
7219073
7225781
7221265
7204688
7208440
7195913
7186740
7214162
7228788
7209970
7219671
7210242
7221046
7188968
7201447
7212910
7210356
7206505
7209731
7230418
7230900
7182329
7188003
7227528
7198834
7187349
7188031
7197876
7202564
7205795
7200918
7227771
7190301
7195061
7211971
7196126
7167362
7209021
7188709
7201926
7223267
7222089
7195041
7196820
7239684
7206368
7227323
7219167
7209114
7214188
7183500
7215732
7199875
7194785
7202754
7186260
7212431
7222861
7205727
7215029
7204808
7206051
7193996
7215243
7168787
7201305
7186080
7183611
7206095
7200064
7207597
7219299
7214027
7223680
