6655462
7116308
6972456
6680527
6983599
7183934
7032655
7185542
7101709
6699094
7145147
7168504
6901645
7225611
6925006
6886376
6928293
6912268
7209439
7033220
6630165
6985143
7002199
6668213
6854758
7192264
6950583
6952113
6263581
7122349
7272582
6987283
7214100
7132820
7063715
7167785
7174592
6922311
7178322
7174938
7117352
7124495
6916204
6748363
7132673
7118510
7166108
7020354
7103395
7103274
6899414
6924714
7125623
7012576
7184488
7128626
7108280
7144566
7041634
6845196
6943185
7103915
6891663
6969756
7190288
6757918
7135687
7155248
7047851
7001090
7025340
7062015
7178619
7097324
7141805
7168341
7141040
7154224
7182855
7033968
6956091
7177567
7174070
7186962
7227504
7027757
7045559
7098921
7081910
7178513
6895773
7063412
7277745
7120959
7160836
7030552
6814474
7125131
6670233
7193943
7129764
6892996
7097955
7050073
6759104
7080148
6963835
7184941
6957955
7029883
7133804
7015153
7050777
6504757
7212032
7028906
6956869
7114885
7281319
7189694
7193997
6964201
7147124
6790111
7193572
7157558
6990071
7213282
7112476
7046123
6743786
7142366
7073492
6996251
7237645
7084208
7174587
6773701
7105367
6532199
6987759
7117395
7117308
7065947
7148486
7153117
6630544
7140130
7129677
6689727
7194745
7162034
7307538
6923302
6534430
7177042
7101776
7025128
7165027
6859455
7084039
7170029
6649033
7129718
6795568
7057010
7200885
7134206
6458630
7021729
7124923
7146221
6769224
7159964
6973863
7179946
7136248
7112510
6655246
7012311
7187076
7126014
6977385
7087369
7050931
7174544
7178317
7250740
6676876
7155524
7045531
7022395
7146647
7170500
7274514
6995201
7129054
7110494
7180529
7303486
7003801
7112817
7302117
7105411
7178437
7135336
7084583
7097606
7175712
7152401
7076890
7195468
6940186
7114764
7073766
7129640
7075931
6542696
7219594
7217551
6566730
7070836
7041860
6827733
6904219
6934305
7101773
6890598
7011613
7143343
7130452
7202711
6995827
6995258
7094150
7186922
7174888
6438320
7164211
7096786
6882383
7203232
6578507
6757580
6941211
7216086
7008943
7201834
7147423
7124271
6972771
7054434
7121798
6795487
6782919
6966613
7134496
7189194
7095947
7226374
7150550
7171056
7113199
7179014
6866065
7137953
7147058
6631829
7026690
7129436
6847775
7190784
6669483
6478166
6805316
6493216
7144097
6669916
7106597
7071812
6962651
7272036
7033361
6998712
6998630
7148455
6625249
7213682
6893948
7110471
7228263
7050492
6969376
7137809
7020559
7129041
7237859
7203929
6981676
7138449
7161014
7116479
6789934
7087842
7179300
7050120
7091840
7117124
7053054
7173798
7125424
6812105
6971721
7162962
6862982
7213226
7144479
7181345
7143416
7040519
6991928
7139281
6990293
7093564
7162257
7099365
7071212
7167651
7157072
7174265
7154600
7136232
6647822
7122593
7205034
6702717
6875054
7074097
7168501
6954121
6758776
7120896
7022436
7043403
7143280
7155777
7223251
7195979
7159275
6759053
7016192
7169369
7149060
6914060
7065437
7169839
6858268
7158571
7139541
6891769
7150468
7179221
7178461
7196650
6951955
7188689
7163661
6934175
6940592
7177208
7187266
7176588
7196364
7132787
7096889
7062929
7101159
6556893
7103877
6277049
7078149
6596703
6498419
7124961
7203791
7201251
7153471
6862504
7081174
7169558
7047305
7175557
7153967
7129001
7163174
6764910
7099634
7199897
6931086
6975815
7167777
7086207
7146425
7044480
7125941
7339192
6933761
7127494
7218146
7019314
7053605
6939447
7038611
6695855
7196655
7168861
7096160
7130335
7232710
6679274
7233459
6507416
7144654
7154743
7232709
6773582
7265896
7210214
7177662
6940690
6580942
7191257
7183907
7105921
7136689
7143339
7168046
7197505
6854750
7052361
7247290
7142285
6704451
7159768
7123878
6995018
6623517
6937094
7204890
6569251
7166948
7089634
7175066
6903935
7165524
7164141
6672042
6350929
7128361
6960221
6587968
6607876
6618077
7036168
7162921
7218288
7169441
7148216
7123041
7095756
6559618
6657228
7179266
7062330
7038748
7196889
6871009
7188507
7098717
6861831
6592416
7107521
7149040
7191750
7076225
7135034
7005358
6500477
7145409
7039743
6786925
7134015
7170372
7074589
7055003
7183515
6978537
7177194
7034952
7111972
