11765
93989
28317
97852
10346
31410
107213
21154
67438
85527
11210
13446
14513
90446
89434
123768
23980
83615
77783
7737
22761
23117
79978
30467
12360
28529
86181
11126
90611
16544
115454
110473
129299
11735
94785
77090
83653
90546
77148
134613
81570
27385
87133
77023
132547
122895
30233
80035
24078
41750
89939
79691
74953
83065
144506
73516
94109
99572
96320
28361
112646
93067
97193
85956
94743
94779
75139
66362
18708
85058
94219
91530
4292
115526
16359
81286
99992
96146
115773
78242
70621
67971
99070
15138
87028
22904
35145
77360
18758
83508
41920
18378
28837
93786
22637
20917
28568
72907
23322
83801
12094
87343
31592
90770
19143
10681
102399
74968
20757
99143
74791
76462
95394
61781
10189
77844
68431
65673
99281
34960
113736
74227
25871
104704
83368
13071
69910
6304
16733
79906
80602
103606
72109
88947
26365
81404
10523
98927
93603
78455
99459
23776
19955
15824
72945
98822
10574
90005
68158
14794
95695
39082
78966
134842
79415
7584
9080
92589
41118
14306
18091
122580
15867
77994
35377
32374
95241
17412
95197
26248
97988
83482
27098
29251
13869
32576
83528
26727
49527
74217
88658
92329
42331
126364
92212
6411
14470
83260
85378
28166
105410
71368
79587
73209
22889
18538
81043
44825
19253
86989
10371
22281
84833
15493
88293
109182
84863
126690
29420
20639
82574
71854
91407
37767
15022
100908
34069
87235
23248
106035
116713
102657
83741
71823
25408
74539
81370
2255
97825
92031
92821
71860
90264
74982
120924
82523
23308
79799
91556
6032
35552
95615
114578
98838
72443
13619
29449
24936
85245
10002
14352
80142
97975
17873
13888
22855
35838
92913
38189
5979
91747
12439
103113
8803
93130
6529
3259
7140
114033
12592
30073
37928
35543
110521
95372
83528
8669
5504
21320
19378
21147
77186
94898
96369
18099
12780
9650
74917
69740
17385
78533
16674
100787
85836
7850
69972
10045
99539
79879
72157
22289
22524
25470
22546
27821
64308
6333
102965
54092
9885
13632
27293
39424
84508
27148
16507
92634
104605
85830
16545
90693
20875
24478
61417
73574
92899
57777
95345
17053
85686
35321
87205
16960
92157
66255
15127
19254
12794
42491
78983
70662
6366
63205
23545
85765
19887
11109
101429
85753
111622
17798
74919
91406
7354
10715
97098
71160
90270
83587
20687
30697
30238
90846
35240
79147
121421
20190
73537
19751
116928
100788
27741
115628
91630
26876
73592
21723
12435
22210
74615
107948
21478
6946
87948
26175
106552
3722
75293
90257
96279
81336
85113
73912
72807
73543
11471
118858
18192
75748
43998
62526
98460
18289
69028
12811
9305
24922
21771
80217
24462
70550
20739
89866
37387
22890
12069
25830
115885
18847
81475
86104
82254
76434
108345
116768
81931
31766
16407
86512
26784
19055
18466
104205
89520
95607
86864
16929
20838
42404
11309
96433
71917
13089
100753
69815
10970
30891
28240
83884
26306
22364
4659
25098
19959
11181
94233
101764
6580
99352
99393
21442
96656
19214
77326
28739
81865
15883
87928
39824
25062
112275
83657
14008
83680
9613
30259
47091
5823
94159
13533
74605
116914
14511
135645
86032
87258
83006
103584
83365
107847
89782
86257
88527
37598
17836
89496
39240
39145
114623
13426
