1777988
1616999
1672350
1653553
1735248
1741105
1643834
1636178
1689207
1648554
1747343
1654164
1675487
1601860
1638154
1766146
1504448
1617414
1700390
1744368
1688442
1616788
1669664
1755477
1762937
1782845
1616312
1624529
1566853
1764926
1704613
1725506
1713360
1747325
1664237
1758123
1619696
1602327
1638592
1748627
1680220
1608904
1619459
1653882
1582022
1753413
1763452
1690710
1688544
1655950
1718479
1606887
1718985
1748774
1692511
1662190
1710800
1705293
1710094
1737380
1594949
1688458
1699552
1719630
1763775
1661083
1709574
1655796
1745634
1740746
1721315
1706034
1646927
1755417
1688690
1688716
1727753
1707099
1748176
1714416
1656047
1704356
1650448
1697993
1695025
1713566
1632953
1694386
1650456
1724117
1682868
1811773
1668965
1733098
1732438
1718803
1741378
1710844
1794383
1762981
1622725
1653179
1795153
1756955
1704458
1650444
1669156
1716268
1721354
1708835
1693116
1757593
1638213
1670456
1687178
1695344
1579300
1726818
1799965
1689758
1591310
1761696
1740086
1620830
1703544
1691541
1758275
1707224
1565275
1729224
1698682
1662730
1662454
1702337
1758128
1697069
1707541
1704600
1700580
1605008
1748705
1671321
1745819
1651764
1615243
1767647
1706824
1663501
1817354
1752227
1704182
1795785
1705738
1629163
1647387
1718087
1678498
1691892
1698111
1601902
1760428
1720956
1715748
1687035
1660740
1694874
1715824
1714506
1692158
1663741
1685508
1628021
1721525
1577473
1654231
1716587
1723527
1719181
1688205
1709946
1629313
1624923
1677044
1671552
1803557
1689858
1733624
1744737
1726418
1710252
1583581
1712212
1746259
1599006
1702699
1642444
1700972
1741362
1669352
1736831
1645301
1665673
1676767
1702733
1657105
1660429
1785453
1840195
1699087
1702202
1645584
1769284
1707220
1714021
1695506
1676148
1740263
1695385
1720906
1595693
1791362
1810108
1678249
1729427
1714944
1713319
1750264
1733447
1717154
1763502
1607581
1828949
1813885
1709478
1739724
1712945
1660517
1753289
1631423
1671597
1764103
1685864
1744630
1669135
1751164
1693568
1734100
1732075
1707790
1783231
1676528
1739474
1664209
1692501
1709708
1700552
1713397
1687715
1707398
1651131
1811165
1720457
1598203
1703439
1757041
1748122
1700211
1700929
1671288
1778926
1722058
1641652
1710421
1646910
1645219
1675214
1681184
1627777
1700577
1751609
1613872
1722842
1687886
1668270
1699329
1750618
1701394
1738842
1694865
1718454
1718298
1664716
1630036
1627393
1667847
1683326
1692371
1692335
1656980
1727667
1735987
1767165
1623734
1650085
1631752
1655903
1634778
1726139
1690080
1661886
1718264
1670574
1607449
1696602
1719751
1710233
1634509
1660084
1681600
1750359
1639880
1682645
1699732
1703935
1760119
1797597
1651994
1747090
1711244
1674645
1778386
1730323
1718761
1716514
1768981
1555480
1729077
1678055
1772428
1762415
1722737
1745201
1755005
1725524
1694991
1613497
1604892
1694634
1697696
1696440
1722844
1710062
1665668
1718277
1678905
1709800
1718597
1745319
1721020
1668396
1693207
1720397
1720436
1821450
1752948
1733755
1735291
1613911
1731484
1703060
1684744
1776859
1566375
1679707
1544583
1728881
1659817
1572172
1683045
1658994
1669512
1722677
1674308
1753629
1747256
1737689
1697762
1636017
1684848
1726549
1752774
1643839
1640211
1699681
1662294
1700841
1688503
1774718
1694543
1644241
1673924
1674576
1677733
1641751
1677026
1736595
1702673
1611324
1656770
1674054
1742063
1708590
1577717
1643443
1691710
1672287
1786865
1609962
1726442
1633440
1740476
1703637
1815815
1693002
1715747
1703443
1713877
1667308
1669587
1607910
1719905
1726525
1671703
1627170
1606933
1686870
1724627
1649404
1665915
1655506
1727148
1768131
1668197
1746378
1779419
1722033
1708989
1699729
1713613
1666842
1619114
1639537
1656174
1757309
1761040
1637024
1805418
1734547
1736197
1685347
1614900
1619083
1808889
1675281
1672328
1718016
1708245
1577072
1681368
1693861
1675922
1694234
1804716
1593189
1729857
1617026
1674535
1738663
1636492
1670809
1672706
1728213
1621905
1657613
1642790
1782426
1728225
1693457
1796829
1759572
1703185
1747685
1655717
1710131
1703457
1608710
1563800
1598736
1674215
1642347
