6968009
4127443
7157488
7186078
4280604
7061455
5523317
7010077
5446769
7295227
7180505
7192357
7043135
7083069
4354808
7235376
7211296
6558488
6813724
7200822
4005456
5381990
7207205
5357131
7090584
7203474
4133363
7199565
4706898
4985918
7195852
7174340
7210232
4678612
7092556
7088363
7350612
7232499
5553695
7246981
7147954
7167296
7111856
6704877
7141547
4605735
7152653
7197336
7280392
7256616
4331180
4242450
7220120
7158846
4936444
7211309
7234156
5731683
6328757
7295562
7156436
4027755
5054515
7200405
7058966
5625311
4740424
6568164
5599978
7301209
6766054
4076484
7297358
4363397
5068544
7146137
7151515
5663100
7106676
3659918
4302112
7245488
4130634
7218316
6584184
4251656
4853301
3979859
7134270
7022820
7163039
7162955
4512785
6535470
7288406
7243135
5451758
7268728
7215206
3921709
7130193
7194576
6692008
4063782
7187270
7178718
4456309
7148166
4819963
6986052
5845134
7152411
7285774
5468438
7034391
7067517
7082921
3910868
7056073
7189198
6912118
6165924
4823371
7135874
5653925
7123359
4454440
7041842
5607110
7189891
4129889
7138202
6294521
7238874
5681508
5825134
7157722
6975136
7194761
6320617
4957809
7077817
7088498
4829139
7232985
7199874
6752593
4225176
7188708
7054139
7142431
7159695
6592989
7276356
7111261
7208880
7175842
7235467
4338026
4225504
5397236
6901326
7162385
7249912
6786076
7129483
5003854
7295105
3860429
4201887
4046594
7209491
7159656
7114986
5795357
7119461
6333511
6242355
5636288
7134772
7260940
7240514
7255524
7200401
7306743
7220245
5546055
4033162
3509089
7182101
4198731
7125976
3928608
4752194
7178918
7139675
4316776
5090624
7102903
5514240
7001578
4456046
4028157
5832853
7241403
5048827
4395519
4183618
4405615
7262277
5803457
7227969
7163744
7329650
6806402
7239390
7201575
7137486
7235297
7099805
4198089
7120046
7147279
4478881
7176220
5627441
5551423
7145144
7123899
7127812
7131068
5499347
6172368
7127083
7213252
7201504
7192049
4145191
7192083
7176808
7255042
7181629
7127914
7137024
7117902
7065683
7153751
4181071
7308966
7155025
5033087
6550530
5487275
7155878
4842913
4825194
7197630
4057169
7130105
6561075
7148087
7203029
5793830
4334904
7044826
7171326
6923116
7101511
7264187
4643298
7230310
7132787
7054535
7074673
7156956
7146720
4904091
7183807
7280006
7142400
7189394
4174434
7135082
7149529
7166612
7187500
6705652
7097631
7022378
4493655
4420420
7204885
7079263
7166647
7182388
7103288
7100574
5640717
4087618
5005711
7273844
7160695
6616994
7266014
7078810
7276385
7167549
6636656
7038252
7376545
7217875
7240351
5073419
7304502
7177928
7146943
7170393
7165718
4154234
5814492
5610088
7144944
7188159
7121541
7234999
3672892
3915188
5472666
7317967
4206505
7131931
7085399
7140542
4198013
7011752
7255989
4135324
7254648
7171654
7299067
4675470
6625200
3467650
7207949
5633460
7244438
7147090
6915544
7161121
7161074
7306527
4200988
6475830
4308218
7103119
4411306
4548061
4518389
5756856
5194096
7207750
7307579
5332749
7282285
7010866
7152089
7101221
7171263
7230812
5010206
4021437
7199350
6657570
4437054
5668968
7354066
4064562
7097582
7296935
7063992
7281711
7111589
7146352
7078331
5584322
7175285
7191207
4561342
5646654
7022804
7194876
6717260
7182205
6043482
7098916
7172380
6587063
6885338
6654608
4187277
7150092
7167585
7173423
7147414
7103080
7042001
7212119
7178506
7146277
7189889
7224968
7140783
7166419
7138827
7206988
6983325
7175414
7224835
7224535
7119761
6799957
7094630
7088632
7030799
7215555
7062863
7066927
7251862
6934209
7179318
7195185
7146702
7141013
7203147
5372250
7027315
5697086
7156594
6662649
7086623
7164501
7293702
5994673
7096233
5111861
4783139
7187476
5470595
7095774
6839968
7184111
7175604
4482775
4601836
7187013
7176435
5945066
5494793
7098346
4383249
7136443
7174530
4943372
4860365
6862777
7087243
7248242
7182611
6791429
7184250
7182844
7187237
4401987
7186707
5168330
7161663
7100011
6652530
7171844
7122958
7170857
5577318
5054553
7197263
7204908
4260718
7209336
7155751
7198057
7161583
7145318
7214728
4238325
7196814
7207365
7167631
4366919
5659421
7157000
7225171
