1737248
1581161
1723682
1636202
1686214
1715879
1714647
1614600
1720241
1674276
1705622
1689188
1720887
1643545
1580504
1729490
1657793
1634239
1641886
1708208
1634430
1621235
1739575
1737533
1755318
1741637
1693113
1661978
1661556
1723624
1742314
1705580
1724290
1730980
1568607
1706995
1606527
1647384
1664021
1824257
1657033
1695044
1587792
1617979
1688916
1708766
1596116
1654461
1724839
1719078
1684527
1591659
1731421
1723181
1609097
1699981
1663677
1698907
1641230
1738239
1626324
1602849
1612822
1692095
1648346
1779587
1698570
1610191
1609635
1800674
1712620
1641285
1693154
1785887
1659755
1592409
1680430
1714526
1720956
1695112
1684863
1725796
1671293
1691554
1802338
1683212
1620981
1653700
1583459
1516577
1657525
1685513
1651210
1700611
1685038
1660919
1693522
1720578
1747312
1681100
1658414
1640996
1591673
1722887
1642741
1636497
1671852
1680398
1723822
1632893
1697827
1682342
1555111
1574262
1604628
1717822
1618431
1659813
1698177
1607141
1669722
1679018
1578480
1698903
1564958
1618454
1693844
1673075
1661604
1738616
1681177
1759667
1680318
1622440
1667758
1633946
1620774
1719374
1739905
1555361
1750107
1704796
1729646
1703900
1652287
1658962
1721138
1709934
1685531
1728571
1714243
1650935
1678039
1778275
1690212
1729230
1702706
1764166
1658672
1620543
1681551
1714844
1736011
1701704
1652249
1743353
1761773
1663689
1715933
1616115
1683028
1580528
1620874
1607684
1703076
1684895
1690392
1688285
1652977
1681552
1729874
1766103
1618768
1704482
1759600
1721193
1657307
1661158
1634061
1690945
1632134
1726065
1693055
1514081
1595444
1697651
1696372
1730265
1680305
1694176
1619860
1668198
1623913
1700336
1677111
1708006
1674065
1842666
1651726
1743582
1658179
1717029
1654388
1708573
1660636
1708886
1661900
1677100
1658726
1692827
1676419
1816438
1698728
1624829
1628935
1607341
1614873
1706950
1639794
1698047
1699074
1639406
1691219
1704463
1701317
1627167
1601782
1686787
1681241
1727634
1707398
1555932
1733164
1723731
1669866
1796824
1672422
1684622
1586078
1631224
1672068
1677732
1641638
1679510
1615133
1718313
1631663
1669307
1674554
1600082
1788368
1591280
1686737
1580540
1729158
1699606
1750241
1709039
1680343
1673226
1625572
1724806
1612833
1674146
1721939
1719503
1641588
1698627
1705525
1596664
1673331
1634415
1703754
1685715
1710281
1767252
1611445
1625128
1631170
1646866
1680631
1813331
1663873
1678479
1669332
1631402
1616180
1645535
1707837
1708929
1662983
1739249
1658532
1690189
1691732
1610892
1643902
1754456
1729213
1641776
1697729
1692688
1625753
1544644
1657607
1733817
1740434
1723494
1595648
1718672
1677295
1713566
1722351
1690919
1631281
1656897
1666430
1737358
1658659
1632517
1615988
1622276
1645868
1695867
1731330
1716745
1731482
1570278
1708168
1750262
1746185
1636393
1731483
1689869
1585340
1603730
1689672
1660213
1612412
1856992
1787637
1740779
1658512
1729891
1638839
1756046
1746905
1695439
1646157
1690486
1580835
1638485
1602415
1611417
1621341
1721151
1659419
1620520
1671437
1620173
1690133
1747024
1589622
1683414
1620736
1703846
1578568
1698551
1749295
1685013
1672413
1604852
1716575
1703655
1778643
1749497
1659943
1654087
1714230
1716738
1767057
1586880
1651928
1663018
1656643
1735492
1636186
1639151
1588347
1675234
1653744
1635655
1692920
1551512
1724006
1727691
1687383
1684905
1743445
1713749
1767246
1633971
1618076
1633572
1661037
1677885
1720948
1689721
1689094
1673927
1655410
1694342
1737225
1738119
1741114
1726673
1695511
1664205
1593060
1585198
1757299
1672623
1711785
1706413
1715192
1706799
1763783
1660498
1718619
1651669
1592274
1676628
1684460
1761024
1667309
1704542
1642820
1578949
1680954
1650898
1704520
1639395
1631524
1594537
1682065
1624442
1755089
1743051
1699263
1747499
1567709
1632450
1652811
1657164
1646625
1685210
1628696
1655017
1524056
1623726
1658653
1630100
1686594
1658259
1656338
1725840
1599369
1785300
1669204
1758502
1763501
1628233
1582949
1731633
1765191
1692241
1671376
1664136
1724539
1695057
1600080
1716637
1638638
1626166
1733548
1574066
1663479
1716537
1659917
1656683
