7456933
7459484
7463747
7458693
7457849
7349751
7460092
7352860
7462705
7460200
7461983
7353973
7458191
7456044
7468054
7462743
7353275
7356996
7457030
7458792
7461207
7464288
7460870
7352151
7464733
7458222
7460259
7365332
7353723
7351535
7456866
7458950
7361144
7459041
7365916
7456913
7393544
7460406
7461781
7354313
7458788
7358634
7465390
7463182
7461223
7355800
7353525
7458594
7466783
7464022
7351940
7458104
7465372
7457241
7351865
7465481
7352156
7457731
7459756
7462379
7352968
7466239
7461646
7460045
7461465
7461477
7462009
7461555
7466477
7460810
7463225
7463926
7358682
7460718
7350329
7458788
7347942
7458724
7467678
7348550
7458155
7457233
7463412
7458664
7457561
7348305
7458756
7458114
7460083
7461076
7455909
7461879
7462776
7358312
7346921
7461711
7344002
7351406
7457613
7461661
7346185
7459893
7468525
7462464
7351665
7463122
7461662
7459770
7464804
7457866
7459018
7458730
7347939
7460785
7463001
7460351
7457752
7349084
7459593
7457720
7464933
7464626
7349682
7460905
7349075
7466268
7457097
7460732
7461302
7457543
7459449
7459414
7469023
7461720
7458432
7461552
7351854
7367230
7460817
7347502
7456476
7459206
7464520
7461660
7352927
7468908
7357044
7352601
7461508
7459654
7459692
7362033
7457034
7457084
7460400
7394547
7459959
7457129
7366180
7460684
7457492
7350178
7459561
7464091
7362500
7362094
7349786
7458794
7352791
7460336
7463403
7462457
7459206
7462039
7350621
7357739
7461801
7455784
7361684
7457762
7462426
7350969
7348052
7353046
7462201
7462036
7461437
7457052
7464164
7463730
7461113
7457393
7460092
7376911
7468373
7458280
7458106
7459227
7468416
7461083
7459723
7345199
7392467
7460962
7466446
7368411
7460799
7462115
7351412
7457498
7455586
7462519
7455503
7457885
7461327
7459469
7354698
7462487
7455348
7350779
7351293
7354488
7349140
7394096
7358271
7350452
7462164
7353741
7458173
7363680
7362599
7462862
7463904
7352332
7459107
7456536
7463498
7459339
7454762
7459607
7455863
7350950
7349084
7464514
7354047
7460280
7350453
7457227
7457979
7461475
7460414
7459118
7458107
7457713
7469158
7458111
7348767
7464753
7352481
7458311
7456945
7350324
7458115
7458173
7467861
7468170
7464057
7348056
7370886
7465276
7461572
7464010
7454028
7362173
7348638
7355844
7361136
7350297
7460075
7461796
7351115
7351287
7365517
7461788
7463213
7349219
7460858
7457790
7461380
7457189
7349751
7460865
7461939
7470783
7461532
7465624
7363698
7458351
7458737
7461435
7360205
7369975
7456837
7361787
7353025
7348670
7351196
7456259
7457909
7461364
7350205
7457551
7463885
7460725
7367455
7461473
7460132
7458435
7458021
7355960
7463964
7458874
7460451
7459281
7463065
7458581
7346623
7351059
7463738
7458759
7462043
7460256
7355759
7465714
7457755
7461011
7462230
7461502
7469712
7367057
7457914
7457314
7459799
7348225
7459709
7350134
7344726
7365388
7464766
7466794
7465202
7462018
7358744
7392309
7349964
7381198
7360905
7352311
7465760
7351466
7459961
7350570
7462672
7464901
7462564
7462670
7353339
7460239
7457071
7373132
7465298
7461532
7352389
7457070
7459060
7463091
7352993
7457759
7352388
7455451
7347292
7457966
7456834
7463531
7462264
7458087
7399552
7458577
7351740
7458156
7460936
7462377
7461446
7456306
7354848
7355608
7388934
7372129
7381657
7353703
7459197
7352458
7352634
7359396
7458986
7352592
7459118
7459084
7459689
7460596
7457518
7374368
7355257
7356322
7467422
7361483
7354319
7370042
7456675
7457850
7354105
7465386
7349709
7456532
7462777
7465465
7461414
7357812
7458490
7354556
7462960
7350416
7461028
7348775
7462633
7456857
7458886
7462334
7352433
7348702
7460280
7363708
7461306
7457984
7348685
7460793
7458695
7455238
7463746
7350252
7353005
7352211
7352516
7349282
7353458
7460391
7459725
7462676
7459192
7349706
7470028
7460995
7348157
7460864
7460697
7461475
7460871
7459727
7463557
7361703
7465480
7463121
7455057
7350966
7462308
7462972
7458713
7350115
7458632
7466296
7457023
7458152
7461857
7456329
7460672
7459319
7456422
7463104
7458982
7348536
7350458
7359684
7465281
7457725
7355314
7455075
7346938
7359075
7461904
7457650
