2019300
1904389
1906207
1733802
2194455
1970337
2096834
1954629
1637355
1981022
2065316
2092565
2060040
1788998
1654081
1903198
2234447
1960098
1865611
2117246
2003175
2177777
2242540
1776008
2014891
1936293
1737659
2038924
2105524
2003417
2000402
2040158
1802868
2012989
1826408
2030325
2086679
1828574
2191422
2088551
2065827
2160326
1638430
1622437
1788743
2137913
2361410
1910817
2034360
2053341
1912430
1930078
1931014
2337171
2219410
2588717
2053908
1942316
1857227
2067496
2098969
1834124
1769049
2016013
1583199
1994217
1752084
2092569
1669321
2019824
1962965
2038959
2016531
2125715
1987599
1900667
1914108
1697193
2186405
1675656
2449051
1703177
2311412
1910877
2110241
2019155
1866289
1762218
1895214
1821416
2091097
2348340
1893765
1960512
1815360
2051810
2175702
2027744
1765127
1884908
1609688
1935128
1828233
1864660
2157323
1994350
2229948
1789079
1831015
1762621
2204689
2196648
1607440
2172629
2219189
2155444
1640763
1809521
1867563
2228553
2089185
2178771
2220427
1839233
1795694
2033359
2043493
1780916
1742442
2582225
1900117
2049295
1734010
1901229
2093776
1740167
1923084
1677541
2057099
1752125
1997881
1991734
2058475
2089954
1868835
1948339
2067002
2058729
1526948
1951667
1661627
1876798
2037799
2042677
1936343
1939099
2008849
1772309
1967563
1948015
2096749
2062659
2002178
1986266
1897066
1855933
1910775
2115466
1841286
2181721
1667143
2118849
2523229
1775899
2012774
2226058
2172841
1986766
1493741
1819436
1963203
2035168
2327770
1821707
1945459
1885289
1614298
1748121
1833099
1790845
1732767
2427058
1526265
1840594
1864654
2008119
1785651
1436525
1764195
1807072
2060413
2231852
2368084
1906871
1742043
2109118
1865522
2083118
1720634
1923385
2248314
1908959
1897222
1861543
1741264
2044817
2182742
2025671
2239109
1978771
2049330
1862725
1908314
1929964
2059455
2218790
2083832
1989771
2044734
2074327
1886264
1744875
1954108
1752656
2033674
1844696
2067661
2102445
1860742
2238199
2061107
1873331
1946360
1688444
1713778
2029311
2335121
2029469
1950796
1910492
2115332
2013266
1946077
1898314
2228773
2162020
1780406
1645285
1866419
1874735
1882861
2070744
1935698
2050335
2051678
1952329
2072449
1992591
1878269
1845565
1859003
1381928
1841176
1803434
1779510
2105076
2382712
2154575
1721771
1876022
2058801
1812430
2097692
1873943
1771499
2134543
1689875
1926104
1657631
1810441
2066010
2129818
2207107
1812734
1923680
1927863
2037441
1786930
2000604
2030663
2052760
2183171
1916525
1753927
1960230
2021484
1921312
2128471
1941174
2085261
1765272
1780953
2177346
2083144
2186796
2206274
2019908
2270121
2226595
2002393
1966038
1843675
2247187
1661746
1976239
2089036
1859391
1809354
1867827
1786971
2378395
1951694
2188878
1749489
1833109
2111647
2018011
1900372
2223494
2096154
1913268
2375024
1670246
1808371
1751433
1689091
2023120
1945865
1902884
2060736
2262232
1913204
1879102
1798338
2000776
2151977
2180896
2092425
1679623
1903624
1882179
2351904
2154892
1827682
2092740
1911099
2188124
1984670
1919422
2281599
1895896
1655872
1981910
1781630
2143103
2010623
1926265
2141119
2105875
1856583
1927313
2077461
2043783
2039510
1971090
2066956
2304660
1590120
2086939
2141708
2029557
1809982
2082059
2166563
1805247
1967807
1841579
1950232
2149384
2077723
1866808
1730508
1762526
1810580
2141310
2078121
2047729
2028318
2122548
2038555
1860791
2154632
1893415
1482267
1981146
1716907
2111934
2058734
1967860
1625253
2223197
1903670
2194341
2181383
2069125
1862916
2247719
2238159
1837543
2045483
2262806
2166362
1775473
1895241
1731491
1987226
2269172
2257533
1931485
1991159
2169671
1580779
1882249
1748871
2072248
2142045
2180098
2188732
1814895
2310625
1859934
1818056
2095924
2085443
2043376
1740327
2209783
2175433
2231791
1942016
1766903
1963340
2176707
1650922
2201141
1875514
2072067
1903157
2235816
2269240
1847826
2086689
1669054
2225917
2052295
1972032
1703296
1772437
2010083
1980703
2240967
1781654
2206386
1828264
1879892
2275508
2320952
1955236
1989106
1748444
2119039
2031789
1857694
1983278
2060095
1967187
1874184
1918872
1902715
2116739
