6618951
6627537
6574848
6671140
6590802
6705733
6605211
6659588
6648328
6611044
6553117
6773013
6678445
6634323
6728115
6751102
6671555
6507520
6686554
6620949
6646381
6685547
6773813
6698837
6661133
6595130
6646576
6524386
6614007
6590395
6582241
6674139
6744209
6714748
6493200
6651156
6609505
6609775
6711318
6694893
6481478
6739870
6602721
6653678
6681477
6576065
6587319
6625189
6746390
6735796
6715749
6616286
6806893
6669723
6586858
6631518
6676743
6703497
6684095
6677304
6603947
6651157
6709057
6692998
6650532
6544472
6631418
6699664
6779370
6593812
6680636
6697125
6624686
6681280
6712865
6737930
6531988
6737374
6619486
6607797
6577835
6657319
6693316
6467457
6662494
6606388
6678850
6677493
6630323
6651717
6710138
6725600
6686417
6535757
6726444
6704967
6658581
6717312
6757329
6669082
6599374
6484159
6650902
6761724
6605588
6530707
6656620
6613811
6780463
6731036
6597027
6678229
6639193
6660836
6409737
6727671
6637963
6549796
6667787
6706776
6690213
6704180
6697121
6678400
6667195
6498809
6498164
6518874
6719094
6545913
6703525
6565449
6645848
6646228
6695575
6667250
6625014
6704512
6593213
6629996
6663609
6585473
6675250
6576403
6689440
6609239
6650374
6497274
6768678
6623326
6755505
6653243
6615160
6642653
6537244
6735966
6612834
6513982
6725689
6734896
6594797
6776291
6690940
6573068
6708481
6680355
6686236
6698984
6509974
6587274
6674772
6740532
6658070
6658294
6669872
6632333
6754987
6751715
6612373
6586711
6685663
6634692
6698907
6691588
6523066
6575202
6712762
6759057
6585795
6625701
6689043
6763077
6537291
6680288
6614297
6647756
6573178
6567745
6615630
6667221
6618382
6601689
6606951
6713052
6767882
6688076
6623198
6751316
6474990
6679319
6772018
6691873
6657630
6652080
6584409
6647561
6733795
6661525
6641327
6670950
6663018
6675765
6708843
6517983
6646853
6604454
6672532
6568348
6689944
6586440
6679241
6729916
6555724
6647272
6671817
6640188
6726029
6631998
6524019
6546874
6659519
6498836
6684285
6653390
6627062
6678788
6665448
6615525
6782869
6685109
6675070
6722974
6548874
6624351
6651483
6701396
6741158
6628924
6681587
6668407
6578858
6475452
6690005
6448027
6751501
6628041
6667947
6553388
6700989
6600217
6765070
6701213
6663155
6670277
6599800
6651687
6683087
6513915
6594644
6642509
6617209
6599584
6617629
6650197
6666302
6722556
6688981
6600872
6710168
6610114
6647423
6659976
6616828
6722850
6624595
6644119
6652420
6738217
6699171
6724520
6620503
6707442
6622241
6727982
6624573
6612380
6610790
6683386
6629534
6425696
6695050
6729038
6710899
6601966
6618485
6681145
6662408
6733622
6708871
6560317
6712533
6657038
6658953
6439288
6740307
6641728
6566103
6569915
6739561
6536944
6485430
6568327
6665948
6668160
6582508
6632056
6658979
6668148
6751779
6658551
6629809
6704699
6544313
6720280
6515280
6700956
6581133
6572986
6656997
6681652
6762288
6691808
6676501
6687556
6499209
6646763
6782075
6712046
6705489
6526509
6691981
6660952
6668910
6573569
6583985
6569252
6552996
6659096
6579773
6669124
6622174
6639631
6661815
6547963
6790687
6529868
6513951
6596720
6639845
6534508
6625680
6714226
6711713
6522186
6653221
6717975
6620160
6678920
6746078
6585042
6712854
6531063
6604338
6626706
6755223
6579430
6630064
6664636
6577175
6696126
6668114
6590922
6694141
6481439
6629413
6617129
6833594
6692153
6680470
6704361
6610478
6556636
6727628
6729516
6636278
6750013
6703645
6627656
6677642
6551595
6687579
6655018
6712313
6704729
6755675
6638488
6664114
6707066
6525495
6702002
6598931
6680734
6727749
6568739
6694359
6494273
6670362
6719648
6738370
6706103
6538441
6542444
6647569
6482193
6614555
6657405
6750617
6685340
6653672
6742448
6657069
6653909
6592807
6410192
6735446
6760497
6522405
6620008
6719889
6559785
6549261
6539835
6635165
6737389
6689442
6726603
6635188
6600426
6566583
6702589
6677610
6680535
6721438
6712506
6600851
6656756
6813083
6690716
6596248
6683693
6730705
6761775
6645138
6628084
6716784
6659147
6638501
6577484
6690474
6568354
6633511
6683782
6765373
6685278
6658519
6727477
6770010
6705566
6600970
6752783
