7230879
7233491
7318010
7271236
7235490
7284126
7327258
7317484
7266689
7249005
7330941
7226060
7296708
7325414
7330073
7303112
7329997
7328115
7123623
7293186
7306317
7321601
7331764
7211510
7250304
7267672
7320612
7333794
7319889
7244913
7265034
7295632
7328959
7262247
7338616
7331360
7162752
7219694
7333941
7332047
7250823
7239308
7327604
7257819
7207647
7330297
7260333
7246364
7327258
7227423
7238190
7224068
7259453
7332113
7332795
7233150
7166171
7330994
7255033
7324227
7322264
7184393
7235710
7308326
7317212
7241629
7301033
7216940
7311655
7281757
7328090
7274304
7335743
7338532
7321692
7304136
7329236
7238951
7321070
7310112
7238027
7269067
7446220
7322548
6969147
7402132
7205176
7330005
7338192
7215758
7316753
7321360
7232462
7330008
7246371
7337096
7286724
7301563
7328837
7252002
7332455
7321265
7319171
7243315
7336225
7319298
7332002
7277080
7333598
7264898
7328726
7073843
7340128
7340815
7271450
7292262
7332487
7303754
7337730
7326242
7327989
7246155
7287409
6913874
7305006
7252133
7325623
7259478
7331111
7297129
7339126
7253850
7287625
7328510
7343506
7322204
17310
7269045
7341500
7279171
7334146
7256702
7303686
7327567
7297208
7233161
7231489
7311816
7326560
7290061
7330223
7238589
7268581
7216115
7297598
7325253
7239018
7227564
7247240
7320944
7258031
7216726
7320399
7249638
7342927
634852
7240325
7183374
7284586
7142963
7264820
7336693
7312606
7223133
7304320
7246895
7300453
7250756
7244404
7310913
7332692
7335282
7330860
7328027
7316701
7314249
7250354
7215511
7287258
7337698
7326666
7301554
7332709
7325060
7217233
7353198
7239266
7333837
7186365
7250884
7295461
7268535
7231679
7263298
7327365
7244873
6974818
7243794
7231050
7285464
7261421
7247582
7335670
7275701
7307028
7326680
7312124
7236165
7156657
7235429
7333284
7128130
7248367
6978773
7336037
7329722
7339313
7327289
7327337
7332276
7227381
7328119
7232225
7306181
7331945
7285340
7320741
7442223
7268615
7326826
7306945
7278303
7312954
7287738
7297658
7331389
7327634
7262514
7282964
7332967
7319421
7250346
7326691
7339481
7255467
7339001
7290762
7332450
7303607
7326200
7334088
36071
7220556
7347905
7284136
7326603
7323983
44228
7322341
7328347
7213934
7217615
7327924
7327061
7219738
7256336
7325496
7331060
7337960
7334181
7226643
7268948
7026808
7242782
7287613
7322064
7266473
7246805
7345356
7321416
7253765
7180373
7187371
7334218
7333246
7224081
7325459
7330773
7226374
7207822
7219504
7328723
7326533
7223943
7226558
7217532
7317155
7287856
7234397
7239283
7323937
7247687
7191101
7315180
7232817
6960828
7239129
7330876
7336542
7327533
7336840
7246934
7331121
7280236
7290368
7221063
7262431
7281874
7241597
7245536
7322849
7274262
7328295
7248873
7325633
7331252
7340291
7251215
7327714
7302161
7343786
7331846
7332908
7186668
7284594
7304043
7324021
7329250
7344169
7232464
7310201
7321142
7314543
7328186
63508
7203978
7327437
7234069
7310912
7222830
7332001
7330291
7341798
7253359
7245165
7309344
7318874
7325960
7229556
7336387
7237948
7220812
7249299
7269231
7306806
7278530
7315563
7232291
7284652
7143260
7304617
7317379
7440526
7273953
7250994
7259067
7260904
7343153
7311375
7323817
7249016
7325741
7244748
7330579
7250573
7225950
7333395
7263006
7346172
7322518
7333611
7226726
7228295
7249176
7018113
7333460
7325256
178152
7319407
7308431
7323403
7304880
7328981
7323622
7327293
7020966
7333989
7298821
7410039
7220494
7335642
7203037
7331561
7299475
7145139
7330670
7222109
7254234
7274926
7326256
7323235
7323261
7254870
7248151
7312712
7451577
7239678
7223510
7344268
7331426
7242965
7281748
7361585
7243364
7253168
7198715
7321292
7236841
7286197
7295889
7248901
7366767
7255237
7307789
7290461
7332806
7226107
6950712
7248554
7247532
7317179
7245946
7178953
7287016
7218672
7211134
7244451
7311925
7245973
7272644
7331333
7277882
7245323
7225119
7233450
7205914
7337190
7180039
7328317
7295944
7225282
7265689
7229980
7309616
7327966
7326391
7004320
7232565
7268861
7334066
7334087
7262822
7336025
7138225
7253812
7332889
7331801
7239102
7255978
7243337
