7472911
7472907
7472854
7471537
7472807
7472955
7472787
7472890
7472732
7473111
7472695
7473217
7471893
7472918
7472637
7471668
7472904
7472764
7472529
7472093
7471647
7472903
7472615
7472185
7473181
7472794
7472781
7471821
7472905
7472443
7471874
7472998
7472661
7472038
7471628
7472073
7472952
7472841
7472820
7472540
7470921
7472520
7472627
7471728
7473358
7473006
7471384
7472619
7472883
7471871
7473221
7473021
7472675
7472038
7472975
7472725
7473009
7472548
7473263
7472848
7471436
7472353
7473177
7472450
7473027
7472277
7473038
7473243
7472581
7472821
7471558
7471982
7472826
7472564
7471627
7472429
7472410
7472868
7472804
7473045
7472611
7471543
7471698
7471884
7471530
7472589
7471438
7472421
7472706
7473107
7472374
7471811
7472758
7472610
7473088
7472705
7472976
7471857
7472880
7471707
7472606
7471713
7472777
7472809
7472987
7472897
7472544
7472414
7473006
7472987
7471825
7472393
7472850
7472185
7472917
7472577
7471543
7472793
7471935
7472668
7472518
7472715
7473121
7472839
7472707
7471939
7472583
7472787
7472674
7473355
7471904
7473001
7472199
7473062
7471846
7471532
7472142
7471457
7471774
7471419
7472616
7471530
7472576
7472614
7471679
7471758
7473187
7472814
7472543
7472892
7471946
7472677
7472273
7472795
7472706
7473056
7472040
7472535
7472157
7472844
7472999
7472738
7473259
7472791
7472621
7472888
7473042
7472542
7472976
7472994
7473223
7472647
7472818
7471889
7472954
7472699
7472655
7472754
7472422
7472842
7471804
7473032
7472561
7472791
7472044
7472735
7471519
7472922
7467319
7472001
7472583
7471364
7472519
7473038
7473028
7472943
7472691
7472324
7472209
7471485
7472843
7472598
7472832
7472935
7472953
7471322
7472757
7472343
7472708
7472102
7473055
7471324
7471612
7472769
7473186
7471758
7472876
7472776
7472414
7472602
7471622
7473002
7472708
7473205
7472734
7472985
7472904
7472951
7472931
7473173
7473400
7471677
7471331
7472643
7472753
7471946
7472921
7471759
7471642
7472589
7472864
7472629
7472842
7472714
7471504
7472886
7471442
7472681
7472512
7472577
7472950
7471283
7472498
7472686
7471719
7472689
7472793
7473069
7472820
7472395
7471652
7471702
7472916
7473201
7472798
7472476
7472812
7473255
7472931
7472250
7472475
7472745
7472864
7472800
7472755
7473064
7472607
7472804
7472189
7472869
7472597
7472885
7473051
7472971
7472634
7471393
7472278
7473019
7473033
7472401
7473248
7472651
7472511
7472616
7471915
7472856
7471672
7471282
7471363
7471424
7471563
7472653
7471128
7471974
7472579
7472609
7471631
7473204
7472412
7472378
7472648
7472537
7472859
7471152
7472463
7472795
7472463
7472105
7473001
7471716
7472453
7473039
7472996
7473113
7471519
7472945
7471507
7473028
7471725
7470735
7472877
7473114
7472224
7472971
7472799
7472362
7472656
7472800
7471330
7472927
7472617
7472576
7471388
7471451
7472794
7472632
7472851
7472596
7472683
7472487
7471956
7473034
7471050
7472813
7472433
7472640
7471623
7472575
7472824
7473135
7471759
7473043
7472578
7472490
7472875
7471808
7472785
7471846
7472604
7472755
7472994
7473041
7472417
7472715
7473001
7473120
7472717
7472675
7471793
7471663
7472733
7472949
7472057
7472873
7472907
7472728
7472701
7472812
7472465
7472091
7472003
7472780
7472603
7473046
7471280
7473253
7471362
7473023
7472961
7472723
7471309
7472735
7472973
7472454
7471917
7473162
7472300
7472725
7472945
7472704
7472644
7471875
7472632
7471654
7471525
7472276
7471774
7471473
7472982
7472662
7473025
7471471
7471355
7472547
7473174
7472815
7471883
7472641
7472325
7472216
7472878
7472972
7472656
7471643
7473108
7472743
7472705
7472353
7473063
7472069
7472781
7472334
7472558
7472927
7472751
7473165
7472650
7472035
7472802
7472742
7472371
7473275
7471885
7472260
7471824
7472936
7472732
7471574
7472695
7473062
7472745
7472143
7473085
7472746
7472436
7472575
7472728
7472737
7472944
7472835
7473081
7472879
7471689
7471310
7472849
7471658
7472928
7471774
7472330
7472065
7472884
7472464
7472545
7472861
7473063
7472945
7472754
7472786
7472466
7471255
7472912
7472833
7472594
7473043
7472390
7472877
7472672
7472870
7472727
7471737
