2886074
2811207
2827123
2769091
2862246
2863920
2872892
2896718
2810081
2859354
2828884
2795509
2833033
2833192
2909547
2843791
2817204
2819788
2808101
2822331
2763767
2871975
2794751
2789875
2845794
2795912
2837666
2795710
2825802
2871223
2838039
2863173
2840007
2859169
2908549
2893135
2785239
2881487
2821626
2816327
2735206
2874221
2795725
2882184
2850511
2841158
2838191
2815869
2823168
2857193
2896762
2780857
2851371
2878152
2831485
2825201
2838882
2875647
2847083
2821881
2806996
2834371
2882973
2778651
2801426
2883847
2854009
2829260
2812488
2903443
2783394
2827856
2900140
2836018
2775593
2862873
2778086
2854528
2827830
2891919
2845044
2850829
2892520
2866017
2829831
2850907
2856229
2806709
2764856
2902725
2847594
2748301
2775047
2826063
2828541
2881019
2783207
2895977
2822357
2913148
2782271
2778280
2743578
2877413
2783837
2770720
2819169
2882318
2757332
2902923
2858138
2859568
2921192
2842553
2796940
2869249
2845700
2858738
2833006
2814028
2802880
2878081
2840626
2844928
2828817
2790069
2912176
2782845
2793771
2896480
2829614
2884559
2879444
2868826
2794311
2884069
2853676
2854358
2831417
2863581
2869029
2845654
2818477
2806465
2919102
2918139
2824689
2793080
2882892
2825443
2854345
2813452
2892127
2818958
2741047
2796199
2740942
2889973
2844305
2861623
2821870
2880343
2831628
2857393
2821922
2918552
2832295
2818565
2846485
2800796
2825537
2842599
2759912
2860096
2887340
2767670
2867651
2801678
2842369
2806251
2861120
2881996
2813548
2818201
2863845
2793742
2809378
2825335
2908304
2805855
2807869
2869259
2886866
2876213
2849311
2820472
2813028
2881551
2842756
2878982
2780461
2840159
2860429
2861629
2806414
2834332
2857886
2858522
2849646
2836151
2875206
2870561
2830593
2847548
2775101
2920271
2892666
2915045
2775634
2789499
2837459
2833941
2792262
2844678
2852786
2846052
2879197
2850775
2809325
2871591
2786797
2896512
2905585
2934185
2857305
2856794
2752874
2789596
2800958
2819433
2788498
2849999
2854947
2777979
2877723
2852337
2798938
2796032
2851446
2773522
2825793
2860417
2843613
2852479
2785691
2849547
2842577
2876177
2786876
2853870
2830469
2844713
2840194
2787480
2885444
2784034
2889386
2797235
2816080
2770211
2870037
2815438
2811483
2888873
2845784
2935960
2807940
2855907
2888754
2796222
2855096
2817096
2795499
2818578
2810457
2870507
2824137
2879429
2806221
2757682
2916662
2873289
2804816
2801331
2846201
2828038
2749748
2810510
2821925
2879734
2843344
2764085
2835030
2870591
2829632
2892733
2828767
2882305
2818759
2781434
2907508
2763295
2824285
2862364
2810347
2885771
2789095
2791977
2854066
2867358
2843303
2847334
2805567
2917102
2896709
2866611
2937553
2892821
2818169
2788800
2805712
2856403
2868302
2833411
2761436
2829018
2880244
2825608
2833098
2867986
2890683
2818669
2833225
2853705
2912413
2838765
2899069
2887209
2825898
2822303
2799132
2873835
2871228
2861464
2784533
2889568
2791664
2828196
2902158
2754001
2872254
2846482
2827247
2842302
2843934
2876195
2864032
2764902
2855743
2806027
2800590
2825211
2864293
2875782
2823377
2844213
2813364
2845321
2839700
2844262
2852364
2802210
2893343
2892634
2873500
2783130
2855570
2872259
2878292
2894420
2900272
2870881
2829337
2851488
2846741
2862616
2822155
2837924
2853304
2820357
2912723
2877887
2861111
2859535
2813131
2822905
2843027
2820655
2801848
2804474
2851633
2829578
2748354
2799542
2783154
2796218
2773403
2832262
2864189
2863997
2899100
2840263
2917254
2815194
2840729
2876417
2810757
2869031
2858476
2757192
2813326
2862008
2842524
2865767
2829280
2886483
2818580
2773924
2844391
2837265
2893047
2861892
2834048
2872689
2798844
2863200
2861193
2777467
2844326
2821278
2837436
2797540
2861275
2790828
2889906
2862019
2874604
2837582
2890232
2856209
2806779
2814699
2784834
2844251
2816818
2859734
2828357
2833113
2829240
2792204
2838920
2841500
2811975
2914744
2739718
2874179
2800135
2886011
2845082
2839906
2744236
2863594
2892011
2800887
2778206
2877943
2920671
2813368
2852226
2828014
2834742
2884815
2864337
2852312
2869903
2856093
2873234
2806162
2875786
2873499
