2055689
1984676
2084084
1857070
1977807
1993254
1896179
1993522
1953642
1949501
1968134
2019616
2078420
2029703
1949773
1869807
1939942
1955590
1914398
2048869
2068888
2012447
2027390
1953654
2067951
2115000
1986826
2055718
1942203
2015561
2025876
2003903
1965830
1982692
1888038
1938076
1891171
1950799
2038387
1835259
2020001
1934275
2007798
1802531
2031495
1894997
1966414
2005005
2061602
2028579
1991243
1995984
2052865
1981275
1874819
2011751
1965924
2057059
1888531
2048562
1808494
2020941
1971550
1860721
1992813
1957013
1939128
2020470
1934124
1969250
2031103
1949462
1985858
1921644
2036358
1988098
1895080
1849986
1981205
1728064
1986314
1938785
2023552
1936774
1897837
1936761
1997117
2046224
2074608
1832832
2032204
1973468
1900474
2024457
2027136
1992308
2012790
1995475
2060381
1915619
1890059
1999051
1976714
1896437
2019538
1974501
2029096
1888404
2088976
1894120
1959943
2007855
1908904
1971925
1832308
1918935
2073620
2000462
1919484
1953585
2061008
1980005
1877376
1992109
2026335
1865672
1913084
1803364
1793972
1965034
1971766
1973969
2007242
1942650
1945104
1938084
2063376
1927421
1993062
1954552
2050831
2045368
1866356
2008275
1975005
1872981
1991406
1894327
1949399
2043241
1969508
1940285
1999926
1975176
2007203
1960101
1976938
1941647
2010065
2063324
2034412
1986180
1960965
1997497
1971317
1940672
1950073
1993188
1988468
1938064
2054861
2038042
1929645
1841554
1884459
1927189
1946059
1904430
1833470
2041575
1890609
1970063
2026176
1888644
1990829
1923307
1833933
1844184
1924784
1916798
1991552
1970929
1914454
1838826
1994452
2102345
2045552
1954591
1996124
1983827
2009032
1919158
1972892
2043919
1945618
2022331
1761442
1910988
1932707
1936459
1873115
1994818
2015892
1903347
1926116
1907226
1938127
1935966
2007697
1958240
1982909
1978086
1988502
1974634
1924862
1955553
1841051
2020315
1955775
1972374
1846838
1944557
1955592
1819688
1902417
1912032
1953509
1879037
1948661
2035308
1839998
2038801
1843793
2009581
1982131
1927048
1985892
1938780
1926310
1886421
2012164
1988792
1720255
1916099
2032287
1952052
1965353
1963854
1738987
1965225
1913723
1961324
1919602
1998064
2022772
1828985
2025602
2022267
1943815
2000973
2013413
1980841
2002321
1921663
1997506
1845419
1989027
1947852
2030771
1989292
1868902
1985078
2044186
1984078
1970628
1791471
1948159
2028803
2077967
1992806
1902159
2057869
2039923
1773536
2019200
1907849
1893831
1980692
2006019
1915647
1916284
1957900
2057840
1954257
1925852
1858132
2081173
1957652
1972582
2004710
1909578
1851893
1830592
1959708
1927272
1839362
1890415
2000642
1753904
1914315
2052075
2025510
1923177
1847996
2108016
1907316
1893522
1952074
1986631
2049104
1961144
1971761
2024401
1934017
2046850
2116204
1975766
1858054
2041918
1990164
1996481
1894487
1996133
1986016
1977320
1953260
1944161
2034892
1920077
1917852
2007870
2009750
1978253
2048517
1921070
1945380
2005868
1917803
2013793
1973791
1953602
2042141
1967406
1967207
1951651
1978833
1937693
2044457
1950961
2011039
2024920
2011421
1948803
1882864
1918696
1975596
2006225
2000675
1988803
1938884
2009055
1950352
1955329
1931845
2033236
2024419
2002540
2018006
1980755
1919058
2061277
1944717
1919635
1995713
1901677
2069441
2010760
1919471
1919356
1988003
1910958
1955376
1892012
1882758
2052953
1972286
2010518
1947620
1869113
1963046
1860215
2030882
2058907
1973125
2021577
1940434
1937550
1762289
2010584
1951854
1943278
2021218
1948793
1924880
1926270
2027624
1945065
2019666
1864406
1858040
2015557
2019913
1913180
1953630
1928917
1930509
2034546
2026182
1882960
1895542
1842010
2042312
1997665
1994109
1886704
2022829
1954883
1818890
2039809
2021428
1882883
1880437
1965577
1763747
2034315
1850995
1932212
1891017
2009605
1872463
2095619
1833101
1888821
1954657
1911578
1909976
1802181
1942865
1804780
2025741
1888417
1903910
1857172
1867709
1937987
2077754
2062532
1904656
1957036
1922925
1968323
1936374
1838191
1845180
1916022
1969110
1959260
2018783
1951287
1935277
1979646
2041432
2010402
1925920
1967554
1903820
1980987
2032540
1928152
2009905
