7404842
7426748
7434828
7415304
7428519
7427466
7400110
7434264
7445662
7397897
7427229
7402567
7423290
7420097
7404458
7407957
7425878
7384699
7429585
7429469
7436431
7432647
7431971
7416762
7409819
7416781
7445399
7417157
7432461
7405219
7437335
7416579
7430646
7407294
7424962
7412978
7401411
7419277
7419034
7428216
7426624
7426351
7422504
7413229
7424958
7433970
7413614
7411309
7402897
7414223
7433385
7428090
7435452
7406350
7431377
7398139
7425479
7422946
7421204
7406318
7424449
7405222
7431437
7431262
7428575
7427357
7435495
7405231
7433355
7398476
7427055
7428084
7429958
7431818
7401537
7412607
7417411
7434566
7418087
7396457
7466833
7433022
7428355
7426149
7424443
7433431
7429930
7430425
7431235
7432554
7428267
7430194
7436508
7409571
7429625
7405689
7401050
7433691
7404311
7434958
7411524
7427406
7399415
7415556
7410432
7430153
7429480
7402925
7433385
7428569
7403252
7430232
7404245
7423027
7428841
7403671
7409729
7419877
7425063
7432456
7428008
7411259
7430559
7433414
7406916
7440159
7406513
7410038
7413702
7428615
7416983
7395532
7420427
7420773
7432451
7429336
7389070
7398310
7408232
7426632
7430530
7425839
7429969
7430797
7410758
7427002
7417374
7430741
7448070
7405070
7439879
7429792
7424153
7410323
7434802
7402896
7428123
7423881
7438612
7417887
7429849
7428453
7436258
7412034
7431322
7434529
7406220
7413155
7430448
7411443
7419293
7435044
7427438
7425186
7427856
7418988
7407115
7426102
7430599
7433727
7426260
7464627
7420631
7430716
7392073
7404550
7431002
7429858
7430413
7428601
7427410
7397176
7428178
7402854
7410693
7405676
7423694
7424966
7429591
7431760
7421784
7401081
7405535
7403933
7395145
7403210
7398895
7417314
7433753
7430587
7430403
7426381
7421679
7421407
7408030
7427894
7415587
7391180
7429771
7415306
7401065
7415768
7436081
7413373
7432506
7398208
7416259
7419659
7406794
7437107
7424247
7428439
7391733
7432066
7410153
7377607
7432113
7403705
7404738
7419324
7413768
7418226
7413645
7423851
7431218
7419972
7396493
7425536
7431798
7435049
7428307
7404549
7429203
7430641
7423762
7399734
7409669
7430871
7401347
7435528
7431654
7419774
7429893
7400098
7420114
7453034
7425769
7426223
7432937
7383169
7429920
7429114
7401709
7423123
7405077
7423317
7443575
7406430
7401370
7432644
7405702
7429133
7425577
7432538
7424794
7412697
7425851
7401017
7395267
7435372
7401649
7430529
7426676
7405398
7431399
7401891
7413895
7422344
7433967
7429059
7437137
7405166
7431992
7423605
7431496
7431537
7429891
7435096
7428196
7439746
7431437
7428552
7428415
7403812
7319189
7425878
7427260
7435296
7396419
7434414
7400352
7413132
7425967
7391203
7435141
7408619
7431837
7430648
7428672
7429024
7446306
7421535
7399835
7401597
7428286
7414640
7469411
7408723
7435327
7424885
7407716
7428519
7410329
7395035
7423561
7410512
7399271
7437576
7427433
7400189
7389383
7433060
7425376
7427160
7413665
7425651
7420247
7424926
7389891
7401828
7431122
7433445
7413414
7410548
7428253
7427197
7400302
7411105
7431036
7428016
7438029
7425999
7429749
7430847
7431496
7412449
7406184
7430283
7432157
7402758
7402182
7406176
7398461
7401132
7421191
7428284
7430276
7407035
7435336
7424503
7427975
7431604
7398978
7427734
7427120
7433837
7402441
7432000
7427318
7409397
7399361
7428065
7433880
7433660
7437181
7403274
7397905
7407222
7430490
7405089
7429612
7426153
7423728
7405818
7425066
7432881
7419963
7400963
7424700
7410938
7446936
7396722
7427203
7430435
7426946
7429394
7403957
7389990
7404200
7430217
7412929
7467891
7412236
7420772
7435640
7433318
7436591
7407064
7411216
7424201
7401587
7399759
7432599
7431032
7462510
7427789
7403940
7426430
7427987
7433252
7430837
7433276
7425472
7426788
7434608
7400892
7432928
7435437
7424959
7433945
7411392
7428338
7407746
7427975
7409735
7429943
7433060
7432705
7429960
7409673
7425658
7428593
7432782
7431391
7428038
7426963
7425521
7428413
7427939
7406305
7402165
7430694
7406131
7423423
7403245
7424154
7401135
7423860
7428956
7464238
7403109
7403166
7426005
7417725
7402643
7429056
7428919
7427840
7430390
7404736
