2480750
2531607
2467264
2550059
2494525
2609701
2491438
2649838
2512792
2465089
2480484
2474014
2427509
2563694
2513423
2489486
2466259
2567725
2441658
2470409
2400982
2387414
2581303
2507251
2529506
2531032
2583118
2487419
2289421
2485640
2505571
2437813
2553330
2501830
2518202
2565323
2494060
2491703
2590366
2471519
2497481
2423790
2468156
2587348
2554587
2474302
2507300
2484991
2512226
2488971
2427987
2460493
2500251
2554565
2506049
2573360
2524539
2510896
2489312
2531612
2506581
2456046
2500175
2472626
2580916
2547209
2576635
2510621
2521964
2590100
2490077
2519287
2464877
2495268
2491599
2484720
2435470
2423171
2559260
2493458
2507888
2455421
2447200
2467646
2536572
2594188
2488722
2526265
2339693
2536904
2457877
2503895
2502002
2518078
2564858
2500499
2492606
2525866
2513660
2527149
2476061
2585930
2512242
2489685
2497466
2499598
2617644
2483952
2427273
2546899
2502497
2532455
2522986
2545930
2382665
2547447
2521985
2518834
2517798
2565716
2423390
2556897
2503460
2468253
2457507
2522060
2532120
2525308
2524246
2553524
2505028
2568533
2525302
2483251
2568638
2467181
2480859
2539930
2574949
2393224
2428530
2414293
2462820
2424541
2528803
2541251
2568885
2450790
2525912
2386687
2553685
2532483
2526605
2570856
2498857
2535005
2500915
2597944
2528693
2397178
2476425
2519942
2495174
2468497
2463591
2448036
2462947
2511115
2458885
2455314
2541899
2467184
2523687
2474749
2489075
2480211
2473411
2493574
2565166
2545804
2463197
2490405
2478409
2577575
2554663
2385504
2401518
2558338
2573548
2451541
2532604
2575417
2511087
2477185
2504336
2443865
2542266
2590920
2515570
2575207
2449606
2499755
2495043
2445697
2504800
2546761
2568622
2499920
2524398
2442652
2491790
2504458
2483453
2513890
2456572
2472837
2550213
2600917
2538457
2449510
2604342
2518455
2513597
2518449
2530426
2479912
2489658
2574574
2516711
2551404
2503720
2507030
2522075
2544870
2604970
2532319
2476405
2523384
2543281
2467811
2497882
2472178
2497487
2559615
2508401
2544032
2515535
2465492
2555158
2481336
2531788
2549621
2433525
2525706
2520769
2565705
2535333
2576400
2540411
2526912
2571103
2493885
2465736
2453002
2500955
2478626
2509533
2479901
2504222
2494106
2481952
2453388
2570773
2437443
2463493
2452628
2512909
2515156
2472477
2549174
2453601
2538797
2568565
2659712
2440643
2525651
2489205
2536482
2562606
2513103
2548219
2513072
2491069
2492028
2517339
2469732
2345268
2471093
2429051
2514132
2544103
2494851
2501742
2489679
2447133
2515254
2556194
2519980
2499741
2584442
2540973
2484468
2528406
2440506
2533804
2486997
2426100
2475019
2517222
2553355
2534678
2500198
2558140
2509943
2534509
2501217
2547528
2516637
2444619
2602685
2493116
2425245
2500444
2549032
2517354
2437715
2490811
2438614
2538212
2511703
2435650
2454208
2507029
2491657
2552875
2562746
2561875
2546131
2476430
2550070
2479574
2492490
2500751
2459098
2510398
2496855
2605067
2516143
2506847
2514067
2501412
2499196
2573087
2540615
2603559
2466692
2457155
2455427
2478386
2485382
2528966
2584428
2591239
2524541
2453604
2427642
2456255
2577325
2463985
2562751
2534561
2478365
2522303
2445316
2494016
2471975
2528138
2513881
2493523
2491862
2558783
2554351
2434642
2544389
2449373
2457920
2538857
2486604
2513026
2553610
2495398
2484633
2500494
2535358
2506300
2511151
2493958
2495203
2530245
2509247
2545257
2547031
2532155
2463793
2488901
2553004
2450629
2515167
2509243
2471259
2500167
2550922
2601108
2510664
2515630
2501568
2502596
2417066
2465883
2426823
2479764
2475573
2474692
2501191
2514206
2456980
2475337
2428468
2543060
2409840
2489959
2573318
2475338
2570882
2407979
2497492
2405353
2401882
2578856
2542444
2452210
2406800
2503652
2472625
2580379
2496599
2568757
2507443
2488439
2464167
2488774
2382722
2504419
2526550
2419166
2524737
2471791
2481856
2522898
2496633
2477739
2506986
2524875
2511763
2463572
2528489
2512296
2586633
2550212
2483581
2513086
2515892
2542489
2486621
2578244
2526412
2547298
2472254
2560834
2488876
2462305
2511375
2538289
2453889
2468693
2404348
2527240
2445179
2464084
2475816
