3477613
3441971
3492160
3425305
3499943
3432784
3469462
3436635
3502792
3457353
3456425
3481293
3498039
3435136
3445553
3493869
3411716
3436632
3454488
3402802
3470955
3396838
3423747
3411802
3461347
3478499
3464699
3441599
3487784
3429284
3488952
3487959
3512577
3464447
3443951
3404990
3413385
3394655
3415293
3475774
3430323
3421517
3427940
3468960
3491770
3479166
3446356
3467307
3430793
3453093
3447429
3438574
3424653
3405371
3437642
3463495
3430838
3464805
3411951
3417051
3434171
3444841
3356668
3502437
3443452
3457811
3459692
3443099
3473855
3454174
3437113
3475437
3470307
3456704
3465903
3428154
3403989
3429617
3442557
3414765
3470665
3433469
3459664
3445100
3430091
3390990
3425367
3465276
3450888
3447025
3432555
3485973
3372369
3452723
3495000
3476306
3486587
3501627
3433657
3495901
3456132
3448454
3457534
3437758
3449368
3410687
3449857
3443861
3445312
3458175
3434523
3400627
3468853
3468707
3455614
3365753
3425093
3480830
3422342
3454508
3450013
3500512
3409076
3488539
3451070
3439058
3439651
3460607
3449125
3449883
3388264
3371241
3483180
3416771
3505527
3456046
3396187
3468961
3491333
3373091
3441559
3460357
3475474
3429026
3438266
3450620
3448520
3439814
3454127
3471644
3443535
3448086
3435649
3456797
3458409
3498167
3500424
3356093
3434689
3512733
3439689
3457858
3451891
3417358
3474329
3491428
3394222
3488215
3512828
3464564
3484769
3426237
3478848
3424990
3478978
3442986
3451892
3409291
3475761
3411769
3438804
3445751
3441271
3435771
3496684
3493506
3388561
3465320
3471171
3454370
3430810
3398758
3458312
3425625
3429451
3389584
3446724
3440361
3461022
3480273
3448933
3451776
3446209
3461469
3427684
3465489
3497650
3490249
3490018
3489017
3370093
3443978
3420291
3518444
3474362
3462666
3438118
3377604
3426760
3452008
3442039
3471736
3472067
3440237
3408772
3456783
3407211
3440832
3439684
3455558
3421051
3472532
3472217
3398746
3460940
3473039
3463089
3445556
3397411
3414292
3419489
3414529
3422248
3414939
3440553
3422574
3502726
3476090
3425600
3421155
3439626
3504348
3476233
3375752
3388754
3455735
3411097
3466677
3400994
3377932
3419446
3495485
3420458
3470893
3412841
3441418
3415627
3435966
3448463
3428397
3441610
3450974
3469239
3444835
3412131
3456428
3433733
3447451
3443109
3470882
3466711
3407432
3434185
3438041
3445337
3466444
3431463
3487639
3472290
3466346
3403429
3376404
3452921
3430150
3440468
3470922
3448778
3462823
3466177
3382676
3413353
3416023
3396545
3454221
3473064
3343804
3426205
3471928
3465882
3474870
3496126
3458724
3455714
3486886
3385982
3432171
3429812
3483995
3462792
3447818
3476047
3452259
3423702
3452978
3455592
3478366
3480210
3456449
3388190
3417505
3515908
3457325
3400496
3400725
3450685
3427553
3465036
3435326
3425429
3446305
3419960
3440162
3477718
3455293
3459558
3404022
3496003
3448980
3424733
3455599
3452355
3412215
3395350
3477529
3461858
3429417
3459857
3457692
3460500
3432194
3440962
3477862
3444797
3460127
3429851
3502739
3438380
3394982
3469432
3433553
3430146
3481989
3447174
3481536
3470525
3403750
3387181
3429839
3373001
3367636
3455478
3442351
3386684
3474035
3435982
3422252
3426914
3514164
3397719
3460138
3422495
3425068
3457726
3455407
3427634
3430870
3382101
3484836
3457022
3481246
3415386
3469019
3489270
3403319
3387996
3451801
3460034
3415862
3518625
3414897
3438240
3436896
3497104
3453990
3492013
3382615
3437202
3426570
3429619
3480491
3425606
3438131
3500724
3476499
3459665
3408225
3484172
3521965
3434528
3378878
3509835
3428418
3482386
3493630
3440209
3475047
3416194
3394541
3415425
3413646
3502928
3483813
3376294
3459510
3440274
3365222
3466037
3455538
3458781
3439615
3454831
3510424
3467594
3430890
3473164
3460624
3424764
3467629
3429905
3476612
3455673
3468091
3431086
3433707
3448755
3474586
3385405
3460058
3408856
3491218
3462132
3433882
3480627
3407946
3403194
3440861
3432327
3466513
3469510
3470695
3450424
3427948
3428388
3472602
3424395
3513971
3458934
3427138
3428733
3480235
3453504
3447144
3422472
3463979
3433771
3488451
3484792
3414420
3490157
3426490
