1674655
1904967
1898051
1749961
1768472
1574915
1611675
1586136
1780099
1941526
1934341
1891333
1303834
1496531
1850810
1654754
1914232
1643640
1846192
1607061
1593631
1742835
1363671
1943131
1976887
1712793
1964642
1555181
1696637
1879515
1455629
1686431
1633423
1649044
1567627
1832382
1711199
2042626
1558235
1554507
1622778
1935306
1665350
1726811
1661169
1924590
1355247
1730086
1939336
1673694
1733047
1787762
1810856
1561509
1904559
1509602
1871793
1703953
1560107
1526292
1946353
1417766
1669435
1833816
1573493
1426263
1596797
1651952
1607970
1661518
1757698
1585628
1793638
1872677
1753342
1704213
1855960
1725106
1530954
1587755
1606124
1719680
1771309
1724108
1507033
1550495
1857433
1827326
1754202
1651952
1668190
1372990
1684647
1608928
1593823
1382086
1627410
1970633
1680150
1875328
1660573
1813637
1474868
1716549
1717310
1885704
1836791
1547464
1875500
1584386
1624354
2895
1788255
1682209
1455032
1600223
1637489
1932893
1638026
1731272
1765364
1667151
1698782
1734089
1743985
1600896
1684004
1756713
1647627
1669518
1748206
1687124
1542091
1789313
1679593
1871308
1851932
2064635
1772989
1784736
1518987
1811600
1862324
1772503
1828642
1823626
1847294
1664249
1735082
1561075
1689063
1740759
1978362
1449211
1719244
1656321
1674204
1721846
1548638
1669881
1624598
1992053
1619911
1418407
1594199
1358358
1943198
1862941
1714028
1282674
1727005
1734694
1683205
1728583
1477770
1908238
1860193
1557163
1662701
1664012
1811248
1831486
1640096
1543334
1905561
1721852
1588674
1705411
1879480
1546748
1771750
1581455
1776380
1624785
1638059
1384771
1781935
1741636
1880152
1438024
1766437
1642476
1541199
1936357
1329859
1764353
1794072
1837396
1826213
1557750
1788278
1858821
1686319
1587791
1664606
1577991
1716207
1584687
1774016
1654349
1521570
1609095
1797865
1845746
1945698
1792246
1627018
1810321
1478744
1595242
1637458
1926456
1824611
1616152
1666030
1735524
1751155
1806511
1639923
1699260
1677209
1820797
1756646
1613861
1842664
1429170
1799152
1846567
1663004
1965000
1647173
1622819
1913187
1819232
1914631
1685414
1817509
1736178
1702911
1471751
1560565
1888210
1780480
1915051
1686582
2169397
1655955
1711217
1738306
1778005
1504860
1913768
1766362
1617044
1835492
1834021
1730568
1780566
1744008
1693485
1749064
1687434
1586860
1489713
1836425
2050499
2070975
1395587
1767135
1552545
1583738
1586485
1651575
1698548
1563126
1554732
1520240
1824834
1571507
1549090
1906240
1713469
1744867
1795081
1610941
1505115
2056943
1948900
1844919
1564744
1814278
1700978
1774286
1627418
1764374
1762101
1783304
1715655
1698071
1743872
1935596
1671286
1724548
1918729
1706936
1484943
2108382
1506703
1849654
1961705
1861552
1986781
1597645
1859394
1737315
1727593
1810021
1887996
2016699
1600686
1711783
1714953
1495399
1612313
1856341
1728530
1595900
1590605
1774111
1566113
1791756
1623195
1756161
1860460
1912173
1636658
1612137
1627284
1742450
1716355
1681806
1575481
1729025
1816831
1791050
1785199
1676994
1732087
1766270
1732360
1766556
1704247
1831039
1500875
1587532
1667173
1759900
1833117
1854802
1726016
1810161
1329361
1804066
1535491
1525545
1832277
1631837
1738174
1632898
1724638
1631219
1759608
1696947
1659670
1767616
1659404
1673328
1832624
1605514
1679459
1694004
1754512
1858390
1673027
1524071
1817188
1681735
1773570
1632869
1605474
1709182
1608473
1669248
1716089
1712806
1418205
1349300
1719722
1767622
1763243
1479952
1847533
1538334
1675650
1435512
1961670
1680618
1952130
1674176
1490242
1698680
1618300
1704450
1663251
1329403
1432546
1719803
1825027
1668509
1465880
1576053
1615679
1779331
22852
1683191
1795377
1660794
1971856
1587268
1646615
1718839
1643434
1940684
1868040
1629074
1761459
1553497
1563511
1814846
1467781
1815703
1753365
1829461
1741769
1740234
1787335
1799227
1484577
1897592
1644411
1669984
1516672
1831967
1809969
1464741
1773336
1802623
1900799
1977913
1729926
1826468
1610747
1578369
1620439
1782100
1478704
1952979
1572702
1864896
1531364
1545679
1758154
1781918
1673647
1784682
1400011
1533815
1803304
1734960
1644544
