1391741
1346776
1460848
1514971
1323362
1404987
1405937
1334923
1438420
1462784
1323849
1377995
1319574
1367692
1335224
1349323
1359201
1442803
1378268
1396341
1419706
1306057
1401950
1393550
1321707
1479567
1371176
1375289
1250956
1368282
1277231
1320452
1342004
1304877
1376409
1339588
1368509
1415261
1374789
1325797
1351082
1334651
1387656
1353409
1366655
1285182
1414359
1348015
1365722
1372504
1466384
1365689
1433264
1409282
1300612
1330907
1398888
1368047
1340386
1424267
1340217
1353375
1431288
1261207
1398814
1374316
1383849
1349370
1304222
1430003
1290689
1461723
1392096
1294051
1392844
1366785
1306021
1364734
1298919
1374320
1301218
1384201
1361930
1342237
1290483
1437841
1323510
1382010
1377582
1330395
1413254
1425222
1381485
1357261
1333212
1426515
1454295
1342329
1344194
1333566
1405431
1443751
1406523
1452303
1400410
1472914
1344813
1318168
1420457
1325695
1369012
1425333
1346214
1317849
1301541
1405447
1358082
1407281
1341945
1433075
1267701
1408029
1406703
1466444
1425109
1375620
1347515
1312948
1338032
1382178
1384670
1327053
1311927
1312919
1429093
1354617
1388018
1406917
1363786
1404044
1317338
1403096
1392182
1334307
1386722
1336060
1313979
1270803
1399403
1337092
1411479
1374832
1455861
1325985
1411890
1352176
1347817
1285880
1286030
1323314
1368506
1342108
1428900
1355832
1434666
1441470
1403384
1379321
1349409
1360383
1386184
1405396
1342357
1373158
1357115
1332697
1397664
1406952
1409676
1289011
1289341
1292959
1329560
1381443
1350258
1413197
1415505
1407197
1325174
1390324
1466025
1381234
1344068
1352028
1387018
1375783
1358139
1386146
1319765
1376929
1389004
1348809
1304109
1368098
1436401
1300908
1302240
1201688
1325382
1388084
1407615
1429662
1381011
1382917
1395476
1344134
1332588
1374840
1402129
1362772
1288745
1349897
1346583
1339250
1360916
1421465
1378097
1375483
1355708
1322115
1303231
1350111
1307004
1408387
1262882
1347742
1406767
1349488
1338754
1364794
1396501
1370513
1349231
1396535
1400656
1338788
1352748
1287927
1396791
1337388
1371375
1346041
1313792
1378898
1398901
1422956
1369135
1316769
1399018
1333968
1266294
1415080
1404971
1376137
1423031
1381669
1328045
1376872
1244736
1350605
1300641
1379946
1421290
1401615
1226727
1402096
1318838
1368104
1408715
1343761
1364345
1281281
1389678
1447821
1444341
1443915
1311213
1356396
1371117
1295031
1380304
1419867
1260370
1245070
1321621
1374153
1347587
1426474
1381370
1424892
1340878
1402634
1303077
1431980
1354599
1364792
1291395
1224338
1417681
1357946
1367356
1377390
1328522
1335596
1440553
1315364
1402137
1321734
1328560
1413449
1401353
1352732
1372099
1373714
1389359
1299485
1387002
1309321
1366635
1408213
1424998
1357382
1346315
1241252
1344240
1412554
1327007
1357041
1356177
1292516
1327310
1361547
1311317
1418168
1470414
1360989
1379959
1272919
1327236
1347245
1423018
1297525
1358623
1307098
1407405
1414627
1481402
1452014
1404311
1398198
1381613
1366471
1422072
1293275
1312037
1237207
1309253
1437432
1366817
1306090
1329700
1354290
1386314
1363192
1412670
1323963
1356859
1360781
1398572
1416537
1382077
1453016
1366806
1373605
1302194
1311758
1370744
1414994
1376846
1289311
1211015
1343917
1455897
1400483
1364316
1362998
1400668
1253402
1372338
1388141
1335133
1446428
1383019
1476228
1362029
1342976
1464301
1328441
1292472
1436617
1384903
1387869
1265764
1307238
1398488
1373154
1348876
1391774
1357779
1340247
1285790
1373338
1407590
1292648
1308197
1272444
1385601
1367023
1398418
1411863
1384297
1424422
1440291
1396200
1449663
1386827
1438511
1324718
1335622
1304981
1353493
1420879
1290059
1246617
1414673
1320753
1410507
1331559
1400965
1340331
1376866
1433620
1323431
1389410
1307028
1410184
1235815
1360609
1334221
1369493
1368648
1411580
1393950
1369300
1416570
1373647
1324402
1322957
1400950
1353592
1348823
1380267
1334774
1319689
1333796
1393881
1317692
1352427
1395092
1314865
1312064
1418527
1330031
1308524
1394664
1403725
1340712
1299508
1359690
1333776
1277864
1306139
1458543
1407815
1378869
1277359
1312264
1446300
1374190
1383743
