2458196
2384543
2420389
2426183
2500522
2463534
2473640
2572806
2497432
2497710
2562499
2482601
2405379
2424444
2458770
2485572
2509047
2502732
2405937
2457757
2437796
2473028
2615756
2475554
2509320
2448823
2414345
2336848
2335225
2494692
2470444
2410815
2447673
2479419
2438068
2458088
2443574
2349813
2534553
2465534
2450666
2375152
2385247
2434044
2477148
2439356
2470258
2446451
2463322
2516846
2427546
2558505
2516237
2562162
2451280
2544151
2430215
2470268
2499767
2432187
2497343
2445620
2474621
2511547
2518197
2363653
2466535
2485256
2552896
2479416
2351401
2416940
2450599
2446580
2449139
2443814
2448276
2461387
2545300
2452158
2508009
2445194
2401712
2490854
2439418
2587477
2480622
2469422
2451297
2520355
2448421
2464373
2416593
2542207
2466869
2558229
2463775
2494981
2454356
2486242
2459866
2576368
2474075
2512670
2488324
2421861
2443643
2471235
2478027
2543592
2425058
2493085
2382807
2440732
2460575
2428161
2529939
2487729
2500111
2465754
2426550
2432416
2532245
2472133
2517463
2480473
2555865
2482733
2429439
2487312
2541299
2514879
2452143
2426834
2566512
2448790
2457940
2477417
2525623
2457878
2500561
2444436
2497628
2443323
2381609
2521523
2427790
2490199
2476465
2434411
2508450
2450803
2467091
2440200
2459228
2503671
2363404
2512950
2528826
2448217
2425003
2434252
2359768
2475038
2564219
2453551
2462951
2622843
2426423
2474881
2465390
2451741
2334734
2379658
2451528
2435257
2410640
2520972
2498915
2483295
2363876
2440365
2453315
2537514
2509577
2437869
2525622
2515333
2425322
2508612
2448647
2462911
2485772
2457499
2470475
2511193
2442268
2524126
2436252
2530589
2422941
2485344
2428255
2529858
2459097
2475299
2484814
2451653
2416566
2382834
2467088
2504566
2406138
2503966
2411595
2398690
2463319
2493941
2520568
2461554
2576509
2572622
2403526
2429179
2519997
2419644
2407806
2517966
2465842
2425636
2455210
2475651
2496220
2406973
2551818
2503970
2453566
2501041
2464561
2505128
2402844
2409758
2509310
2557254
2467175
2482961
2435165
2523840
2465109
2488279
2442044
2456833
2426761
2494180
2473006
2410095
2508237
2450006
2517942
2461873
2341227
2433625
2478376
2356592
2436539
2467106
2428951
2443618
2485086
2490170
2475635
2500859
2578614
2459320
2380281
2408348
2505135
2426955
2459713
2564168
2371525
2412454
2439684
2519221
2553453
2449003
2466951
2401963
2478069
2452187
2497040
2499418
2387519
2466043
2445906
2537396
2446481
2389438
2463455
2508808
2497503
2459125
2432485
2502127
2483049
2389774
2431912
2478727
2508684
2431199
2452372
2451547
2536637
2377579
2442341
2414774
2414489
2419067
2427188
2533401
2469426
2431605
2445017
2400563
2460353
2430577
2510993
2438566
2506914
2384027
2478824
2401401
2523045
2440502
2479018
2427070
2501146
2478947
2526288
2418989
2432617
2491293
2478383
2410186
2504264
2406982
2463633
2499121
2435022
2451637
2417885
2428982
2440346
2440992
2419323
2572904
2627164
2544685
2484226
2474791
2453704
2437606
2479029
2502169
2467207
2461993
2430025
2501264
2401913
2442873
2568874
2476768
2450824
2569410
2427194
2451655
2495046
2406347
2453196
2409674
2483778
2506989
2480593
2365743
2464338
2476810
2445438
2459676
2377528
2513748
2432634
2506380
2445313
2433340
2409012
2481760
2500121
2396517
2424280
2394691
2431723
2483641
2408412
2403392
2434090
2497173
2490387
2396303
2571148
2439505
2489616
2484059
2489415
2417309
2461099
2443545
2433264
2494855
2477025
2433466
2480883
2484610
2483064
2414708
2447669
2495335
2483452
2398674
2454813
2456710
2460997
2392870
2526395
2456302
2458200
2410309
2486561
2416656
2484271
2348582
2477231
2422031
2406640
2432769
2461384
2470007
2405018
2389256
2471027
2557795
2544381
2482933
2430677
2377274
2502813
2511196
2547604
2488102
2450491
2469607
2399874
2394186
2486549
2409602
2345338
2505800
2423854
2430084
2501084
2522182
2455757
2493355
2543505
2433862
2464533
2458958
2397563
2544284
2403165
2449782
2493317
2501867
2485019
2369363
2566387
2430364
2433971
2441968
2547250
2454154
2382083
2484385
2470410
2448737
2408835
2451210
2483933
2475198
2482364
2514680
