4101312
4017272
4313157
4436639
4423533
5045247
4450658
4126887
4965709
5065379
4579748
4014592
4125477
3972697
4056712
4249921
4322256
4047409
4430779
3937355
4702072
4252507
4014447
5305908
4133674
4172201
4243769
4589199
4869582
3980017
4082528
3942300
4456136
4463320
4320965
4074622
4478957
4202080
5029991
4295989
4531202
5155877
4083502
4265090
4644975
4398945
5102880
4543029
4597814
4052662
4103679
4860364
3947909
4132726
4339753
4405845
4233340
4192786
4181528
4220670
4370070
4074553
4188784
4237286
4019770
5103216
4136081
4387197
4533970
4092118
4295692
4075271
4217142
4399013
5370157
4028507
4253941
4281036
4819656
4049119
4344778
4200745
4198762
4218825
4374431
4289026
4438137
4400661
4774086
4454374
4402668
4489882
5426601
4267814
4992997
4351145
4293666
4116706
4249804
4268054
5276768
4430239
4969146
4399897
4662281
4757797
4269027
4382365
4266991
4181640
4327996
4411613
4081623
4484600
5456636
4268458
4328758
4140561
4269430
4579622
4273241
3971909
5138761
4350465
4329005
5223508
4337990
4970672
5320859
3966592
3984671
4217466
4399102
4120531
4612278
4190987
4046583
4067945
4375874
4455357
4474191
4567251
4188766
4414893
4377631
4557531
4668707
4389435
4445597
4039059
4006193
4930681
4516591
4167202
4373433
4778919
4683046
4146932
5128537
4012062
4427991
4221230
4003484
3940220
4372396
4367375
4232467
4232027
4438410
4352661
4053885
4036886
4838376
5150886
4408248
4388130
4215536
4294566
5291603
4319434
4263634
4096408
4453372
4863435
4116409
4519452
5017465
4092945
3941362
4295763
4495656
4393453
4278059
4550271
4638636
4793105
4245169
4108628
3998115
3988236
4263220
4401390
4216208
4402310
4067730
5041185
4053542
5148764
5470875
4886991
4206678
4022799
4055551
4949451
4964435
4139434
5059731
3731468
4485612
4403318
4433667
4123562
4133947
4021110
4883906
4455313
4485958
4040751
4693227
4018815
4257586
4175448
4190120
4369000
4108721
4404352
3940500
4311673
4433594
4360098
4829351
3995441
4886762
4131301
4632044
4269412
4592178
4555614
4166567
4775935
4420755
4487136
4567135
3899469
4787097
4162385
5415411
4191559
5209424
4175386
4260537
3850066
4419126
4259140
4295339
4607643
4099227
4065029
4289046
4711197
5173602
4215779
4396100
4323277
4503348
4249929
5071917
4308687
4836809
4790058
4179860
4049755
4402232
4089252
4342414
4834802
4478633
4190327
3960722
4714653
4107773
3980591
4298097
4200697
4031947
4443019
4881371
4279542
4140599
4270792
4894529
4935540
5339935
4287535
5685629
4633398
4120896
4303425
4183152
5128230
4579267
4256654
5411371
4375440
4823089
4266962
4252978
4828103
4777954
4480944
4274855
3986612
4964902
4197564
4417626
4329610
4369353
4215412
4472322
4134633
3909269
4127315
4204491
4707825
4985352
4443383
4175686
4530906
5209401
4583152
4621729
5164966
3673795
4000779
4024059
4903844
4637942
4058274
4375713
4035396
3960163
4111450
4067042
4647207
4004583
4435718
4679613
4602755
4037172
4683133
5583233
4449659
4309556
4956894
4257918
4129579
4199288
4348051
4021679
4992859
4371838
4964191
4827147
4163076
4831845
4695602
3888408
4041938
4237486
4447906
4146929
4418080
5242396
4280560
5043672
4239954
5599045
4026494
4051113
4248913
4141892
4086912
4258862
4281897
4369747
4185261
4040740
4928716
4633714
4491113
4264098
3943426
5642125
5073065
4138161
4095410
5735945
4753908
4051787
4293961
5067185
5001392
4528321
4499692
4946480
4318995
4843312
4382110
4103857
4392839
4328010
4053494
4393866
4386639
4438938
4067429
5103772
3916887
4595195
5134078
4386162
4410813
4322353
4266478
4287507
4737494
4072667
3926372
4984877
4182568
4750569
4014500
4102803
4323341
4878885
4837647
4296113
5300750
4272956
5585977
4556955
5242162
4698211
4636494
4284968
4268571
4281630
4277409
4247551
4295710
4187715
4315810
4500678
4120951
5022898
4474141
4958854
4126843
5241567
4936847
4461668
4402931
4728811
4011705
4366576
4324522
5060222
4629450
4006179
4460912
4070916
3873044
4084434
4297483
4348099
4555879
4208062
4220232
4179178
4180400
4031773
4210926
4265179
4778426
4413378
4373560
5627344
4486355
4300614
5167796
