7352267
7461489
7459554
7358538
7467066
7347913
7347579
7459172
7457604
7462994
7344884
7463472
7456709
7461914
7461455
7458346
7460839
7349023
7458991
7458848
7348846
7456919
7344753
7462898
7356973
7351220
7462267
7458941
7350193
7463243
7349893
7453648
7459936
7351741
7385535
7462750
7457538
7455456
7457524
7464648
7461255
7347721
7465561
7350519
7461711
7349089
7350815
7468669
7464270
7461596
7458555
7456694
7466876
7457548
7460634
7363694
7458567
7460301
7346955
7459399
7373034
7365751
7353556
7457720
7465832
7458586
7348367
7462257
7347009
7351305
7461642
7456901
7352331
7462743
7457064
7460904
7457209
7365649
7347529
7470488
7457184
7457488
7351999
7348109
7462510
7356823
7461589
7462203
7346373
7459982
7455555
7348279
7452627
7460715
7460041
7457579
7364682
7459154
7458311
7345172
7459998
7458494
7458312
7349906
7464681
7461366
7454669
7466875
7463127
7460399
7465843
7367429
7347571
7348351
7457657
7458415
7354358
7360672
7458045
7461586
7466237
7460053
7455699
7458401
7461631
7359978
7461246
7348722
7355765
7345014
7457078
7457508
7462718
7458261
7461391
7461091
7462151
7460039
7349207
7457968
7460573
7366207
7358631
7359564
7458819
7453627
7456068
7350616
7461528
7458963
7461300
7458035
7351249
7360344
7459060
7461420
7460091
7385215
7468523
7354836
7358819
7468295
7460759
7462300
7460261
7349056
7461927
7458326
7464206
7464576
7351806
7466548
7459932
7461698
7347967
7349549
7457649
7457491
7458347
7461265
7352424
7461577
7457852
7349304
7461207
7462232
7458540
7458483
7359795
7464146
7459248
7466079
7358027
7352591
7458141
7355495
7465262
7350857
7463534
7459473
7396647
7458030
7458520
7471286
7351004
7462650
7351281
7466542
7462412
7455099
7402598
7461900
7463169
7459863
7457488
7460119
7461669
7462880
7461278
7461092
7453852
7464190
7464747
7461292
7349898
7459591
7355210
7460107
7352785
7456539
7354243
7461513
7461934
7455166
7462842
7459186
7460835
7386641
7349664
7463421
7459370
7467515
7355799
7349679
7461266
7458989
7460704
7459086
7347580
7459278
7461405
7374302
7462984
7463825
7348161
7461523
7455911
7455666
7461495
7470200
7360237
7461684
7352935
7463292
7388655
7350165
7458827
7353652
7463414
7350907
7466307
7457131
7461496
7352920
7461283
7349907
7463294
7353456
7354471
7457458
7457841
7347916
7457985
7458181
7460873
7346378
7454957
7354322
7460730
7461318
7454369
7348653
7458765
7461540
7358613
7462019
7354179
7344747
7464524
7460631
7457437
7458801
7352945
7346282
7459484
7458406
7346995
7466445
7351259
7457070
7458438
7459871
7463136
7352002
7353651
7461856
7350187
7354774
7461005
7463458
7459492
7361065
7350535
7461589
7457924
7460346
7348891
7352233
7461948
7459432
7457769
7454505
7352078
7461637
7457486
7462613
7459079
7458552
7355120
7457457
7360681
7467853
7342811
7459247
7352354
7459496
7459805
7361219
7461223
7384308
7345874
7354185
7464817
7347053
7348967
7355695
7457223
7456793
7455111
7353032
7456509
7458083
7349605
7349422
7458393
7458078
7462004
7351422
7464324
7461796
7351401
7460733
7470869
7464627
7459853
7460765
7462774
7351386
7356831
7354136
7461150
7360621
7459111
7342941
7459015
7458036
7460982
7461127
7462414
7459683
7463081
7463057
7456194
7467062
7458766
7458595
7459610
7461521
7346487
7366637
7459381
7461383
7346154
7460433
7460707
7457222
7460874
7458981
7463122
7467291
7461140
7352151
7458372
7452816
7350329
7453283
7458802
7459854
7388072
7459825
7348001
7383001
7352873
7348953
7459655
7347582
7457731
7461468
7348206
7354642
7463024
7461570
7351771
7352734
7348303
7455977
7457658
7462168
7459556
7462872
7466532
7366310
7456870
7461319
7359659
7466095
7461672
7458719
7353021
7460672
7349037
7351420
7460232
7457728
7462726
7467313
7351262
7346636
7353978
7347873
7461092
7459767
7351869
7356480
7458660
7457051
7457819
7460953
7461128
7459354
7462666
7454754
7460162
7352646
7459585
7455312
7460891
7364820
7462725
7456237
7358876
7460490
7460787
7458195
7361631
7350063
7455769
7465419
7458316
7356208
7457492
7457170
7351007
7461255
7462606
7456621
7460017
7352496
7458546
7462503
