7427915
7414890
7432063
7407767
7398639
7394190
7411831
7409731
7418385
7406366
7414388
7427169
7421425
7434143
7425931
7417535
7425124
7383659
7432411
7429705
7432190
7408427
7427078
7416506
7446383
7422568
7405476
7429463
7401988
7425293
7435134
7430014
7419435
7392811
7418253
7412864
7397767
7427537
7428217
7431276
7390406
7425696
7430356
7403438
7429361
7428981
7429449
7415763
7402915
7434246
7427023
7412053
7430342
7419648
7435709
7427514
7401420
7421699
7428010
7412981
7400458
7398665
7431114
7427708
7428169
7434790
7431399
7425886
7429937
7400354
7429605
7395229
7408174
7432674
7428938
7432546
7422994
7430402
7419045
7396589
7436181
7434079
7431499
7428894
7431080
7433823
7415729
7383676
7408760
7429889
7429454
7419595
7432597
7400275
7402374
7391437
7397938
7434778
7431395
7432716
7433460
7434654
7425379
7430054
7415894
7429656
7429264
7426235
7434593
7433875
7431953
7422824
7427068
7428220
7419744
7413413
7427946
7430474
7430453
7428913
7429692
7431873
7434192
7434919
7432814
7403859
7402119
7425109
7434905
7429107
7429481
7406818
7430492
7408468
7402116
7428816
7422854
7431303
7429455
7388478
7427364
7427410
7425908
7442917
7424871
7432306
7433524
7429143
7425997
7428687
7421133
7453557
7411317
7398741
7429694
7427401
7424253
7427118
7434211
7429898
7420880
7428726
7432085
7403610
7408116
7435312
7398071
7399803
7431211
7418577
7394891
7430707
7423588
7423544
7341991
7433935
7431391
7433527
7430381
7432273
7408438
7427733
7427477
7433156
7402139
7397964
7426850
7411097
7398984
7426981
7398963
7429874
7430798
7402388
7417820
7421224
7399162
7417793
7403200
7434937
7425342
7426504
7408184
7404768
7402627
7426898
7388922
7434184
7426873
7399346
7400766
7395531
7434379
7391674
7433997
7411166
7433386
7397665
7413574
7415083
7430605
7433404
7306594
7437055
7429347
7411209
7392666
7423135
7407101
7400771
7429970
7451973
7432530
7427530
7390790
7431760
7426095
7429137
7424498
7391935
7397784
7416979
7400393
7432133
7407988
7420148
7427540
7417777
7416518
7407495
7427505
7415298
7429423
7402295
7430614
7425161
7470683
7430965
7428083
7434139
7432593
7422537
7399523
7425078
7437343
7429772
7427890
7432016
7429194
7405569
7388324
7397576
7429802
7426541
7428026
7406097
7400828
7410218
7420820
7430408
7426209
7409247
7411326
7405616
7423046
7420937
7399572
7404008
7426199
7432979
7430121
7394898
7396292
7426448
7434069
7411526
7399238
7432556
7398298
7431325
7437596
7406786
7433878
7425399
7425377
7430248
7422912
7445469
7423134
7433242
7401730
7399317
7418517
7429724
7430752
7418190
7432010
7407560
7430868
7432741
7398554
7405193
7426115
7427834
7433564
7402446
7424943
7405673
7425927
7407375
7409180
7430228
7430413
7405357
7429017
7426039
7406741
7400207
7433770
7427731
7432195
7419640
7414346
7407295
7430356
7398263
7425546
7436566
7427047
7407020
7423227
7430456
7401764
7428466
7413461
7391266
7414610
7416053
7392984
7428746
7432457
7401626
7400646
7414992
7417698
7402747
7405453
7429219
7434434
7424790
7433560
7431101
7430910
7427339
7429269
7408689
7426402
7405187
7431916
7424317
7397303
7406581
7427554
7433309
7433746
7400004
7408146
7414986
7432894
7426497
7427062
7393345
7432270
7426860
7402519
7399260
7430188
7428734
7394408
7429104
7396055
7429434
7428284
7396584
7409441
7430422
7415341
7425642
7431683
7429057
7422961
7396159
7424458
7419437
7417065
7403051
7435206
7395956
7417320
7400006
7432050
7426170
7413279
7403861
7432709
7449178
7428076
7386722
7430031
7431630
7428398
7401823
7416962
7435386
7433182
7434326
7424238
7400192
7413663
7424497
7436949
7430366
7397813
7433540
7432466
7428140
7431552
7427376
7420924
7422432
7432243
7417594
7413002
7411423
7426641
7399962
7432027
7432611
7429755
7411947
7403852
7422073
7423634
7428276
7432683
7419203
7410956
7415668
7403639
7434987
7452462
7407062
7399695
7427357
7421179
7425062
7424788
7423696
7427017
7398576
7428659
7402111
7408370
7428929
7425433
7445910
7409529
7403008
7416137
7434531
7430021
7416141
7429401
7423616
7407521
7427707
7427333
7399430
7433505
7428439
