566919
692141
738234
718331
782458
753766
652928
723069
696245
655554
31293
692107
661741
805495
649672
599095
746432
709845
771391
716570
682784
652248
727579
769756
22993
605266
756848
706220
742685
691440
625523
690622
698673
668137
642115
26746
673264
640727
672927
693683
695962
663614
746409
596592
741607
648558
616038
644525
634305
644804
680643
628363
647702
663024
15058
737778
763633
40501
641345
710621
738239
22455
708892
28231
678686
646742
684041
722817
651983
33409
750153
727175
697641
577901
665937
623805
618550
651484
657164
801898
662766
741357
701030
705372
714213
707111
567150
645840
719011
638864
639181
597461
727837
629452
805118
662536
37989
679726
679357
747492
669336
717869
685163
17635
705048
587016
699440
622825
667750
598231
684760
622659
735754
731227
651758
637876
647689
724129
705013
721312
666541
679888
25245
740577
674504
638430
632943
662567
681513
753477
685662
681040
713601
698746
652841
15865
715569
33358
718329
605954
651429
643684
630212
666142
738909
622488
732669
735868
754093
720296
634623
728664
655406
675585
733691
713094
711250
730051
742806
797049
717956
597352
634192
734204
706451
631458
702831
19160
585770
709120
682039
671705
707643
764883
680618
661898
620709
762399
701496
702524
624707
715284
707461
743245
713940
677201
666152
696856
686371
731337
673406
660511
681788
717409
660197
752656
697349
643607
632074
704327
624368
713314
669724
595108
644294
33728
664190
628454
728977
798955
743084
795744
803373
666152
18954
706582
734606
747738
18358
765991
755916
722457
716965
677953
693137
754538
636641
580106
624484
20715
708045
618583
623558
716683
705981
727184
718580
692566
763420
748850
699535
725289
639727
655917
847473
694206
34766
612110
771045
629065
672124
22508
747128
7827
17662
655379
739481
689215
30893
687869
711547
583908
659037
692584
692347
701842
660953
654161
662950
695001
762702
819140
701621
671150
619092
633647
692561
692373
650524
709292
737971
18730
738086
42363
698733
698070
702863
623272
663919
750149
702348
756560
733930
750807
712783
693890
18139
735324
663856
652091
713909
752977
774104
702045
663759
658625
600020
752632
626745
738837
643455
612903
631651
619550
661952
747719
628076
696978
612567
651152
13049
798035
642315
811260
649536
710387
634766
733029
748307
591562
721121
646932
671285
632548
749321
680251
711442
38304
850314
714012
710114
701139
27551
749197
719385
752038
646405
686510
13960
719240
738816
690418
737651
597134
805067
33159
752530
27550
665016
658331
694723
633307
698088
774222
27592
626184
723073
660479
25874
710447
683015
654386
13584
655881
651482
721932
29996
659883
717224
685144
32657
755596
657276
733375
655524
764062
691201
775995
639741
706956
675491
828214
651188
630079
618320
650972
32684
707800
703763
717567
732973
637531
698305
694715
683813
652169
658225
621162
726865
678925
557341
12757
684162
550358
607660
690242
720153
730790
604163
619272
674852
678460
24438
753076
35101
758392
663208
604169
658181
806023
16928
28933
21218
769687
669463
676425
693132
645857
31466
674307
10528
733407
744125
734212
20569
703585
742327
725876
811621
738520
705814
586301
723060
29129
789695
627666
665862
744511
677614
669415
749339
658735
725142
722874
706767
681518
610640
784177
665614
657672
688699
620900
722030
31012
591884
731344
729905
622829
618072
669990
803218
712571
626306
763587
770685
700735
774610
685878
696139
681801
699570
672086
610223
25715
612847
689232
685589
733514
738711
710361
