7427986
7425301
7429366
7430189
7429943
7425286
7440373
7431955
7430113
7427778
7436731
7426312
7420501
7434374
7405682
7433586
7423823
7429056
7428859
7407715
7432290
7430596
7432848
7413610
7434883
7413643
7428670
7426921
7400912
7402578
7434746
7432806
7434780
7429055
7413711
7400631
7424181
7428787
7426648
7434732
7423916
7424406
7428430
7434727
7429242
7430281
7428754
7426621
7433110
7434848
7433947
7404047
7435237
7423131
7402196
7431155
7429283
7400363
7425684
7428689
7395091
7434001
7420883
7432808
7422000
7433199
7424268
7430581
7432136
7431953
7428690
7426857
7396222
7400125
7417287
7406129
7397015
7400818
7396158
7426191
7431800
7457726
7419628
7404734
7467295
7418719
7424475
7428894
7425665
7429193
7425794
7426906
7431205
7470126
7415553
7427011
7427763
7432710
7431183
7435621
7406166
7431132
7426215
7412865
7418804
7431521
7428418
7429515
7406110
7435810
7426019
7471083
7416951
7402366
7429950
7470375
7428784
7427329
7429519
7397893
7414083
7422735
7429220
7430265
7426723
7434234
7431726
7427313
7417058
7427374
7431704
7430371
7435460
7431742
7428750
7432889
7428399
7403681
7420325
7425575
7428077
7402203
7430069
7431293
7427644
7429838
7428228
7430194
7422438
7430947
7428202
7398833
7418322
7429552
7431602
7416063
7402544
7418936
7434657
7429122
7419089
7427399
7433374
7424888
7410062
7435993
7424267
7433705
7431384
7432842
7425700
7414932
7425628
7425375
7425326
7423229
7409089
7433891
7428655
7433127
7354451
7410238
7414213
7405680
7397362
7429278
7436172
7421234
7433048
7419913
7431423
7430038
7430665
7427730
7414167
7421407
7438943
7431812
7426835
7430260
7397840
7407780
7435994
7423671
7430257
7402644
7430212
7428755
7403689
7431976
7403418
7426676
7432080
7420820
7420271
7411312
7403724
7421854
7429675
7422587
7421751
7430547
7438763
7435815
7431696
7416553
7427474
7431302
7429692
7417747
7413620
7422905
7423003
7430192
7432908
7432122
7432032
7431132
7424422
7407628
7423265
7431396
7429611
7398447
7430871
7431650
7425808
7408586
7424803
7433062
7426172
7411037
7425980
7426667
7429992
7433460
7396272
7406399
7401595
7419557
7434682
7434273
7469167
7467488
7424174
7430090
7429548
7467546
7435717
7411401
7425164
7411243
7431934
7427156
7431793
7426817
7425813
7430455
7404045
7432584
7426027
7431690
7430079
7439049
7432339
7433856
7403350
7403430
7398360
7399654
7430184
7403126
7425560
7430149
7426048
7427138
7433927
7411340
7432361
7428581
7407693
7433429
7433064
7417926
7430799
7425000
7429998
7436016
7406255
7430464
7428070
7428399
7391760
7401859
7429081
7412034
7428641
7434293
7425111
7432290
7426694
7429561
7423383
7442065
7430879
7417062
7406691
7427768
7396583
7414518
7403869
7428408
7395191
7401899
7412029
7425335
7434259
7430856
7435996
7397848
7432441
7394259
7429718
7432777
7431564
7406456
7427563
7436348
7427653
7426369
7426920
7403432
7411673
7436377
7421216
7424985
7397166
7423996
7426734
7408312
7435266
7399549
7421512
7429825
7426878
7423830
7426631
7429598
7432897
7432478
7433101
7431683
7428894
7418990
7449614
7427020
7431843
7407850
7430614
7398633
7431246
7407224
7424953
7423169
7434240
7401490
7409464
7424400
7430694
7422729
7415864
7431873
7425126
7407354
7431055
7434791
7430904
7432024
7410226
7427921
7423781
7431542
7434384
7423121
7436066
7431239
7397216
7422839
7430268
7422121
7428535
7400175
7428001
7429564
7417836
7428752
7434076
7425709
7427539
7422808
7434636
7428063
7416759
7400610
7430678
7405240
7429821
7389339
7423350
7416165
7424680
7403026
7413254
7436760
7422008
7433685
7436019
7426383
7432668
7426361
7441548
7430336
7429424
7429437
7414082
7426660
7435576
7433180
7430368
7427101
7426950
7405524
7394629
7428942
7427787
7428429
7404970
7434253
7414153
7401464
7422170
7401197
7427039
7426117
7427802
7431189
7431783
7427412
7410763
7418603
7427478
7449550
7407109
7432774
7420032
7397450
7429982
7430098
7428940
7428857
7408751
7431734
7417216
7424892
7428256
7428238
7425684
7436347
7430848
7431648
7427812
7432726
7407963
7400100
7405639
7424911
7430966
7404175
7407017
7432939
