4071766
7080638
7205793
4480193
7123150
4537613
7322073
7231856
6854359
7302353
3553319
7186901
6689122
6626229
4513708
7022461
3990219
7208929
7056568
4513708
3984579
3664050
7343634
4403417
7082631
7225198
6753437
3280371
7274293
4089340
5439277
7189675
7314766
6700393
4443715
7193119
6685393
7159108
5780208
7314719
7143994
7265714
7241991
4165851
7082353
4110614
5088742
7176402
3550120
4229257
5662491
7125795
5685897
7263458
3899293
4180008
7129433
7167792
4076231
7189126
7328898
4405731
6791851
7169173
7207541
7148548
7209127
7218817
7164710
7246710
5683497
7275384
4881857
3953305
4383633
4565921
7058486
7167753
6670295
7153007
7203274
7156570
5883896
7025843
7228105
7098953
4127657
7170399
4083807
7097940
7201183
7226508
7222280
6679639
7194409
3784760
5630749
7213769
3910448
4565086
7281426
7212101
6172320
7171054
3913267
7197748
3986701
3693994
3433925
4857082
4255473
7238720
4198389
5807979
4053695
4650410
7251389
7065535
4071041
3937459
7078954
7283766
7169351
4482075
5382469
7162196
7181015
7035102
7030676
4133527
7289491
4250538
4261868
7227339
7234811
7162339
3408942
7263661
7283212
7165271
5609020
3403359
7287846
3757549
7171691
4976031
7326363
6593929
3969509
3577115
7188390
3742882
7191392
7253570
7237241
7105830
4139916
7182335
3868354
3603207
3271061
7235688
7152807
4594616
7080476
3674360
7120834
3555408
7224385
7270098
7237745
7133584
7180193
7225503
7073421
7165417
7281039
3539379
7222286
4964929
4165001
7150500
7284405
4205255
7134423
7270000
7233279
7112687
7114894
7226614
7257643
4293454
7171957
6011388
4627481
4072638
7086468
7246447
4050159
7149352
7315357
7199510
5868499
7206220
4042671
6855992
6538835
3597444
4251257
7310451
7238541
7191178
7252321
4367879
7260306
7034624
7185525
7106859
7187403
4090907
4004841
4443825
7287636
7226690
4277277
7140499
7228264
7242389
4237424
7302002
7282492
7347804
4686510
7103123
7209899
5192991
7232142
7275289
6502921
4168895
5698552
7173670
3741771
7184426
7140186
3623789
7252302
4310309
5673777
7172437
7300815
4066100
3990340
7217036
5034599
4413744
7284236
7208197
4478867
7264258
7226159
3320159
7050330
3763576
7219724
7250646
7252819
3373540
7283512
7176770
7151230
7235051
7216845
7305534
6309876
7245216
4128984
4206462
7245031
7295050
3451944
7157401
7223822
7179354
7199147
7227962
5187679
7303776
7244026
7234601
4570305
7055481
6598008
6462362
3567757
4010956
4306469
7103088
4117501
5435298
6907178
7118316
7248748
4568221
5042116
6599453
7096714
4037263
6693236
7093226
3890427
4606557
6560173
6076059
6578898
3971946
7150188
7044607
7217303
7307074
7133940
7161333
7158501
4757812
7053734
7013092
7223408
7270885
7128426
7308185
7267022
5776673
3451589
7250004
7236930
4070673
4101352
7267775
7073334
7118322
7156828
6724532
7253423
4597944
5063221
7218054
4180091
4591338
4477502
7110504
4106162
5805493
7129878
4014197
3620178
7065011
7118937
7267871
7105814
7150250
4331972
7107674
4632187
7161929
7057562
5776586
3546002
4390886
3666531
4078752
6657572
7139946
4376536
7286387
7133585
6618204
5648574
3412556
3426392
6995603
7195352
7255730
4818589
7258525
7132023
7058911
3838809
7234470
7064570
7093441
7208434
7213763
7202527
5431183
7180253
6540663
7171047
6747441
7336631
3902317
7204258
5531860
7163334
5527092
3508354
7002026
7281728
7186726
7206042
7119247
4079296
6823309
7266910
3809006
5164245
3513909
7198690
6926695
3946276
4461861
4236001
7124190
4088878
5986402
7194240
7176195
7182326
4302119
7268090
4273798
6587832
7195327
7017294
7176459
7275808
6587196
7195710
4117676
7286553
4379548
6674999
7054436
3487279
4481170
7133452
7174468
3584090
4513296
7177153
3996166
7203355
7192164
6540125
4121882
4066889
7114677
7294638
7126938
7199862
7137820
7169277
7198600
7218476
6927921
4159303
7199471
7218141
4257661
6543042
7281206
4211966
4535242
7289241
7253554
7160411
7173987
7268242
3601319
7026276
4084320
6578367
4333242
3669556
5596154
7221661
7174338
7207400
7191940
6082220
7180993
7238624
7145212
7240605
4293595
4466586
7164022
5325757
7283398
7053531
3657227
