7163073
7189482
7173227
7095695
7183805
7189182
7183352
7174228
7140033
7178720
7057625
7203082
7194900
7210293
7146812
7200530
7103622
7157209
7157453
7157805
7094809
7094963
7166863
7164826
7091562
7162746
7129851
7213589
7134779
7106696
7150839
7189059
7149146
7207231
7091164
7199739
7160696
7163739
7167361
7177961
7182467
7174529
7184062
7174108
7174284
7180216
7169959
7136524
7074806
7225241
7079326
7065873
7180475
7185624
7167747
7176878
7197668
7154204
7054465
7077795
7170710
7174886
7165896
7166716
7181204
7151803
7166388
7169462
7149278
7193206
7180519
7195740
7066674
7183942
7214426
7194673
7164156
7182226
7108336
7147616
7162898
7172592
7197676
7182265
7171326
7186274
7125721
7203820
7175269
7188423
7072645
7194770
7192709
7169154
7179498
7189059
7080020
7175175
7176102
7062157
7121475
7214616
7066410
7169943
7164383
7063272
7154287
7169049
7111124
7134168
7155940
7137379
7122256
7157819
7162331
7038847
7162881
7182930
7146740
7167931
7165325
7168000
7193817
7174165
7136662
7107754
7167198
7186558
7114783
7205747
7154612
7202201
7174125
7185470
7044957
7182005
7096774
7145234
7154767
7182204
7049138
7161150
7149792
7183960
7122534
7098550
7190842
7131127
7179369
7072461
7211498
7164191
7163593
7151600
7164459
7167238
7196312
7130444
7125436
7194588
7178752
7174056
7109562
7165078
7069175
7177184
7153963
7176834
7195603
7097695
7156193
7102897
7172367
7075685
7126245
7059518
7178833
7175659
7171688
7147214
7171939
7116694
7201575
7178382
7189391
7174706
7170618
7141240
7145946
7198932
7183455
7176663
7179848
7181706
7172541
7183223
7197473
7150671
7176988
7184552
7188562
7073295
7198067
7056734
7179968
7184599
7184540
7186931
7075781
7190989
7215235
7164396
7181652
7183902
7133553
7172952
7170884
7165267
7047670
7166470
7227179
7190418
7178461
7174330
7185800
7162968
7160360
7201502
7187969
7212680
7181412
7074504
7158827
7167849
7190424
7167133
7158924
7158685
7098083
7101514
7168375
7141428
7069070
7144847
7147967
7175880
7195823
7166713
7163382
7105814
7131990
7150242
7175380
7184528
7017973
7073499
7032102
7130796
7212878
7153166
7101715
7149935
7191031
7124952
7192310
7162063
7069865
7097369
7195763
7162664
7082278
7038307
7075363
7180017
7160445
7138409
7192034
7166202
7116735
7207280
7036804
7140274
7132523
7166717
7097058
7171574
7188654
7192172
7184181
7165423
7149975
7172347
7204329
7148330
7163778
7177687
7186463
7203136
7177422
7181767
7146792
7183406
7186746
7206793
7184373
7193979
7195482
7182879
7201115
7169421
7199602
7201221
7186773
7188480
7179151
7151829
7142373
7129638
7161718
7207750
7176192
7064342
7163109
7087223
7177476
7178609
7152023
7194871
7204230
7216438
7143085
7162099
7179736
7069789
7162212
7070624
7192500
7174692
7172667
7168943
7157364
7188692
7189893
7184586
7184628
7143795
7104775
7177489
7150019
7174394
7181779
7163403
7156365
7131157
7189541
7064515
7141460
7181298
7131273
7148656
7179266
7084032
7187044
7160225
7157360
7183818
7063134
7204141
7172040
7160311
7180216
7024984
7132031
7100277
7151488
7151713
7171695
7065646
7068866
7152525
7179586
7146895
7087658
7179351
7144318
7189458
7033068
7188051
7139311
7183148
7156637
7169034
7154287
7173991
7185768
7204192
7174578
7169010
7168452
7163632
7180968
7176077
7172523
7201518
7051871
7169406
7076686
7166713
7181459
7197717
7192805
7169734
7058779
7214301
7098209
7115881
7169600
7178433
7182275
7208783
7160926
7150832
7161163
7136066
7158451
7165874
7171136
7185402
7197910
7180041
7147066
7173218
7134569
7153130
7194815
7163590
7081550
7072315
7197668
7143418
7173528
7164750
7174257
7144138
7210745
7069564
7064280
7177819
7141519
7187027
7138886
7097112
7118686
7064842
7055506
7104699
7176664
7190755
7107048
7114247
7184541
7174572
7132801
7156410
7044672
7187694
7165826
7190738
7191664
7170586
7207185
7174249
7196322
7181556
7062717
7043148
7172267
7058339
7092488
7180837
7134146
7184976
7106433
7110287
7123370
7190064
7207557
7173482
7173617
7107692
7179896
7184225
7176282
7158369
7125215
7188367
7040325
7075373
7199966
7095581
