1319
414
459
486
746
125
957
158
283
249
745
1256
838
510
720
442
927
258
281
913
821
198
304
81
674
164
301
1015
454
1255
1454
790
254
854
172
925
225
573
55
1313
137
96
793
1119
516
662
134
85
485
930
249
137
80
1265
681
1092
125
73
609
463
1586
610
1463
1297
193
771
696
840
61
105
921
291
1102
330
30
658
827
979
342
698
403
35
1378
1167
541
1045
661
252
35
229
81
124
52
408
97
831
741
322
709
1486
94
19
22
78
705
57
412
198
418
6710064
244
1233
1305
891
16
998
48
881
1646
97
990
1195
46
1067
79
956
193
112
50
1586
308
733
1656
1157
140
176
877
344
155
223
1690
458
545
732
1057
633
966
1153
1142
870
171
145
1243
791
175
305
323
742
94
92
785
162
959
724
637
271
1456
509
697
1030
261
306
94
95
529
73
238
458
33
1296
380
520
72
442
25
303
71
570
1278
300
191
1181
812
289
56
509
458
1538
976
47
253
317
545
39
119
388
322
485
93
1233
291
148
114
123
67
678
302
588
67
934
419
1210
580
108
100
67
99
613
382
141
395
747
69
331
295
351
1002
341
37
1226
81
26
182
975
677
739
111
73
357
41
636
353
308
749
36
1480
81
140
58
6579545
294
758
864
146
179
67
829
979
248
56
160
908
66
331
496
79
158
861
933
88
994
173
700
748
1003
184
47
240
151
42
1384
904
203
1649
640
315
533
343
221
1211
579
113
235
1145
96
278
342
1391
414
187
1561
81
95
292
26
1618
1039
1004
326
908
251
763
65
778
437
1489
1480
1026
737
494
1503
49
181
290
66
690
655
31
66
609
506
86
263
1559
145
127
445
1348
78
774
612
1321
554
1060
785
1482
18
256
186
375
176
626
201
187
1068
613
174
38
853
272
320
87
502
13
34
164
463
914
399
336
117
60
121
173
102
1524
64
148
259
1101
1378
794
272
172
315
824
482
19
109
334
1290
339
177
281
810
982
146
1328
1243
1080
370
71
88
71
255
231
76
1122
1200
242
977
338
1202
561
306
2172
69
608
208
55
670
395
1496
267
794
34
778
729
87
1293
110
49
930
1020
269
536
787
12
527
92
1517
111
261
58
580
159
1443
1058
170
298
47
1159
62
148
40
621
109
306
48
204
1387
484
85
1325
689
357
82
789
346
1306
1356
24
788
956
790
655
1095
262
841
659
750
664
83
103
411
949
115
811
206
141
