7222283
7187398
7186504
7218029
7201690
7203931
7211692
7233212
7196556
7187371
7196044
7209446
7192615
7211821
7224530
7220476
7200420
7216049
7202061
7212337
7199381
7204024
7188184
7209017
7202791
7183194
7189522
7198709
7181558
7217604
7217983
7208804
7186811
7194939
7193837
7201670
7210237
7210297
7219187
7192585
7193617
7208436
7196012
7191723
7179731
7211713
7176915
7224783
7193166
7223424
7220059
7210993
7208647
7200425
7218343
7211796
7222692
7198995
7183346
7228217
7200639
7195519
7201257
7219401
7185645
7197915
7217115
7180138
7206927
7218772
7196605
7215330
7210145
7199891
7203612
7222033
7192941
7209367
7205693
7222990
7209732
7206087
7226348
7211933
7183387
7225845
7215630
7211071
7186535
7209027
7197240
7223638
7216347
7186098
7208718
7204267
7177443
7189521
7173240
7214543
7200480
7228652
7187082
7230596
7203199
7224729
7216483
7201641
7208665
7213057
7215632
7180838
7183014
7199330
7211714
7198485
7208575
7205595
7206437
7188044
7190540
7182879
7215332
7208272
7227969
7194751
7213449
7199548
7214869
7214706
7206008
7211386
7206552
7221697
7217000
7168794
7209336
7209366
7217964
7219131
7199164
7219048
7186855
7213837
7173377
7202619
7222208
7208494
7190146
7203398
7188495
7183407
7185621
7214359
7216768
7201011
7225167
7199210
7184747
7210590
7219814
7184925
7222150
7224121
7199466
7198374
7210383
7203820
7226286
7210710
7208083
7217199
7193107
7201718
7216873
7213252
7219512
7201750
7206805
7195699
7199508
7209757
7219965
7195556
7180353
7204011
7190478
7210734
7209614
7178829
7212137
7194106
7209428
7216708
7207592
7195451
7208410
7207209
7197411
7219414
7209427
7235620
7211206
7201270
7214909
7205497
7205368
7192177
7204277
7179939
7211033
7206665
7200011
7195669
7196475
7193016
7225317
7204887
7191357
7218342
7212038
7213061
7228595
7211357
7228283
7224759
7221662
7229061
7205470
7199261
7220858
7220482
7192300
7207715
7197748
7209373
7220237
7207139
7200886
7218138
7194482
7179956
7213533
7185335
7210683
7193571
7216312
7208516
7165032
7208718
7186937
7206529
7227837
7226748
7190788
7196643
7193119
7205730
7226883
7222244
7195471
7182169
7223182
7192895
7216723
7201302
7201549
7219821
7220001
7181527
7208828
7191366
7198650
7198999
7206423
7209957
7193354
7187854
7191820
7199669
7208369
7198574
7193487
7219894
7195643
7201844
7215894
7200838
7222382
7185607
7192719
7214891
7187256
7203925
7198251
7205594
7216948
7206884
7188615
7206870
7200782
7212260
7209323
7207511
7198989
7215831
7216124
7217930
7202064
7199200
7180496
7223126
7210909
7210790
7209060
7185787
7212710
7216268
7215487
7224481
7220347
7193784
7186290
7183052
7200907
7180509
7186946
7196288
7198109
7217432
7219031
7211640
7219423
7197331
7215528
7204058
7196935
7199175
7206984
7210997
7192398
7195508
7216364
7216102
7203498
7204756
7203299
7217605
7187117
7208569
7202059
7198470
7185051
7227018
7216188
7187461
7217466
7196539
7177885
7220051
7212370
7196829
7215853
7200367
7173834
7206995
7216395
7179407
7211207
7188616
7192301
7190330
7206361
7197392
7203877
7184931
7195453
7227486
7191079
7205681
7222327
7203292
7212354
7212117
7200454
7191672
7198114
7201213
7220242
7151586
7221071
7186473
7213055
7221135
7216853
7199804
7207718
7211155
7196494
7213473
7202847
7203953
7202404
7209762
7197722
7213520
7209098
7228902
7220538
7206661
7212085
7190584
7209362
7222757
7226799
7193761
7216957
7194835
7211548
7212035
7197188
7203807
7210874
7186198
7192815
7201055
7220800
7218121
7220518
7209274
7208917
7191032
7194524
7212306
7228239
7188006
7220996
7211598
7220139
7182736
7206553
7213500
7210234
7191819
7212575
7219377
7231170
7189814
7200654
7209606
7198168
7212274
7204795
7214886
7201056
7207614
7201848
7213315
7206130
7217526
7195125
7210537
7202802
7201539
7195621
7199940
7223833
7228457
7220098
7197050
7239725
7191815
7225447
7223801
7211492
7202666
7185259
7196382
7200904
7193477
7206457
7180932
7231586
7226463
7185183
7194430
7198399
7207260
7209059
7217015
7187939
7191881
7178608
7206772
7225889
7217776
7208909
7205175
7224028
7211455
