676975	230901	446074
626120	203642	422478
754811	234355	520456
660606	226188	434418
678430	233573	444857
724347	219025	505322
626595	208503	418092
771315	224088	547227
609327	212394	396933
629957	235744	394213
665848	197308	468540
740765	203393	537372
712046	223927	488119
833535	237921	595614
641664	212171	429493
610834	222938	387896
736091	218296	517795
824633	217508	607125
631877	219568	412309
731749	229519	502230
686569	237726	448843
733201	244115	489086
726915	217263	509652
631671	218061	413610
666778	218641	448137
756504	232967	523537
720442	230550	489892
808592	239558	569034
647266	214755	432511
691848	230763	461085
716295	217244	499051
761396	230740	530656
734745	221705	513040
644873	224335	420538
538229	213351	324878
607352	231204	376148
630509	240629	389880
765378	205696	559682
606087	224508	381579
629086	211715	417371
656838	215257	441581
777733	236689	541044
611688	215970	395718
540069	225699	314370
650015	230903	419112
659050	205594	453456
581154	229802	351352
626493	223433	403060
723715	206026	517689
735174	225079	510095
577596	212550	365046
650737	231387	419350
790734	239489	551245
821619	248542	573077
647387	202593	444794
662231	231241	430990
729951	225676	504275
713488	222629	490859
562184	213754	348430
632125	238522	393603
652302	230346	421956
605787	218329	387458
717845	223013	494832
786015	226048	559967
781160	219739	561421
639594	226319	413275
602161	227803	374358
562165	216918	345247
631200	208700	422500
802770	239203	563567
714728	222787	491941
786805	209295	577510
699021	235321	463700
726856	233513	493343
722320	226938	495382
683329	212539	470790
697849	214692	483157
814115	218621	595494
652670	230162	422508
681046	222885	458161
683170	213577	469593
746724	225802	520922
775583	243262	532321
739408	219820	519588
757224	224527	532697
633981	218850	415131
676661	220437	456224
720538	229844	490694
619168	216749	402419
632135	230199	401936
696155	241107	455048
590488	225708	364780
734256	221734	512522
631112	221422	409690
728991	208683	520308
710784	224010	486774
786032	220177	565855
721839	209390	512449
726684	234631	492053
591357	227682	363675
607771	235722	372049
567817	222458	345359
688506	219435	469071
650776	205548	445228
765413	219139	546274
658769	221376	437393
727038	233536	493502
593620	222279	371341
805852	219098	586754
739265	204940	534325
574904	227464	347440
720946	248430	472516
641334	203407	437927
690592	214192	476400
634923	233528	401395
713125	219146	493979
583691	228855	354836
673977	238841	435136
703087	214983	488104
659370	238806	420564
700244	211914	488330
597358	229940	367418
691528	233592	457936
672257	216225	456032
697505	212861	484644
613253	216417	396836
693830	209856	483974
588923	213877	375046
726660	221469	505191
752787	218898	533889
706757	231376	475381
799923	230615	569308
583008	223672	359336
610850	227259	383591
569445	209559	359886
679754	204773	474981
694710	222228	472482
572119	221398	350721
780129	236594	543535
608826	207868	400958
674426	229799	444627
670691	221774	448917
693088	223378	469710
674658	206365	468293
676382	231125	445257
702235	233679	468556
747773	215413	532360
672901	220042	452859
622234	202878	419356
746402	214260	532142
775822	228403	547419
749677	209371	540306
669764	233776	435988
646644	221839	424805
755503	222837	532666
662245	221137	441108
598192	212285	385907
793850	233266	560584
772845	223355	549490
645696	199232	446464
688728	219163	469565
789627	231401	558226
763067	228252	534815
632256	219392	412864
753145	219769	533376
701428	211981	489447
700408	226340	474068
742304	211542	530762
739769	221626	518143
717427	213833	503594
745831	193229	552602
727140	215616	511524
782367	216506	565861
707034	220316	486718
608494	220357	388137
571294	207299	363995
651788	230626	421162
799652	221448	578204
704390	218424	485966
655630	234918	420712
694866	230330	464536
749177	217712	531465
577645	213271	364374
695695	230491	465204
706835	218104	488731
652915	229342	423573
585634	229264	356370
590516	203407	387109
595233	229001	366232
739269	218953	520316
653051	211774	441277
570809	214557	356252
581232	223970	357262
588314	220954	367360
583215	213595	369620
733515	227369	506146
650030	208846	441184
595492	215019	380473
595362	205765	389597
795847	242097	553750
608733	227068	381665
660975	227293	433682
647686	212011	435675
760198	221653	538545
768666	226718	541948
691901	211119	480782
706986	219336	487650
624622	226728	397894
725428	220380	505048
744022	229460	514562
817007	240739	576268
658550	241334	417216
613399	224197	389202
596070	222341	373729
537477	201981	335496
794932	226299	568633
632701	223919	408782
662129	238536	423593
618630	225696	392934
546620	208852	337768
668762	227481	441281
730843	221315	509528
693264	222468	470796
702556	204332	498224
593444	224593	368851
580798	212792	368006
578113	213867	364246
674908	201168	473740
574864	227436	347428
746571	242099	504472
705940	206396	499544
632010	200205	431805
714287	208167	506120
551460	228415	323045
679570	219862	459708
674836	238815	436021
703295	229817	473478
580278	203581	376697
644097	226060	418037
746263	222579	523684
830759	238287	592472
720571	217863	502708
593422	211550	381872
666778	213073	453705
534060	214871	319189
602739	215275	387464
607956	230426	377530
555686	210335	345351
767188	231635	535553
572088	215371	356717
722539	246549	475990
642055	225869	416186
592950	206122	386828
605920	219825	386095
678933	207436	471497
769694	220416	549278
727464	242570	484894
640571	189808	450763
760377	211239	549138
703152	219474	483678
698261	212364	485897
627843	215187	412656
647658	219440	428218
633065	222411	410654
612165	220561	391604
609751	244202	365549
651799	225025	426774
708103	232675	475428
700587	221007	479580
607544	225744	381800
595501	227713	367788
760917	224978	535939
624655	223420	401235
614652	233325	381327
676868	229231	447637
704396	233034	471362
770416	233094	537322
754026	244601	509425
670084	219175	450909
545184	205135	340049
679953	206906	473047
659514	232327	427187
675484	224900	450584
740401	245793	494608
728061	219564	508497
655531	238492	417039
573350	220434	352916
585724	221890	363834
739835	220329	519506
616932	228368	388564
593744	225867	367877
721345	226906	494439
742808	230817	511991
636197	223605	412592
705017	235411	469606
555141	223612	331529
647986	225110	422876
696062	224732	471330
705776	209985	495791
698940	240488	458452
685109	230091	455018
794856	224979	569877
631073	204422	426651
698230	223240	474990
734541	241191	493350
557622	213021	344601
672340	217216	455124
721519	203065	518454
742377	234670	507707
680507	237852	442655
730970	214352	516618
618266	212594	405672
769228	228136	541092
596501	217271	379230
766211	222752	543459
602400	199215	403185
777101	229538	547563
729822	234842	494980
598504	217177	381327
654747	218813	435934
715615	222009	493606
693081	217630	475451
787872	244780	543092
614613	223288	391325
731466	234493	496973
555376	206097	349279
567186	215785	351401
817573	234923	582650
734447	219134	515313
741510	214338	527172
656881	219172	437709
736441	213001	523440
681764	228147	453617
654705	238115	416590
656103	223716	432387
793756	235196	558560
738355	219784	518571
622152	223411	398741
757919	214502	543417
707170	206458	500712
557356	208391	348965
638064	228311	409753
718759	207119	511640
684647	222828	461819
811385	233988	577397
678717	222278	456439
688178	225055	463123
717380	232731	484649
603629	221426	382203
654923	230338	424585
822479	242104	580375
728041	210847	517194
709970	213949	496021
634925	236973	397952
679491	227478	452013
645506	232415	413091
712256	229109	483147
570213	218874	351339
617321	224921	392400
653565	234905	418660
779628	213254	566374
665787	232598	433189
840440	219166	621274
604914	219055	385859
721798	222189	499609
608060	223576	384484
704847	213284	491563
604141	225750	378391
694510	208200	486310
698740	231534	467206
671651	220293	451358
717484	206399	511085
724402	222453	501949
822332	219118	603214
732523	214248	518275
576149	214931	361218
780345	214563	565782
725712	213950	511762
731199	227320	503879
618075	226865	391210
609643	198973	410670
633346	218967	414379
704609	207319	497290
781630	231974	549656
693452	222643	470809
785275	245531	539744
689790	216402	473388
595939	215097	380842
593256	225766	367490
712156	227548	484608
673752	229248	444504
693372	214088	479284
576038	225185	350853
756255	216990	539265
576880	229818	347062
693815	225902	467913
635794	203706	432088
587157	210255	376902
512357	215423	296934
770386	210195	560191
595582	218125	377457
711879	218309	493570
681697	215338	466359
713432	250837	462595
740765	229575	511190
774734	228573	546161
773844	234898	538946
683229	223977	459252
680634	210644	469990
846214	235388	610826
615982	240104	375878
665292	224277	441015
599011	201247	397764
654203	225932	428271
587054	217088	369966
799016	216051	582965
781116	244840	536276
716126	211412	504714
667752	215162	452590
631842	223033	408809
744028	202655	541373
882058	228092	653966
591137	226765	364372
667057	215328	451729
718649	207755	510894
661146	224476	436670
739083	205759	533324
796652	221916	574736
538274	233044	305230
746926	232003	514923
699945	209472	490473
751286	233425	517861
590867	234301	356566
658210	223380	434830
747769	235603	512166
627688	233363	394325
725357	212576	512781
744331	225816	518515
703870	216866	487004
691684	213645	478039
577023	220132	356891
724722	238342	486380
790373	232778	557595
712900	225413	487487
626913	221192	405721
745978	240586	505392
693597	209548	484049
713767	207570	506197
741674	224655	517019
731331	229714	501617
669056	219451	449605
642511	218787	423724
692351	208334	484017
698758	241646	457112
613459	225060	388399
813479	224543	588936
699786	223065	476721
733062	212445	520617
750181	215131	535050
722158	212987	509171
678102	247597	430505
653915	214131	439784
648657	207200	441457
625627	208636	416991
767437	225318	542119
693096	227012	466084
628698	206210	422488
587114	213535	373579
822634	237841	584793
580913	202429	378484
687298	207874	479424
651653	211426	440227
606648	214510	392138
655964	205151	450813
657938	241179	416759
757353	222907	534446
730176	225944	504232
598835	217254	381581
657994	214708	443286
681478	232079	449399
746844	232382	514462
708551	218063	490488
683186	224396	458790
630328	212996	417332
862629	239169	623460
708802	203640	505162
588004	206182	381822
733638	247684	485954
730051	218398	511653
770076	228124	541952
718865	225130	493735
784570	229004	555566
829269	238247	591022
667797	230610	437187
785794	239276	546518
555441	206960	348481
658418	203507	454911
797146	219925	577221
637938	221094	416844
671453	225167	446286
