6524870
6599037
6563072
6431737
6555217
6489892
6535597
6516013
6481551
6581605
6608023
6531286
6558237
6456477
6597857
6549425
6416068
6485800
6589003
6533407
6436433
6631458
6459543
6485969
6497706
6566423
6477788
6463294
6512733
6559806
6445680
6519673
6617976
6563193
6518952
6472864
6560471
6408960
6394341
6369673
6462295
6513891
6495311
6513807
6482137
6485092
6535308
6450704
6464894
6542903
6348313
6581130
6449770
6556467
6539902
6507041
6340167
6414080
6455855
6643317
6539944
6458560
6435150
6518374
6454382
6493722
6601462
6514364
6621744
6405854
6535197
6442425
6426062
6537219
6384781
6585773
6401577
6517043
6527235
6568330
6437029
6382871
6497851
6422140
6542149
6496045
6565932
6367091
6508604
6558281
6495034
6593682
6519090
6580530
6437772
6452350
6507651
6577935
6555763
6630902
6354906
6514813
6615557
6533025
6521256
6562518
6556320
6506861
6515247
6562548
6492069
6553921
6499695
6557179
6515769
6454090
6658747
6608184
6466645
6595106
6455607
6526538
6600740
6470833
6618671
6502200
6494053
6386966
6548282
6438398
6548933
6602454
6479899
6492399
6548301
6574751
6492920
6406582
6568409
6553412
6592006
6618222
6580848
6558915
6378943
6659142
6519360
6577858
6445846
6521284
6351696
6633091
6567915
6555791
6407325
6455278
6587702
6653400
6508960
6554725
6496551
6566291
6554616
6470160
6460205
6447897
6620729
6518420
6434651
6551957
6511152
6577814
6451818
6516909
6609773
6438614
6495158
6445877
6515982
6600288
6474748
6586443
6455402
6403444
6551775
6491503
6483667
6544130
6529560
6519843
6579428
6612596
6495154
6601701
6420483
6502477
6419170
6548901
6478301
6482220
6564322
6584315
6473143
6531439
6518972
6468417
6449315
6526654
6418739
6576749
6419815
6505587
6479514
6433578
6632656
6569267
6540966
6506386
6521469
6471358
6431869
6640912
6570009
6451355
6358210
6525092
6453358
6650273
6521357
6596476
6516802
6614633
6508958
6518624
6560524
6538015
6586353
6541396
6687157
6559404
6462202
6366270
6558236
6509320
6652915
6471506
6505642
6443714
6561613
6430961
6512171
6438992
6417654
6570053
6536400
6541469
6561692
6516546
6614982
6524039
6482353
6414208
6461324
6575896
6566379
6530685
6427974
6527770
6495134
6533426
6587675
6633443
6573885
6722658
6546621
6504189
6484638
6555682
6491956
6459364
6528142
6562060
6497307
6508709
6586154
6571708
6556137
6471427
6482675
6538030
6514353
6594283
6571521
6514308
6478875
6470608
6620482
6451765
6551787
6590824
6432531
6510480
6476838
6611228
6409373
6465549
6499622
6533136
6560364
6429227
6531579
6483441
6636467
6537820
6386766
6532897
6490901
6421584
6549719
6457280
6495786
6602533
6541575
6501706
6569554
6581171
6471961
6478607
6501970
6336925
6548077
6502161
6464829
6434122
6594362
6533530
6299731
6547893
6476671
6608798
6555044
6545880
6472919
6656184
6570347
6472601
6528314
6450977
6548101
6505992
6521398
6487602
6508358
6487480
6472825
6501667
6525205
6431163
6673037
6489729
6555315
6518932
6408958
6559749
6546479
6502103
6415031
6662236
6566890
6361496
6429656
6462979
6625666
6551310
6563863
6627601
6605439
6518072
6577830
6463939
6488138
6537222
6454098
6609799
6636503
6562657
6608145
6494574
6405677
6639509
6668393
6632318
6485647
6539962
6526156
6372355
6550263
6553995
6531952
6598762
6559339
6563196
6506934
6379969
6599175
6557860
6567429
6523000
6556814
6523541
6475197
6478883
6526293
6579417
6568396
6540137
6518022
6570242
6487977
6379121
6529039
6525292
6446921
6532809
6434279
6588766
6451167
6482946
6556929
6592238
6399671
6494634
6460833
6429995
6472274
6661352
6490822
6615704
6516554
6547943
6565783
6590099
6473451
6678373
6423726
6605290
6423066
6473371
6471420
6525645
6553036
6476170
6427849
6514812
6572333
6464355
6645487
6534604
6620841
6593596
6465494
6510610
6520510
6403338
6451044
6529813
6518776
6530127
6433914
6509181
6498241
6479765
6590051
6554261
6516203
6557144
6607253
6584971
6365340
6557992
6427523
6600712
6484315
6626336
6429937
6491133
6659506
6333401
6564174
6435124
6570010
6544609
6407082
6624648
6456848
6558442
6447249
6565819
6659518
6459696
