7388667
7393543
7429556
7433814
7432668
7415273
7425981
7432012
7429432
7466781
7409770
7416587
7428622
7434901
7415669
7410203
7423140
7429928
7431571
7427060
7402124
7429412
7416731
7416966
7434520
7414723
7425331
7427218
7420921
7426592
7400823
7415998
7410866
7422221
7422869
7429548
7430370
7425735
7426814
7400867
7467735
7430445
7314500
7470501
7432317
7427747
7427684
7422075
7433353
7434405
7412599
7428905
7469244
7418446
7438173
7395298
7430301
7302091
7430370
7404806
7422223
7429668
7430266
7443433
7423651
7435079
7433079
7403460
7463749
7428709
7404370
7422928
7433529
7421919
7407551
7417968
7420022
7429742
7399186
7422507
7430947
7412953
7432676
7434143
7431690
7413330
7393996
7428329
7432563
7433890
7404818
7430339
7434815
7425150
7410770
7430480
7298083
7436317
7428645
7434030
7408057
7421195
7390794
7404814
7432439
7416346
7430072
7428942
7425273
7433396
7403665
7430384
7430551
7422629
7427580
7425616
7427697
7427802
7433399
7406436
7443282
7424811
7436077
7432033
7404511
7423019
7436555
7468811
7431205
7402291
7431632
7430731
7434451
7299293
7431445
7409611
7416023
7421397
7431505
7401155
7428506
7390764
7435611
7430844
7428640
7430422
7433526
7431262
7435309
7394539
7429064
7428359
7403896
7429583
7409883
7425532
7403694
7417859
7438015
7427427
7428224
7424108
7438131
7424191
7425178
7437511
7425425
7434561
7437202
7407158
7421315
7398593
7421919
7418989
7429135
7413081
7433718
7433383
7430140
7408571
7407078
7414359
7426964
7407618
7404096
7400956
7406439
7432432
7394726
7425743
7425255
7426407
7430900
7405200
7405240
7426009
7427970
7431970
7427683
7400611
7418549
7413966
7436131
7427355
7402799
7431178
7409746
7425650
7432657
7431934
7431695
7397648
7431221
7413312
7433622
7429928
7419650
7430800
7427694
7427146
7424053
7430271
7407833
7411093
7429191
7420939
7399605
7433109
7431034
7412952
7415274
7416716
7397089
7430944
7427223
7405176
7408852
7396126
7423496
7420205
7432083
7421733
7404470
7418648
7429447
7428086
7434699
7431267
7430921
7415525
7429229
7421551
7402869
7416640
7410165
7401679
7425662
7431828
7388848
7433692
7430880
7425742
7398655
7406991
7405937
7431607
7423082
7431173
7431341
7428663
7393793
7426073
7411111
7422733
7428370
7426972
7408147
7425925
7417732
7432930
7422959
7410880
7419343
7433115
7403418
7399367
7423520
7429214
7405562
7411212
7432777
7427207
7469804
7434412
7405730
7403277
7421535
7432681
7427682
7420314
7411591
7400344
7433675
7420280
7429510
7433687
7430882
7436140
7427657
7419475
7433102
7429391
7429903
7429314
7429613
7424895
7410584
7401939
7397711
7467958
7468174
7429207
7403034
7427666
7427978
7417827
7433694
7419962
7428806
7430287
7433957
7428118
7398162
7426514
7412094
7428642
7434388
7431511
7432368
7405698
7406584
7418189
7425768
7429916
7428266
7426962
7412139
7422064
7424660
7428900
7427552
7464194
7418077
7430489
7424874
7407207
7434890
7428382
7427615
7418491
7431095
7434327
7400696
7434629
7429075
7412316
7400365
7420191
7431714
7398620
7411948
7428764
7433364
7420817
7430375
7399837
7415204
7431269
7418207
7429855
7421579
7430729
7431078
7427972
7418374
7412621
7432340
7426019
7421245
7422063
7424739
7417182
7427651
7430034
7422800
7409542
7399937
7431865
7467880
7424947
7428960
7429604
7417891
7430655
7434976
7425475
7428490
7426694
7430605
7403090
7427876
7396153
7426377
7427635
7413962
7404529
7421792
7409226
7436517
7424090
7433593
7424226
7401609
7403991
7429603
7439325
7430371
7395733
7431580
7429512
7394216
7425399
7426049
7439066
7431226
7433024
7407747
7426846
7404984
7394203
7435112
7427027
7378804
7422550
7427624
7404747
7429061
7430895
7420940
7429475
7425859
7284633
7422244
7430964
7409297
7331849
7434283
7428192
7431085
7426904
7394950
7429372
7415324
7418876
7437168
7412257
7427227
7417714
7409913
7428764
7468985
7432350
7408878
7426956
7405554
7424964
7433277
7429179
7421070
7401708
7424774
7425652
7430712
7399576
7426285
7396382
7408159
7405465
7429775
7422100
7426291
7436054
7421224
7430101
7404125
7425387
7409816
7413482
7429369
7429592
