4522691
4111993
4526510
4605941
4490055
4451637
4262225
4588749
3657866
4051406
4509912
4658038
4523736
4636288
4268395
4476167
4890597
4612505
4059571
4519069
4634568
4577585
4595119
4008403
4527897
4445600
4619732
4483124
4259868
4490594
4616879
4545581
4432834
4445723
4015730
3927122
3644098
4614218
4189099
4281411
4230559
4477507
4608795
3884237
4357566
4279794
3974089
4189771
4540999
4913742
3999117
4159282
4653512
4635014
4326674
4198419
4568335
4604313
3936756
4538249
4276763
4168936
4620813
4627089
4659201
4257748
3989298
4288945
3943756
4651272
4555596
4600241
4468092
4419682
4548744
4158553
4577672
4641571
4311004
4069204
4300766
4652149
4608415
4502301
4651699
4477506
4516131
4569061
3988982
3631834
4180071
3754294
4643482
3410172
4551660
4503776
4634676
4644394
4428281
3953652
4076301
4180667
4233605
4653718
4656411
4037525
4374370
3420922
4642289
4622698
3808251
4596727
4294698
4332521
3886416
4656939
3687585
4122526
4554567
4103704
4361711
3744954
4212711
4241393
4218231
3980055
4577710
3885186
4617946
4576869
4138243
4635920
4027877
4110925
4034920
4574140
4431146
4081081
4625382
3613128
4525117
4462711
4637487
4517708
4273973
4634072
4560180
4542242
4246732
4515627
4628123
4546455
4119620
4330235
4646863
4082991
4010381
4636329
4562108
4507214
4351643
4466283
4376810
4093371
4659543
4599059
4217285
4662715
4638260
4613039
4617799
4623397
4679056
4462585
4475373
4131547
4078428
4664780
4564781
4103971
4232952
4600560
4130860
4437465
4621640
3949387
3547589
4052938
3976962
4823629
4574000
4551070
4035211
3437526
4078061
4518534
4629268
3914741
4421193
4634687
4069795
4054127
4191005
4572131
4614718
4326416
4642992
4348919
4570940
4558760
4588273
4102103
4084367
3998294
4007848
4593578
3987873
3824269
4026259
4201894
4387050
4614686
4636704
4653272
3840459
3647488
3464723
4524169
3575467
4640581
4384161
4299203
4632182
4063636
4251216
3810244
4664853
3884418
4175071
4543302
4660406
4654181
4251034
4592650
4068464
4332591
4007590
4146680
4680965
3904779
4446198
4292040
3931086
4478494
3782849
4636301
4571926
4649046
4642560
4474202
4604429
4437058
4261165
3766737
4107918
3899378
4469535
4469288
4514521
4048164
3900730
4909572
4170399
4013919
4233203
4577634
4586345
4491338
4525926
4050477
4322538
4545512
4252767
4640262
4661891
3839795
3903782
3582997
4573113
4079357
4121639
4466806
4453202
4441581
4303671
3496733
4096792
4630949
4631070
4600021
4487805
4659281
4511304
4494883
4417617
3817185
4442639
4557364
4603363
3981371
4522443
4231563
4661481
3902875
4657034
4459731
4638887
4210922
3795539
4513150
4607076
4636338
4664875
3995928
4286246
4106100
4082796
4627802
4836650
4567943
4596904
4654662
4464378
4241573
4170585
4659009
4517852
4081977
4575386
4619771
3552998
4016039
4636028
4646003
4663409
4466726
4504552
4535526
3590669
4291682
4863193
4583434
4660166
4533812
4467874
4369514
4249809
3532970
4083919
3970110
4539631
4588266
4615271
3950877
4632007
4282318
4485024
4181610
4475480
4406975
4661976
4579529
4341009
4628721
4638728
3564970
4676191
4452106
4456575
3494347
3931540
4083780
4572703
4588181
4529089
4588780
4562233
4097421
4019291
4571257
4809787
4018354
3570481
4644080
3489260
4532858
4596728
3965609
3326582
4663947
4049739
4607501
4513418
3744244
4399232
4470709
4568038
4454003
4579965
4925539
3886944
3920596
4289819
4221687
4028833
4602791
4568505
4417155
4511822
4632235
4566099
4632157
3820461
4339789
4488828
4589525
4664151
4532035
3605888
4639299
4381984
4518016
4178064
3886939
4180518
3987636
4502954
4869727
4501345
4519892
3706940
4608082
4466230
4617118
3680455
4504178
4556583
4652732
4596686
4581537
4669298
3780159
4519850
3988867
4283687
4596816
4581013
4465038
4659151
4585586
4026221
4400874
4188081
4653700
4649348
4291465
4012591
3737986
4652541
4474203
4282047
4078309
4132419
4611887
4027142
4516897
4530155
4544943
4054883
4424388
4629633
4633778
4421270
4244939
4625198
4263452
4350554
4670140
4594920
4654763
4628020
4629793
4621284
3951327
4551445
3923265
4441336
4640057
4050535
4585522
