3177899
3232851
3182655
3257764
3239799
3246161
3222819
3301837
3255387
3259962
3243316
3274766
3265630
3267531
3243688
3292464
3240740
3255628
3254787
3200056
3231665
3195104
3314400
3267487
3197158
3239221
3193665
3219789
3197484
3265034
3282005
3208818
3228562
3270333
3232020
3273536
3199874
3178512
3266333
3202920
3262593
3191301
3162794
3256182
3262182
3189156
3233659
3236139
3237191
3179048
3202821
3237533
3258736
3231117
3247071
3267501
3276090
3267498
3207214
3282986
3234049
3230160
3261314
3226904
3229810
3208000
3226363
3245259
3286041
3326098
3199511
3289068
3210376
3242795
3226892
3240688
3286547
3235360
3294402
3134509
3282271
3261859
3189035
3220123
3172582
3212881
3234456
3219119
3277001
3254422
3287669
3292522
3302067
3276381
3258397
3198249
3234947
3223317
3274426
3250799
3227199
3282267
3276697
3298577
3220472
3221621
3285473
3283245
3288847
3233822
3226677
3252374
3252420
3200996
3253124
3311414
3254626
3250586
3245620
3287077
3197816
3281791
3286995
3216550
3290014
3254553
3314520
3255480
3248086
3215294
3254882
3256852
3300630
3154668
3318238
3250595
3256493
3254025
3318497
3175296
3224976
3211876
3268276
3194298
3298536
3217415
3298286
3232336
3302993
3199013
3232081
3309628
3231280
3191722
3221473
3308275
3228551
3234739
3223465
3224494
3217483
3234415
3273592
3276468
3282274
3268875
3257304
3301241
3264193
3254305
3246642
3226935
3211161
3250899
3192289
3137825
3235238
3213993
3253346
3286232
3208243
3262604
3251819
3265059
3295746
3248789
3223297
3250038
3243196
3184196
3192952
3267540
3258662
3228367
3234303
3196986
3197716
3301162
3223601
3298328
3286616
3307904
3231562
3254666
3193742
3242397
3231058
3247014
3219007
3136234
3225694
3270314
3235189
3245075
3191040
3291260
3265204
3284173
3248018
3221967
3276636
3277269
3218823
3289245
3259994
3369999
3286926
3307226
3225939
3221178
3250629
3255403
3297249
3230165
3321256
3246971
3231821
3182579
3298521
3182700
3242258
3208194
3298928
3275541
3243703
3282469
3254970
3257049
3303518
3302288
3211397
3281842
3212269
3248703
3265092
3220054
3207310
3248289
3272116
3284298
3253229
3208508
3209853
3200593
3248512
3266726
3229523
3233953
3223427
3330345
3266667
3285801
3329237
3232486
3188754
3258170
3283040
3291530
3284857
3327578
3215596
3267360
3235418
3305897
3242767
3287219
3263079
3260797
3219666
3324354
3242658
3284615
3299827
3227279
3277242
3296282
3239384
3220829
3273583
3214126
3182566
3262881
3245839
3239996
3286435
3237519
3318145
3212239
3244671
3288074
3211479
3227570
3211434
3256165
3280406
3244999
3287463
3238206
3294105
3278278
3257830
3214028
3286087
3275926
3270297
3191733
3219110
3257166
3229102
3259461
3245377
3189276
3260818
3280437
3314749
3224175
3261318
3307552
3276795
3252658
3234254
3383554
3194179
3136435
3229622
3221736
3268404
3189647
3280010
3288977
3219004
3254731
3181805
3242775
3224536
3309921
3322582
3291985
3230991
3237911
3215694
3217290
3330959
3249399
3230318
3319878
3238638
3167848
3257302
3234570
3230084
3269887
3269520
3265564
3199173
3244233
3242060
3271855
3206344
3295282
3253749
3203726
3243398
3188537
3233363
3291322
3244068
3215708
3262354
3257141
3315979
3307850
3267036
3217538
3243304
3180369
3272364
3230339
3210081
3237613
3243087
3235551
3215789
3292487
3241534
3244470
3212836
3297842
3269096
3221853
3344139
3272829
3230115
3272126
3295509
3269148
3261722
3233387
3187627
3250917
3258181
3217728
3222035
3187026
3195965
3247162
3241102
3258908
3280922
3210760
3234031
3229649
3224863
3230806
3250030
3195628
3233619
3159184
3276302
7
3239883
3264986
3186594
3258368
3220759
3196347
3193522
3198255
3330790
3280783
3236622
3245335
3235917
3251161
3288809
3218982
3287510
3244895
3256685
3260333
3238141
3188524
3248715
3242203
3236163
3224652
3296153
3332973
3285900
3212887
3239823
3280104
3274803
3244781
3290086
3297524
3226218
3293528
3248433
3238083
3264359
3288018
3253005
3218322
3291195
3294599
3249514
3201631
3256106
3277235
3157886
3340232
3238305
3266974
3277932
3244379
3234420
3222848
3267732
3262969
