5593638
5606598
5601682
5584065
5617664
5593795
5603232
5560943
5618067
5554551
5615829
5608256
5589348
5570596
5652267
5556305
5599293
5591251
5627547
5622682
5596661
5629728
5587583
5608512
5577588
5583146
5602893
5574956
5634135
5555925
5586786
5594317
5589293
5578195
5610046
5594284
5593612
5619104
5536125
5625092
5621540
5612994
5605314
5594534
5572725
5624068
5589845
5565853
5598658
5586767
5625141
5590346
5603319
5586771
5609038
5583649
5603016
5603828
5579237
5573205
5590046
5616125
5630619
5587494
5586745
5599429
5556328
5619643
5566435
5567648
5621417
5628107
5624211
5592734
5556410
5626784
5600930
5640826
5581941
5610238
5570766
5607260
5631801
5597169
5597371
5576013
5598539
5608474
5649427
5596215
5597955
5608049
5605063
5561092
5619560
5598340
5554954
5630410
5556960
5608845
5630132
5553473
5575288
5604899
5599031
5600771
5594450
5584548
5577603
5592012
5612222
5612888
5653020
5620991
5642730
5580870
5575682
5551693
5551688
5542200
5611114
5607974
5603608
5583794
5638141
5534028
5548635
5603420
5595334
5561341
5580236
5602951
5612667
5603997
5558835
5625386
5626190
5578265
5561389
5627627
5593043
5614314
5570217
5581713
5624142
5602832
5556358
5576172
5560080
5589102
5601205
5603326
5570648
5600326
5566585
5594005
5623792
5593771
5598098
5603294
5575639
5614743
5611304
5627314
5591118
5573949
5588492
5581492
5622936
5601035
5589278
5616786
5617580
5622387
5617303
5586610
5582442
5611347
5561343
5577337
5639995
5610511
5647108
5572257
5560710
5605486
5645215
5583128
5587454
5566941
5612672
5575896
5564549
5630394
5593934
5615704
5602318
5587564
5604918
5548609
5632974
5590236
5600122
5551697
5639101
5582322
5598140
5595827
5614480
5605895
5617842
5568024
5595800
5558255
5587201
5581108
5565597
5582223
5537240
5640566
5543627
5537394
5584904
5638038
5588291
5602532
5575807
5570123
5607709
5605482
5613004
5608468
5562587
5632601
5546967
5535322
5622736
5581943
5586215
5580828
5585286
5610711
5592682
5597153
5606742
5566731
5585086
5585586
5603988
5601794
5591827
5604269
5588215
5555116
5590946
5600470
5583336
5641252
5596994
5631129
5578135
5592597
5579602
5634793
5610219
5587977
5608817
5622999
5641383
5599251
5610598
5612944
5590063
5615913
5592883
5626674
5588038
5579612
5617009
5552929
5617362
5594028
5583358
5568287
5590713
5554252
5572336
5567234
5597093
5603571
5578487
5579130
5579451
5578084
5606169
5597077
5616546
5629530
5623515
5562014
5611058
5590728
5589982
5582112
5590326
5650871
5601463
5635754
5565751
5573842
5638895
5634792
5613107
5624687
5560987
5607182
5629987
5597800
5625038
5569643
5590501
5601552
5548013
5590951
5600361
5598023
5564564
5587892
5615731
5579661
5613085
5630837
5567552
5585413
5570378
5650804
5595435
5585691
5605103
5610458
5618214
5590484
5569129
5580173
5605023
5582993
5601681
5602168
5587057
5606875
5625406
5638479
5638237
5603122
5589139
5571664
5578822
5598977
5591622
5615834
5589329
5561201
5602652
5612506
5587301
5578644
5583103
5607760
5608863
5629515
5582422
5569253
5592002
5535982
5616261
5621076
5603340
5568838
5596915
5620703
5594520
5616749
5598918
5594612
5571705
5597152
5608057
5568873
5642072
5557061
5557608
5606034
5559612
5602896
5613558
5611335
5620578
5590054
5621749
5558624
5594314
5590532
5590441
5593093
5563485
5587322
5603857
5606439
5590641
5625172
5534882
5565391
5597323
5603033
5586429
5591255
5557229
5601476
5583607
5625489
5601689
5602515
5563298
5624902
5574681
5576325
5598320
5640640
5621124
5608505
5620856
5608179
5590738
5629162
5563426
5607170
5594191
5631138
5587064
5621551
5591661
5577696
5616284
5595956
5628888
5612308
5581076
5617262
5583314
5560542
5583310
5585405
5623075
5612434
5559644
5592788
5546209
5555453
5578419
5579063
5596550
5606144
5610272
5581268
5631500
5588251
5617890
5583304
5580963
5640767
5610988
5597861
5547607
5608478
5602488
5573354
5635926
5574280
5616934
5612276
5582583
5614332
5604482
5620985
5577390
5575272
5603969
5647792
5550576
5565762
5619204
5566935
5567666
5602553
5601648
5616431
5550256
5629161
5578445
5590015
