7173883
4463890
3922287
3953358
3835327
4199019
3851299
4099946
3919194
7199580
4432615
4088731
4222111
4063810
4099418
4175832
7033585
7228712
3863470
7160048
4127052
4154213
3947572
3860364
4014643
6389268
4267752
4394056
5224018
4161049
6678771
7107684
4063788
3873999
4323659
4027689
6326797
4341184
4486948
4432480
4164844
7019949
4073712
3856114
4130782
4381533
3825815
4101176
3995462
4219619
4126907
4101819
4044061
7219151
4798485
4191035
4131206
4173579
4070793
4297712
4046653
4136905
7252394
4169984
4081161
3953804
4157551
7138847
3974876
3876660
7078593
7202157
7147599
3917890
4006508
3933629
4162087
4206421
4093845
4098866
4143720
4635599
4578269
4057454
4259428
4561788
4300952
4161785
3765316
4300748
4200990
4102617
4551936
4348328
3894965
6865046
6449903
4228125
4068720
3806224
3871502
4265479
4077772
4318516
3926049
3872679
7092815
6423866
4315108
4154054
4106083
4169606
3818049
4179891
4031632
6627549
4253400
4005653
6229213
4270137
6979721
3767591
4272440
4044107
3985713
4276716
4303921
4085612
4242079
4094158
4100283
4144450
4189792
4027935
3936354
4591142
6258702
6580556
4384158
4300363
4222582
4138847
7328216
4251142
3957679
4209196
4144645
7079056
4065290
5271514
4168579
3936013
3937621
7203674
3874807
3924099
4020331
4384882
4064196
4070348
4192138
4095431
4103387
4169148
3966779
7208983
4190698
3918682
4177413
4057902
4670174
4445989
4029976
6675668
4094585
4378182
7211135
7102915
4157291
4025351
4375968
4275933
4250832
3971121
4119526
3868821
3975094
4111867
4019085
4134634
4402425
4538610
4000834
4517559
4047107
4323649
6860044
3931652
5902697
4520515
4524188
3953317
4149325
4256256
4410362
3951130
4125695
3935797
4121391
4420296
6700662
7144531
4128074
3936636
3910467
4080178
3970958
4201537
3977224
4106185
4198186
7250486
3842722
4287117
3900461
4003585
7211729
4685187
4265759
6714804
4146467
4115767
4017960
3872700
3876778
4358492
4116505
7047637
4169914
7224044
3873280
7125442
4004816
3954861
3822343
6788899
4176452
4262910
6682068
4006012
4010885
4023460
7063455
4310623
4004798
4234204
4475456
4251926
3931001
7201595
4656557
4246665
4022929
3883871
4302342
4054737
4230307
4321376
4170394
3817898
3837725
3924679
3941371
4288747
4108663
4326698
4288079
6676837
7148891
6686297
6714937
3941167
4418505
4275742
3852009
4335303
3949267
6577131
4569774
3919526
3873384
4250451
4084919
4201012
3961941
6063132
4035548
4067158
4042363
4363930
3999815
4110556
6451510
4126452
7202869
4195841
7161764
6809286
4041951
4189650
4018408
4055488
7226975
7093281
4401935
3999672
6185897
6989501
4685492
6499614
4067896
4123178
3938163
4134401
4048653
4223079
4039692
4061828
4014995
4027025
3987178
4230542
3915676
4512155
4295992
3891113
7161044
4025819
3890301
4092289
4181811
3923926
4185346
4200214
4181967
4104950
4173754
4529143
4492249
4087908
3971715
4319669
4105452
4473128
4230721
4403981
4207763
6368533
3994577
3955886
3880462
4174109
4101920
4407118
4181976
3947569
3821599
4018582
7214781
4056986
4614503
3897875
4019704
4185994
5643688
7061310
3880903
4228426
4104201
7137999
4334003
3904891
4684250
4233029
3990798
4260155
3984991
4043764
4061688
4201517
4091847
3905467
4372486
4104096
4465083
4154767
4044258
7175435
6487189
4327655
4190623
3992606
4092225
7111913
3972036
4098776
4321181
7006112
7193991
3918711
5922393
3911861
4122026
4477243
3916356
6660359
4173804
4095945
4184674
4050635
4429396
4340906
4298758
4261484
3898486
7013176
4106850
4154529
6637591
4002096
6757734
4215799
3827376
5544569
3968378
4146068
3862690
4050150
4040908
4194763
4155902
4099992
3992848
4273841
7134695
4269961
7198189
3838738
7181575
3986785
3815995
3993513
4229179
4127724
6492164
4056612
4468312
3906849
4353993
4386244
4047998
4388215
4296242
4134478
3848751
4104824
4038428
6504506
4344170
4412385
4234028
3943481
4370724
3999545
4337097
3960004
4409366
4028413
4049550
7180191
4264009
4081153
4428934
3860829
4073528
4519329
4181988
7217243
6708448
4106082
4661390
5343157
4053532
4046427
6731474
3929689
4186401
3873975
4221343
4069336
