1826426	210566	1615860
1850944	219848	1631096
1785601	230112	1555489
1856455	215204	1641251
1837473	210160	1627313
1741038	226724	1514314
1750276	215414	1534862
1843827	225745	1618082
1904720	220730	1683990
1836870	215510	1621360
1802086	222611	1579475
1869614	225744	1643870
1829440	221156	1608284
1852505	220621	1631884
1802344	212763	1589581
1840106	208381	1631725
1752015	219412	1532603
1877653	208767	1668886
1839160	230573	1608587
1811591	219303	1592288
1915558	222934	1692624
1797900	212102	1585798
1780154	226785	1553369
1852687	226299	1626388
1751070	230282	1520788
1726204	220772	1505432
1907169	225078	1682091
1753116	210120	1542996
1868188	235029	1633159
1744839	209517	1535322
1770236	217021	1553215
1838703	205745	1632958
1827343	244490	1582853
1827570	220473	1607097
1646134	215974	1430160
1787207	223684	1563523
1880131	217367	1662764
1863015	222614	1640401
1883931	213032	1670899
1792490	223749	1568741
1885330	229936	1655394
1747775	221023	1526752
1900773	237695	1663078
1833458	220378	1613080
1818343	229631	1588712
1676080	207173	1468907
1873010	226394	1646616
1807537	206681	1600856
1767608	218406	1549202
1773745	208759	1564986
1732743	211980	1520763
1855375	215433	1639942
1862220	206629	1655591
1793035	225343	1567692
1768193	217230	1550963
1906659	215487	1691172
1843182	213900	1629282
1794799	232969	1561830
1844325	224963	1619362
1742800	205902	1536898
1757968	210118	1547850
1898388	217786	1680602
1827713	227218	1600495
1804941	206441	1598500
1830010	224818	1605192
1720348	225679	1494669
1767876	217203	1550673
1826741	226602	1600139
1853580	210565	1643015
1847558	203454	1644104
1791880	223292	1568588
1825132	210565	1614567
1774951	222882	1552069
1809893	226697	1583196
1819153	207630	1611523
1708685	213396	1495289
1855701	207954	1647747
1771882	225873	1546009
1709407	221421	1487986
1736849	210092	1526757
1816085	226444	1589641
1885762	224801	1660961
1790022	213073	1576949
1815776	207942	1607834
1869260	223489	1645771
1771772	205514	1566258
1758410	215931	1542479
1851508	222135	1629373
1883409	219520	1663889
1749526	207384	1542142
1797387	238458	1558929
1899007	210518	1688489
1869255	213410	1655845
1870883	221483	1649400
1844047	222248	1621799
1812494	213889	1598605
1690239	220454	1469785
1804316	223441	1580875
1775908	228052	1547856
1752326	216210	1536116
1761287	208229	1553058
1845823	201159	1644664
1804379	235198	1569181
1885315	205414	1679901
1692648	226968	1465680
1800979	210830	1590149
1828615	209814	1618801
1801161	225732	1575429
1787937	226006	1561931
1939192	223357	1715835
1905903	218372	1687531
1752737	213886	1538851
1891564	222168	1669396
1890532	212937	1677595
1689824	221511	1468313
1767465	220650	1546815
1937473	227605	1709868
1810721	227397	1583324
1816453	222202	1594251
1878787	225442	1653345
1824050	223560	1600490
1827261	233423	1593838
1808907	215162	1593745
1817141	224915	1592226
1845302	202503	1642799
1778770	204804	1573966
1798137	222594	1575543
1752396	217023	1535373
1803494	212121	1591373
1782175	217694	1564481
1750788	228341	1522447
1751620	216046	1535574
1813265	224467	1588798
1928611	210518	1718093
1850880	217047	1633833
1914433	223586	1690847
1816512	226655	1589857
1765360	223932	1541428
1814984	211023	1603961
1768725	215824	1552901
1888190	236433	1651757
1789208	206518	1582690
1604984	221884	1383100
1797048	215845	1581203
1814794	237672	1577122
1695689	216975	1478714
1778016	208186	1569830
1879097	212214	1666883
1782114	220044	1562070
1826606	228135	1598471
1824370	213092	1611278
1796589	218485	1578104
1825255	223765	1601490
1792091	214596	1577495
1881383	218349	1663034
1773690	222578	1551112
1870501	205956	1664545
1776940	217488	1559452
1782395	224508	1557887
1841126	221238	1619888
1897241	213869	1683372
1845608	229244	1616364
1776672	203330	1573342
1820782	209747	1611035
1905587	224414	1681173
1787966	220069	1567897
1732002	219704	1512298
1741204	213599	1527605
1820748	205446	1615302
1820787	217855	1602932
1820537	226891	1593646
1876706	211731	1664975
1782350	214467	1567883
1836023	224564	1611459
1722357	217610	1504747
1816692	212027	1604665
1860638	214017	1646621
1767065	226073	1540992
1769283	223043	1546240
1856515	213436	1643079
1730597	232108	1498489
1834600	214830	1619770
1878676	215265	1663411
1800459	216472	1583987
1821312	231730	1589582
1874468	229711	1644757
1699782	224725	1475057
1845174	221048	1624126
1764577	227999	1536578
1745205	229021	1516184
1886629	221234	1665395
1824494	228487	1596007
1814103	222993	1591110
1743616	216337	1527279
1917342	225673	1691669
1758413	226850	1531563
1769842	222909	1546933
1829871	229513	1600358
1780350	222160	1558190
1792188	216207	1575981
1802723	210571	1592152
1830462	205763	1624699
1790098	224538	1565560
1782517	222242	1560275
1876663	207241	1669422
1852891	231604	1621287
1824274	222084	1602190
1728333	216133	1512200
1829699	231425	1598274
1792316	224467	1567849
1800750	215712	1585038
1725029	223673	1501356
1817896	226258	1591638
1763433	216599	1546834
1722405	231345	1491060
1812310	220922	1591388
1756129	240029	1516100
1774529	229648	1544881
1869676	227654	1642022
1763800	217865	1545935
1818617	206584	1612033
1857294	217979	1639315
1858884	208953	1649931
1815894	209867	1606027
1827093	202842	1624251
1823725	206215	1617510
1826119	209224	1616895
1805145	208223	1596922
1875632	220887	1654745
1878747	213781	1664966
1799633	210445	1589188
1787535	212771	1574764
1793492	211559	1581933
1792216	224208	1568008
1773208	231818	1541390
1822636	228400	1594236
1833583	208640	1624943
1807327	222913	1584414
1818076	221228	1596848
1803526	212768	1590758
1902948	229823	1673125
1864184	235486	1628698
1725096	211531	1513565
1854617	239264	1615353
1925983	220764	1705219
1743760	210310	1533450
1831705	216670	1615035
1871663	218909	1652754
1826822	240901	1585921
1815251	222136	1593115
1849042	218065	1630977
1815453	219003	1596450
1773930	207827	1566103
1851954	208113	1643841
1838677	244543	1594134
1808557	216338	1592219
1889867	221325	1668542
1782457	226511	1555946
1789193	208989	1580204
1785966	207357	1578609
1793619	216278	1577341
1814961	229441	1585520
1767467	213126	1554341
1841742	231313	1610429
1779500	216412	1563088
1854917	231954	1622963
1869013	221244	1647769
1758123	214863	1543260
1765827	217993	1547834
1802794	227089	1575705
1800975	218574	1582401
1790004	238090	1551914
1799582	219761	1579821
1743277	211556	1531721
1822402	209654	1612748
1835490	223065	1612425
1744898	224147	1520751
1759404	216129	1543275
1830903	219764	1611139
1819501	214953	1604548
1807045	218095	1588950
1797388	234623	1562765
1830612	229296	1601316
1868155	212708	1655447
1773791	226329	1547462
1692724	225196	1467528
1768349	212959	1555390
1868000	211670	1656330
1794321	211597	1582724
1817045	221329	1595716
1799122	212286	1586836
1792716	211497	1581219
1796845	223234	1573611
1777388	233262	1544126
1717420	221195	1496225
1794293	204906	1589387
1802609	223644	1578965
1801333	219795	1581538
1900993	231179	1669814
1856144	220102	1636042
1742844	231090	1511754
1734457	226157	1508300
1838633	220082	1618551
1689104	218907	1470197
1793148	213355	1579793
1780575	212267	1568308
1806566	215452	1591114
1804436	203569	1600867
1827242	218397	1608845
1823110	225021	1598089
1725342	225408	1499934
1707937	208250	1499687
1777242	215252	1561990
1796602	221656	1574946
1831724	223055	1608669
1771155	222806	1548349
1780762	218768	1561994
1845773	205706	1640067
1720211	212568	1507643
1725594	211094	1514500
1819729	212674	1607055
1792240	221518	1570722
1864149	218914	1645235
1773877	223579	1550298
1854256	227165	1627091
1722993	213167	1509826
1754776	212624	1542152
1808761	235004	1573757
1853902	216221	1637681
1906148	217077	1689071
1729320	211594	1517726
1827521	225375	1602146
1804987	214358	1590629
1828482	211270	1617212
1747320	222047	1525273
1712332	219928	1492404
1664216	217335	1446881
1812488	206949	1605539
1800558	220751	1579807
1822748	223810	1598938
1813772	216586	1597186
1824380	231620	1592760
1916853	216776	1700077
1718798	211551	1507247
1787982	230405	1557577
1849469	219191	1630278
1779258	213841	1565417
1884209	218647	1665562
1854704	232990	1621714
1887441	221373	1666068
1857310	229158	1628152
1816514	231880	1584634
1774536	223063	1551473
1789723	205066	1584657
1843291	206251	1637040
1809573	213604	1595969
1810529	205751	1604778
1899498	214290	1685208
1828556	231898	1596658
1789598	209720	1579878
1807159	219956	1587203
1740071	208507	1531564
1903841	219975	1683866
1860211	223301	1636910
1780166	229501	1550665
1809879	214743	1595136
1774673	217500	1557173
1898308	226127	1672181
1751661	220486	1531175
1830228	224511	1605717
1859135	218213	1640922
1852695	222707	1629988
1796526	224304	1572222
1869848	226730	1643118
1783274	234459	1548815
1875435	221372	1654063
1793424	215386	1578038
1833278	204637	1628641
1740404	217934	1522470
1809175	226731	1582444
1761079	209737	1551342
1791483	223560	1567923
1838038	220972	1617066
1775107	224571	1550536
1792339	224260	1568079
1868964	231608	1637356
1843462	220952	1622510
1826525	228745	1597780
1764518	208051	1556467
1721573	215259	1506314
1792113	210901	1581212
1838940	227420	1611520
1864787	215560	1649227
1795812	215445	1580367
1838626	213752	1624874
1776094	219429	1556665
1920169	224004	1696165
1782916	219476	1563440
1858877	234135	1624742
1890284	219754	1670530
1856348	212824	1643524
1764599	220583	1544016
1761832	226230	1535602
1764998	197403	1567595
1828009	229360	1598649
1712778	223059	1489719
1811342	221619	1589723
1693842	193726	1500116
1801987	216345	1585642
1790188	225240	1564948
1776604	214836	1561768
1835848	213721	1622127
1864236	216577	1647659
1819577	208020	1611557
1791976	203051	1588925
1815752	208455	1607297
1829913	229436	1600477
1855951	220015	1635936
1815892	195975	1619917
1903445	209600	1693845
1762979	235896	1527083
1882472	228921	1653551
1812394	219457	1592937
1755167	222990	1532177
1845386	217193	1628193
1822471	233427	1589044
1802095	215061	1587034
1789363	205667	1583696
1800026	218215	1581811
1815964	226270	1589694
1872910	222672	1650238
1798458	223731	1574727
1729143	224845	1504298
1775678	209802	1565876
1794661	207258	1587403
1794378	216886	1577492
1760960	207771	1553189
1787661	214508	1573153
1829642	214179	1615463
1815871	223606	1592265
1761959	210640	1551319
1880521	217523	1662998
1848583	220047	1628536
1908373	223228	1685145
1764685	214974	1549711
1795144	219001	1576143
1715872	201954	1513918
1844262	221789	1622473
1808915	214663	1594252
1776335	214252	1562083
1726339	228993	1497346
1762061	221784	1540277
1912020	225867	1686153
1872664	209157	1663507
1795390	231486	1563904
1810497	212515	1597982
1861434	217303	1644131
1791080	206024	1585056
1782531	224153	1558378
1749860	216990	1532870
1807957	223894	1584063
1797229	215870	1581359
1870216	231284	1638932
1748692	215948	1532744
1850628	215801	1634827
1737103	211197	1525906
1797832	212666	1585166
1889996	204036	1685960
1866376	211655	1654721
1848914	212861	1636053
1708141	189146	1518995
1750706	212244	1538462
1798832	208848	1589984
1732559	217030	1515529
1890146	220935	1669211
1810706	219762	1590944
1792824	221447	1571377
1707753	214568	1493185
1832025	218995	1613030
1809671	212830	1596841
1828258	228817	1599441
1879823	234503	1645320
1749909	200369	1549540
1812673	208642	1604031
1817028	228869	1588159
1851831	214444	1637387
1788430	216930	1571500
1857585	224528	1633057
1813819	219729	1594090
1829694	213556	1616138
1761918	216891	1545027
1814714	216319	1598395
1820007	234528	1585479
1771976	219933	1552043
1704114	208474	1495640
1792552	218263	1574289
1770290	222783	1547507
1780676	217501	1563175
1835141	207761	1627380
1786607	221199	1565408
