3378342
3360430
3248444
3308292
3342869
3364274
3361997
3353774
3346054
3333068
3327720
3369788
3306134
3283625
3287649
3354984
3349037
3287774
3278476
3293936
3295671
3247737
3388207
3282597
3379579
3323392
3304161
3370315
3242690
3397410
3400842
3349447
3350891
3355131
3340527
3388507
3305500
3307398
3279773
3333686
3321505
3298043
3284420
3315418
3389422
3347361
3313117
3386465
3318482
3317787
3325270
3292669
3320960
3342470
3263067
3333190
3331332
3333644
3315801
3258002
3334661
3347205
3319086
3339473
3361206
3251947
3363453
3342032
3332344
3325541
3324579
3315447
3292694
3349697
3336729
3341648
3373861
3292644
3366284
3257174
3350740
3238588
3252313
3320486
3238966
3331154
3384269
3320651
3280273
3377801
3296557
3358874
3302781
3317469
3340358
3339600
3340539
3345468
3286967
3246397
3306327
3381570
3336798
3374029
3365053
3349384
3434915
3352765
3351472
3356093
3353610
3311504
3280456
3293030
3309122
3331347
3312365
3352395
3345051
3298461
3334214
3276004
3260530
3288370
3347431
3369753
3365811
3348319
3301837
3335235
3394986
3312018
3292202
3349726
3336059
3325568
3316681
3409003
3318384
3293733
3363735
3308970
3288707
3248729
3359446
3349855
3380831
3307366
3366260
3355717
3301348
3320573
3395607
3324109
3302499
3345840
3333156
3415036
3318517
3309948
3279477
3410685
3320672
3323081
3412388
3295137
3383285
3315013
3295406
3368119
3374344
3316748
3357335
3375148
3328104
3296983
3392856
3268362
3393958
3328926
3316694
3341331
3324239
3344590
3369337
3322264
3389040
3343378
3375866
3276624
3262691
3363321
3339858
3339492
3330733
3269237
3335237
3347888
3341961
3379866
3241826
3326058
3385546
3328355
3298504
3407615
3310721
3328319
3295329
3307516
3336287
3418402
3301267
3347523
3307179
3307527
3357739
3351697
3328963
3289359
3445678
3312942
3263180
3292610
3331811
3420175
3384126
3329972
3354417
3266109
3340432
3360998
3369335
3227911
3410877
3405801
3290494
3365393
3281521
3329926
3284361
3336387
3372732
3355409
3251815
3329620
3283357
3357158
3285806
3334098
3302421
3273789
3344669
3430432
3365816
3365007
3341356
3370797
3288028
3397198
3407282
3375584
3339749
3247676
3394032
3336073
3355918
3354690
3331960
3323450
3332518
3346715
3318565
3278773
3331386
3320078
3313234
3340063
3345669
3397188
3390238
3308739
3242070
3364196
3337014
3365443
3341390
3311651
3253331
3392747
3310547
3334207
3340084
3350993
3349933
3350249
3319727
3214753
3274659
3299108
3308203
3410877
3297428
3280032
3389434
3241579
3351973
3342012
3361634
3357361
3274387
3319898
3255597
3328183
3362187
3305031
3309105
3347021
3355858
3413585
3363877
3311030
3410726
3297053
3290168
3251058
3300922
3346779
3356508
3339928
3359877
3325776
3341457
3391117
3311216
3336342
3372631
3331161
3395746
3378356
3337890
3361834
3313961
3291646
3289198
3316305
3289985
3357700
3326360
3375353
3310583
3244909
3261584
3354569
3359617
3390184
3377344
3318549
3327252
3339765
3376296
3320205
3333951
3312775
3316097
3388628
3412379
3280323
3304121
3343324
3322075
3385670
3356489
3310335
3253630
3279214
3342139
3323273
3360824
3316642
3354916
3298104
3353989
3352924
3363227
3392336
3398606
3275415
3303596
3322133
3354914
3322016
3334565
3303169
3302275
3338492
3297691
3309650
3329471
3319204
3332764
3276771
3273851
3275797
3383976
3380132
3304445
3316587
3327683
3212949
3378308
3389017
3271373
3330151
3346640
3271302
3358170
3306470
3336569
3272664
3330214
3377403
3345805
3385296
3368122
3390128
3402835
3296059
3388425
3242058
3336576
3362794
3298814
3265812
3361612
3265946
3309145
3258104
3363314
3369159
3298966
3393420
3365166
3322080
3344322
3368856
3289343
3313387
3336833
3357772
3313278
3345667
3334631
3313494
3391689
3347742
3408263
3356001
3366225
3311506
3326867
3279320
3288289
3353535
3321446
3286827
3379122
3368455
3395856
3304001
3302993
3299644
3385977
3241842
3393909
3317506
3309289
3323359
3303136
3327022
3315832
3297644
3349701
3271441
3367333
3345839
3327355
3247416
3323207
3375992
3313159
3407941
3343378
3255304
3247672
3280967
3313412
3259088
3317183
3343670
