14771
25872
32910
26968
43442
43873
28956
37283
13421
23275
36209
32969
19157
43649
30274
14810
37056
37123
21117
12835
21327
29493
12245
38583
34294
33676
20925
25335
22923
7804
35685
28946
31845
36760
34888
32973
24891
31773
37694
13257
20595
39940
18862
21877
40876
23579
26999
31745
27089
37497
31797
20729
26356
19594
27146
19388
26897
33555
22269
30332
25902
24124
17308
23508
19439
26517
30808
38899
33977
34752
22522
29731
42028
11468
23636
18056
25837
37537
26347
35293
35101
16924
42745
20386
28812
26611
36219
28496
15649
18444
16355
21854
34665
21107
46658
25264
25834
24264
22867
30521
44675
22985
35790
18550
33196
18696
52304
22937
35524
29744
31389
32172
22971
38464
15298
23838
18442
27259
30100
35650
22022
28078
26631
34708
44186
12058
32024
33350
27819
13624
35023
40113
26518
32842
41636
21068
32253
14898
21895
34533
13437
34996
39684
34251
43284
24233
36339
29951
40917
19832
11467
43116
17315
39162
27779
7948
16750
30085
37951
30372
29895
13711
9549
26643
43123
40538
30454
29649
32780
29892
18664
24463
21798
37807
27139
40138
36211
27849
42666
15420
47776
27279
61334
23172
18351
9300
19831
18120
39368
28702
23801
20118
15755
31287
43548
44592
27026
37877
32022
27425
11470
17395
26793
26978
11310
26058
25532
29362
43339
31949
22128
38465
30442
44945
25828
10620
37451
39003
16432
21321
26345
17566
15390
12112
58005
14918
23351
20610
43499
26764
14434
32010
22780
37471
33691
32475
25630
26741
55645
25125
23095
25038
26176
42263
32342
27842
41927
32097
26572
43036
6287
28813
37162
11600
23248
38719
45156
28027
30959
13212
13672
24248
28335
13593
37745
42065
33332
26134
22523
26669
28508
28193
39724
37065
30272
37777
26815
31428
24898
18352
35528
20014
28773
38643
26395
32338
24613
12028
9330
34947
33297
15465
21765
26200
27572
40101
25566
23427
27231
19758
32799
27604
42700
28584
42347
38675
31069
30433
32935
18576
37307
25466
35642
33668
38043
23393
22264
50353
38372
23281
10709
15006
29119
30087
23287
22036
30960
34934
27732
32406
40619
21667
17114
28767
28564
36551
39680
18333
45426
34692
9632
34580
21393
35539
31777
38233
26082
30894
12223
35568
32384
27760
24402
26964
45568
42324
47399
24913
27465
22672
21669
36362
30526
54155
33376
33902
25384
29611
34018
43427
25788
39147
7369
25293
23350
14051
31143
35195
16098
19423
31609
36804
33007
34585
36336
21554
23498
31663
34581
41021
29113
32208
25912
32821
19630
8071
35396
18811
30834
28274
21600
31614
34143
20994
35533
7095
47471
40615
43398
30064
20386
15994
34771
15158
5131
46320
24317
24012
7143
27564
26150
28226
29452
43907
36067
27579
23462
36920
12474
29824
5830
26296
21453
35819
30238
33035
18092
22694
36694
8503
19078
23326
28767
23459
25656
28173
25889
25524
14325
43608
32052
35358
26530
22658
33009
17428
26663
44297
27146
34322
14804
24571
20543
25641
21804
33792
11150
41438
40161
33680
29929
23295
35895
38256
33453
29249
41850
37149
28542
4457
44647
28941
46654
37769
34875
37624
32179
28318
14726
21924
24640
35159
22205
32245
47503
45075
44291
24107
28877
25505
