51463	0	0	0	0	8311	57280	0	8311	1899	6412
50596	0	0	0	0	9178	57219	0	9178	1947	7231
50808	0	0	0	0	8966	57287	0	8966	1946	7020
50943	0	0	0	0	8831	57187	0	8831	1860	6971
51272	0	0	0	0	8502	57308	0	8502	1833	6669
51157	0	0	0	0	8617	57290	0	8617	1876	6741
51147	0	0	0	0	8627	57238	0	8627	1863	6764
51414	0	0	0	0	8360	57081	0	8360	1879	6481
50463	0	0	0	0	9311	57308	0	9311	1855	7456
50820	0	0	0	0	8954	57258	0	8954	1799	7155
51144	0	0	0	0	8630	57382	0	8630	1913	6717
51499	0	0	0	0	8275	57237	0	8275	1919	6356
51415	0	0	0	0	8359	57251	0	8359	1950	6409
51043	0	0	0	0	8731	57331	0	8731	1873	6858
51442	0	0	0	0	8332	57350	0	8332	1855	6477
51286	0	0	0	0	8488	57169	0	8488	1830	6658
51079	0	0	0	0	8695	57339	0	8695	1838	6857
51174	0	0	0	0	8600	57318	0	8600	1824	6776
51319	0	0	0	0	8455	57110	0	8455	1839	6616
51082	0	0	0	0	8692	57107	0	8692	1836	6856
51178	0	0	0	0	8596	57033	0	8596	1884	6712
51658	0	0	0	0	8116	57190	0	8116	1742	6374
51034	0	0	0	0	8740	57183	0	8740	1879	6861
51182	0	0	0	0	8592	57055	0	8592	1821	6771
50944	0	0	0	0	8830	57081	0	8830	1874	6956
51097	0	0	0	0	8677	57264	0	8677	1872	6805
51187	0	0	0	0	8587	57240	0	8587	1828	6759
51555	0	0	0	0	8219	57583	0	8219	1827	6392
50858	0	0	0	0	8916	57117	0	8916	1872	7044
50927	0	0	0	0	8847	57310	0	8847	1812	7035
51248	0	0	0	0	8526	57315	0	8526	1865	6661
51183	0	0	0	0	8591	57356	0	8591	1808	6783
51113	0	0	0	0	8661	57143	0	8661	1930	6731
51407	0	0	0	0	8367	57396	0	8367	1778	6589
51624	0	0	0	0	8150	57129	0	8150	1837	6313
51044	0	0	0	0	8730	57114	0	8730	1879	6851
50895	0	0	0	0	8879	57305	0	8879	1879	7000
50890	0	0	0	0	8884	57303	0	8884	1847	7037
51058	0	0	0	0	8716	57286	0	8716	1856	6860
51476	0	0	0	0	8298	57107	0	8298	1848	6450
50690	0	0	0	0	9084	57035	0	9084	1903	7181
51224	0	0	0	0	8550	57279	0	8550	1873	6677
50745	0	0	0	0	9029	57336	0	9029	1920	7109
51410	0	0	0	0	8364	57241	0	8364	1760	6604
51423	0	0	0	0	8351	57064	0	8351	1947	6404
51238	0	0	0	0	8536	57007	0	8536	1897	6639
51212	0	0	0	0	8562	57067	0	8562	1898	6664
50816	0	0	0	0	8958	57381	0	8958	1834	7124
51121	0	0	0	0	8653	57241	0	8653	1894	6759
51404	0	0	0	0	8370	57313	0	8370	1824	6546
51087	0	0	0	0	8687	57349	0	8687	1786	6901
51255	0	0	0	0	8519	57316	0	8519	1838	6681
51018	0	0	0	0	8756	57302	0	8756	1867	6889
51479	0	0	0	0	8295	57339	0	8295	1819	6476
51559	0	0	0	0	8215	57235	0	8215	1810	6405
51658	0	0	0	0	8116	57248	0	8116	1855	6261
50919	0	0	0	0	8855	57149	0	8855	1825	7030
50542	0	0	0	0	9232	57272	0	9232	1904	7328
51068	0	0	0	0	8706	57327	0	8706	1880	6826
51308	0	0	0	0	8466	57397	0	8466	1798	6668
51071	0	0	0	0	8703	57180	0	8703	1800	6903
51178	0	0	0	0	8596	57321	0	8596	1846	6750
51513	0	0	0	0	8261	57132	0	8261	1861	6400
51103	0	0	0	0	8671	57266	0	8671	1799	6872
50859	0	0	0	0	8915	57328	0	8915	1866	7049
51248	0	0	0	0	8526	57113	0	8526	1910	6616
51112	0	0	0	0	8662	57150	0	8662	1818	6844
51017	0	0	0	0	8757	57126	0	8757	1911	6846
50964	0	0	0	0	8810	57381	0	8810	1760	7050
50813	0	0	0	0	8961	57230	0	8961	1743	7218
51443	0	0	0	0	8331	56974	0	8331	1885	6446
51246	0	0	0	0	8528	57267	0	8528	1829	6699
51507	0	0	0	0	8267	57317	0	8267	1883	6384
51352	0	0	0	0	8422	57264	0	8422	1897	6525
50726	0	0	0	0	9048	57097	0	9048	1816	7232
51249	0	0	0	0	8525	57275	0	8525	1922	6603
51116	0	0	0	0	8658	57249	0	8658	1770	6888
51073	0	0	0	0	8701	57270	0	8701	1911	6790
51713	0	0	0	0	8061	57245	0	8061	1877	6184
51521	0	0	0	0	8253	57335	0	8253	1835	6418
51069	0	0	0	0	8705	57228	0	8705	1909	6796
50638	0	0	0	0	9136	57203	0	9136	1853	7283
51193	0	0	0	0	8581	57177	0	8581	1797	6784
51167	0	0	0	0	8607	57390	0	8607	1787	6820
50847	0	0	0	0	8927	57105	0	8927	1827	7100
50626	0	0	0	0	9148	57304	0	9148	1788	7360
51182	0	0	0	0	8592	57295	0	8592	1810	6782
51319	0	0	0	0	8455	57095	0	8455	1884	6571
50774	0	0	0	0	9000	57210	0	9000	1873	7127
51808	0	0	0	0	7966	57278	0	7966	1828	6138
51084	0	0	0	0	8690	57245	0	8690	1949	6741
51693	0	0	0	0	8081	57362	0	8081	1765	6316
50682	0	0	0	0	9092	57274	0	9092	1844	7248
51575	0	0	0	0	8199	57225	0	8199	1873	6326
51819	0	0	0	0	7955	57075	0	7955	1823	6132
51631	0	0	0	0	8143	57125	0	8143	1842	6301
51799	0	0	0	0	7975	57333	0	7975	1857	6118
51184	0	0	0	0	8590	57377	0	8590	1851	6739
51197	0	0	0	0	8577	57089	0	8577	1887	6690
51311	0	0	0	0	8463	57308	0	8463	1852	6611
51320	0	0	0	0	8454	57121	0	8454	1877	6577
50743	0	0	0	0	9031	57315	0	9031	1847	7184
51115	0	0	0	0	8659	57205	0	8659	1948	6711
50892	0	0	0	0	8882	57185	0	8882	1802	7080
51632	0	0	0	0	8142	57334	0	8142	1896	6246
51058	0	0	0	0	8716	57189	0	8716	1872	6844
50805	0	0	0	0	8969	57050	0	8969	1855	7114
51459	0	0	0	0	8315	57249	0	8315	1926	6389
51735	0	0	0	0	8039	57287	0	8039	1876	6163
51308	0	0	0	0	8466	56918	0	8466	1915	6551
50101	0	0	0	0	9673	57055	0	9673	1846	7827
51670	0	0	0	0	8104	57325	0	8104	1831	6273
51159	0	0	0	0	8615	57310	0	8615	1925	6690
51348	0	0	0	0	8426	57294	0	8426	1812	6614
51157	0	0	0	0	8617	57043	0	8617	1916	6701
51955	0	0	0	0	7819	57187	0	7819	1839	5980
51022	0	0	0	0	8752	57258	0	8752	1816	6936
51273	0	0	0	0	8501	57237	0	8501	1871	6630
51530	0	0	0	0	8244	57256	0	8244	1879	6365
51008	0	0	0	0	8766	57343	0	8766	1838	6928
51141	0	0	0	0	8633	57117	0	8633	1858	6775
50804	0	0	0	0	8970	57249	0	8970	1936	7034
51033	0	0	0	0	8741	57195	0	8741	1862	6879
51233	0	0	0	0	8541	57221	0	8541	1857	6684
50822	0	0	0	0	8952	57410	0	8952	1772	7180
50755	0	0	0	0	9019	57209	0	9019	1781	7238
50680	0	0	0	0	9094	57188	0	9094	1800	7294
51867	0	0	0	0	7907	57270	0	7907	1836	6071
51179	0	0	0	0	8595	57147	0	8595	1796	6799
51330	0	0	0	0	8444	57204	0	8444	1849	6595
51235	0	0	0	0	8539	57204	0	8539	1834	6705
51001	0	0	0	0	8773	57273	0	8773	1874	6899
51287	0	0	0	0	8487	57427	0	8487	1916	6571
51416	0	0	0	0	8358	57179	0	8358	1881	6477
51350	0	0	0	0	8424	57355	0	8424	1827	6597
51501	0	0	0	0	8273	57111	0	8273	1904	6369
51143	0	0	0	0	8631	56969	0	8631	1963	6668
50474	0	0	0	0	9300	57206	0	9300	1810	7490
50876	0	0	0	0	8898	57200	0	8898	1783	7115
50706	0	0	0	0	9068	57323	0	9068	1800	7268
51422	0	0	0	0	8352	57129	0	8352	1923	6429
51294	0	0	0	0	8480	57332	0	8480	1827	6653
51659	0	0	0	0	8115	57210	0	8115	1826	6289
51262	0	0	0	0	8512	57294	0	8512	1857	6655
51734	0	0	0	0	8040	57240	0	8040	1925	6115
51877	0	0	0	0	7897	57059	0	7897	1843	6054
51161	0	0	0	0	8613	57194	0	8613	1785	6828
51258	0	0	0	0	8516	57255	0	8516	1882	6634
51099	0	0	0	0	8675	57241	0	8675	1890	6785
50828	0	0	0	0	8946	57243	0	8946	1940	7006
50797	0	0	0	0	8977	57047	0	8977	1882	7095
51599	0	0	0	0	8175	57352	0	8175	1782	6393
51145	0	0	0	0	8629	57305	0	8629	1882	6747
51773	0	0	0	0	8001	57307	0	8001	1834	6167
50963	0	0	0	0	8811	57145	0	8811	1873	6938
50980	0	0	0	0	8794	57152	0	8794	1778	7016
50799	0	0	0	0	8975	57174	0	8975	1778	7197
51558	0	0	0	0	8216	57134	0	8216	1838	6378
51539	0	0	0	0	8235	57344	0	8235	1819	6416
51818	0	0	0	0	7956	57193	0	7956	1834	6122
51528	0	0	0	0	8246	57233	0	8246	1836	6410
51396	0	0	0	0	8378	57285	0	8378	1908	6470
51469	0	0	0	0	8305	57168	0	8305	1769	6536
50829	0	0	0	0	8945	57078	0	8945	1825	7120
50854	0	0	0	0	8920	57196	0	8920	1971	6949
51277	0	0	0	0	8497	57174	0	8497	1869	6628
50957	0	0	0	0	8817	57337	0	8817	1837	6980
51683	0	0	0	0	8091	57110	0	8091	1779	6312
51399	0	0	0	0	8375	57305	0	8375	1837	6538
51451	0	0	0	0	8323	57338	0	8323	1850	6473
50603	0	0	0	0	9171	57211	0	9171	1969	7202
50717	0	0	0	0	9057	57142	0	9057	1908	7149
50499	0	0	0	0	9275	57301	0	9275	1867	7408
51471	0	0	0	0	8303	57159	0	8303	1839	6464
51592	0	0	0	0	8182	57179	0	8182	1829	6353
51139	0	0	0	0	8635	57017	0	8635	1862	6773
50948	0	0	0	0	8826	57067	0	8826	1791	7035
51454	0	0	0	0	8320	57065	0	8320	1913	6407
50990	0	0	0	0	8784	57169	0	8784	1886	6898
51240	0	0	0	0	8534	57255	0	8534	1846	6688
51142	0	0	0	0	8632	57170	0	8632	1906	6726
51057	0	0	0	0	8717	57304	0	8717	1847	6870
50770	0	0	0	0	9004	57100	0	9004	1810	7194
51619	0	0	0	0	8155	57101	0	8155	1865	6290
50842	0	0	0	0	8932	57290	0	8932	1896	7036
50425	0	0	0	0	9349	57139	0	9349	1934	7415
51253	0	0	0	0	8521	57277	0	8521	1838	6683
51283	0	0	0	0	8491	57115	0	8491	1840	6651
51180	0	0	0	0	8594	57139	0	8594	1912	6682
51466	0	0	0	0	8308	57382	0	8308	1804	6504
51475	0	0	0	0	8299	57158	0	8299	1775	6524
51099	0	0	0	0	8675	57201	0	8675	1871	6804
51060	0	0	0	0	8714	57187	0	8714	1850	6864
50852	0	0	0	0	8922	57285	0	8922	1882	7040
51198	0	0	0	0	8576	57272	0	8576	1897	6679
50899	0	0	0	0	8875	57199	0	8875	1812	7063
51411	0	0	0	0	8363	57261	0	8363	1903	6460
51384	0	0	0	0	8390	57527	0	8390	1869	6521
51919	0	0	0	0	7855	57172	0	7855	1757	6098
51551	0	0	0	0	8223	57111	0	8223	1834	6389
50677	0	0	0	0	9097	57305	0	9097	1886	7211
50729	0	0	0	0	9045	57089	0	9045	1878	7167
51552	0	0	0	0	8222	57378	0	8222	1834	6388
51515	0	0	0	0	8259	57306	0	8259	1878	6381
50872	0	0	0	0	8902	57142	0	8902	1884	7018
51097	0	0	0	0	8677	57355	0	8677	1849	6828
50955	0	0	0	0	8819	57190	0	8819	1847	6972
51159	0	0	0	0	8615	57189	0	8615	1871	6744
51640	0	0	0	0	8134	57362	0	8134	1827	6307
51466	0	0	0	0	8308	57074	0	8308	1851	6457
50867	0	0	0	0	8907	57379	0	8907	1833	7074
52142	0	0	0	0	7632	57320	0	7632	1767	5865
50537	0	0	0	0	9237	57094	0	9237	1918	7319
50985	0	0	0	0	8789	57127	0	8789	1835	6954
51176	0	0	0	0	8598	57146	0	8598	1873	6725
51262	0	0	0	0	8512	57127	0	8512	1849	6663
51322	0	0	0	0	8452	57090	0	8452	1951	6501
50902	0	0	0	0	8872	57508	0	8872	1796	7076
50725	0	0	0	0	9049	57358	0	9049	1847	7202
50877	0	0	0	0	8897	57276	0	8897	1923	6974
51179	0	0	0	0	8595	57367	0	8595	1838	6757
51188	0	0	0	0	8586	57183	0	8586	1888	6698
51320	0	0	0	0	8454	57440	0	8454	1770	6684
50791	0	0	0	0	8983	57009	0	8983	1828	7155
51306	0	0	0	0	8468	57368	0	8468	1820	6648
51753	0	0	0	0	8021	57162	0	8021	1810	6211
51067	0	0	0	0	8707	57237	0	8707	1800	6907
51498	0	0	0	0	8276	57194	0	8276	1777	6499
50519	0	0	0	0	9255	57277	0	9255	1811	7444
51166	0	0	0	0	8608	57175	0	8608	1798	6810
50737	0	0	0	0	9037	57285	0	9037	1883	7154
51142	0	0	0	0	8632	57337	0	8632	1854	6778
50402	0	0	0	0	9372	57385	0	9372	1843	7529
51032	0	0	0	0	8742	57289	0	8742	1860	6882
51175	0	0	0	0	8599	57285	0	8599	1898	6701
50360	0	0	0	0	9414	57108	0	9414	1875	7539
51816	0	0	0	0	7958	57119	0	7958	1744	6214
50842	0	0	0	0	8932	57164	0	8932	1816	7116
50569	0	0	0	0	9205	56926	0	9205	1783	7422
51758	0	0	0	0	8016	57386	0	8016	1846	6170
51045	0	0	0	0	8729	57328	0	8729	1878	6851
51257	0	0	0	0	8517	57037	0	8517	1933	6584
51487	0	0	0	0	8287	57268	0	8287	1823	6464
50966	0	0	0	0	8808	57018	0	8808	1987	6821
50848	0	0	0	0	8926	57278	0	8926	1862	7064
51188	0	0	0	0	8586	57182	0	8586	1740	6846
51203	0	0	0	0	8571	57193	0	8571	1826	6745
51264	0	0	0	0	8510	57253	0	8510	1884	6626
50766	0	0	0	0	9008	57215	0	9008	1952	7056
51375	0	0	0	0	8399	57133	0	8399	1833	6566
51585	0	0	0	0	8189	57354	0	8189	1801	6388
51223	0	0	0	0	8551	57200	0	8551	1849	6702
51569	0	0	0	0	8205	57254	0	8205	1835	6370
51725	0	0	0	0	8049	57221	0	8049	1731	6318
51056	0	0	0	0	8718	57223	0	8718	1907	6811
51381	0	0	0	0	8393	57148	0	8393	1824	6569
51528	0	0	0	0	8246	57162	0	8246	1869	6377
50799	0	0	0	0	8975	57241	0	8975	1818	7157
51109	0	0	0	0	8665	57165	0	8665	1832	6833
51029	0	0	0	0	8745	57137	0	8745	1842	6903
51103	0	0	0	0	8671	57159	0	8671	1824	6847
51068	0	0	0	0	8706	57523	0	8706	1901	6805
51302	0	0	0	0	8472	57174	0	8472	1813	6659
50914	0	0	0	0	8860	56963	0	8860	1906	6954
50847	0	0	0	0	8927	57355	0	8927	1905	7022
51252	0	0	0	0	8522	57134	0	8522	1879	6643
51481	0	0	0	0	8293	57360	0	8293	1832	6461
51597	0	0	0	0	8177	57123	0	8177	1827	6350
51188	0	0	0	0	8586	57207	0	8586	1830	6756
51554	0	0	0	0	8220	57187	0	8220	1885	6335
51181	0	0	0	0	8593	57287	0	8593	1881	6712
51264	0	0	0	0	8510	57076	0	8510	1918	6592
51526	0	0	0	0	8248	57165	0	8248	1849	6399
50736	0	0	0	0	9038	57370	0	9038	1791	7247
51005	0	0	0	0	8769	57255	0	8769	1797	6972
50948	0	0	0	0	8826	57158	0	8826	1848	6978
51524	0	0	0	0	8250	57083	0	8250	1897	6353
51621	0	0	0	0	8153	57270	0	8153	1886	6267
51199	0	0	0	0	8575	57325	0	8575	1870	6705
50959	0	0	0	0	8815	57344	0	8815	1862	6953
51219	0	0	0	0	8555	57257	0	8555	1896	6659
50732	0	0	0	0	9042	57181	0	9042	1980	7062
50631	0	0	0	0	9143	57287	0	9143	1954	7189
51439	0	0	0	0	8335	57325	0	8335	1861	6474
51190	0	0	0	0	8584	57195	0	8584	1868	6716
51759	0	0	0	0	8015	57345	0	8015	1819	6196
50829	0	0	0	0	8945	57311	0	8945	1869	7076
50742	0	0	0	0	9032	57126	0	9032	1829	7203
50934	0	0	0	0	8840	57136	0	8840	1859	6981
50829	0	0	0	0	8945	57211	0	8945	1888	7057
50824	0	0	0	0	8950	57272	0	8950	1881	7069
51482	0	0	0	0	8292	57253	0	8292	1853	6439
50903	0	0	0	0	8871	57284	0	8871	1928	6943
51089	0	0	0	0	8685	57247	0	8685	1947	6738
51161	0	0	0	0	8613	57095	0	8613	1872	6741
50501	0	0	0	0	9273	57220	0	9273	1839	7434
51209	0	0	0	0	8565	57111	0	8565	1872	6693
50807	0	0	0	0	8967	57265	0	8967	1865	7102
51206	0	0	0	0	8568	57071	0	8568	1881	6687
51162	0	0	0	0	8612	57144	0	8612	1855	6757
51298	0	0	0	0	8476	57327	0	8476	1876	6600
50903	0	0	0	0	8871	57257	0	8871	1874	6997
50998	0	0	0	0	8776	57172	0	8776	1867	6909
51565	0	0	0	0	8209	57382	0	8209	1849	6360
51135	0	0	0	0	8639	57295	0	8639	1886	6753
50801	0	0	0	0	8973	57190	0	8973	1766	7207
51250	0	0	0	0	8524	57290	0	8524	1850	6674
51326	0	0	0	0	8448	57355	0	8448	1780	6668
51513	0	0	0	0	8261	57062	0	8261	1841	6420
51255	0	0	0	0	8519	57306	0	8519	1857	6662
50817	0	0	0	0	8957	57187	0	8957	1899	7058
51207	0	0	0	0	8567	57419	0	8567	1796	6771
51017	0	0	0	0	8757	57200	0	8757	1771	6986
51350	0	0	0	0	8424	57128	0	8424	1830	6594
51037	0	0	0	0	8737	57234	0	8737	1872	6865
51482	0	0	0	0	8292	57262	0	8292	1876	6416
51006	0	0	0	0	8768	57156	0	8768	1843	6925
50955	0	0	0	0	8819	57333	0	8819	1765	7054
51065	0	0	0	0	8709	57337	0	8709	1810	6899
51068	0	0	0	0	8706	57296	0	8706	1866	6840
50992	0	0	0	0	8782	57152	0	8782	1800	6982
51825	0	0	0	0	7949	57270	0	7949	1811	6138
51140	0	0	0	0	8634	57082	0	8634	1869	6765
51522	0	0	0	0	8252	57097	0	8252	1863	6389
50561	0	0	0	0	9213	57216	0	9213	1826	7387
51403	0	0	0	0	8371	57265	0	8371	1893	6478
51598	0	0	0	0	8176	57299	0	8176	1845	6331
50580	0	0	0	0	9194	57221	0	9194	1887	7307
50578	0	0	0	0	9196	57246	0	9196	1866	7330
51512	0	0	0	0	8262	57257	0	8262	1794	6468
51055	0	0	0	0	8719	57296	0	8719	1752	6967
50654	0	0	0	0	9120	57309	0	9120	1884	7236
51947	0	0	0	0	7827	57174	0	7827	1811	6016
51177	0	0	0	0	8597	57347	0	8597	1850	6747
50847	0	0	0	0	8927	57113	0	8927	1884	7043
51662	0	0	0	0	8112	57336	0	8112	1834	6278
51546	0	0	0	0	8228	57118	0	8228	1884	6344
50543	0	0	0	0	9231	57201	0	9231	1842	7389
51023	0	0	0	0	8751	57132	0	8751	1826	6925
51516	0	0	0	0	8258	57020	0	8258	1883	6375
51172	0	0	0	0	8602	57335	0	8602	1840	6762
51239	0	0	0	0	8535	57149	0	8535	1863	6672
50956	0	0	0	0	8818	57197	0	8818	1850	6968
51243	0	0	0	0	8531	57144	0	8531	1813	6718
50756	0	0	0	0	9018	56995	0	9018	1961	7057
51016	0	0	0	0	8758	57309	0	8758	1805	6953
51735	0	0	0	0	8039	57351	0	8039	1817	6222
50664	0	0	0	0	9110	57277	0	9110	1854	7256
51229	0	0	0	0	8545	57210	0	8545	1927	6618
51738	0	0	0	0	8036	57096	0	8036	1902	6134
50797	0	0	0	0	8977	57122	0	8977	1879	7098
50957	0	0	0	0	8817	57208	0	8817	1835	6982
51106	0	0	0	0	8668	57117	0	8668	1836	6832
51794	0	0	0	0	7980	57210	0	7980	1722	6258
51491	0	0	0	0	8283	57312	0	8283	1798	6485
51629	0	0	0	0	8145	57308	0	8145	1900	6245
50409	0	0	0	0	9365	57186	0	9365	1966	7399
50832	0	0	0	0	8942	57528	0	8942	1813	7129
50633	0	0	0	0	9141	57137	0	9141	1871	7270
51098	0	0	0	0	8676	57323	0	8676	1829	6847
51292	0	0	0	0	8482	57324	0	8482	1867	6615
51993	0	0	0	0	7781	57251	0	7781	1855	5926
50730	0	0	0	0	9044	57248	0	9044	1826	7218
51341	0	0	0	0	8433	57277	0	8433	1857	6576
51261	0	0	0	0	8513	57294	0	8513	1879	6634
51007	0	0	0	0	8767	57410	0	8767	1812	6955
51721	0	0	0	0	8053	57115	0	8053	1844	6209
50500	0	0	0	0	9274	57089	0	9274	1859	7415
51584	0	0	0	0	8190	57121	0	8190	1851	6339
51476	0	0	0	0	8298	57181	0	8298	1867	6431
51014	0	0	0	0	8760	57353	0	8760	1839	6921
51539	0	0	0	0	8235	57311	0	8235	1790	6445
51012	0	0	0	0	8762	57227	0	8762	1888	6874
51210	0	0	0	0	8564	57158	0	8564	1943	6621
51274	0	0	0	0	8500	57296	0	8500	1861	6639
51129	0	0	0	0	8645	57045	0	8645	1870	6775
51320	0	0	0	0	8454	57183	0	8454	1813	6641
50912	0	0	0	0	8862	57305	0	8862	1900	6962
51335	0	0	0	0	8439	57074	0	8439	1876	6563
50290	0	0	0	0	9484	57169	0	9484	1845	7639
51322	0	0	0	0	8452	57278	0	8452	1887	6565
51007	0	0	0	0	8767	57297	0	8767	1865	6902
51718	0	0	0	0	8056	57219	0	8056	1833	6223
51380	0	0	0	0	8394	57351	0	8394	1863	6531
51209	0	0	0	0	8565	57278	0	8565	1879	6686
51283	0	0	0	0	8491	57320	0	8491	1868	6623
51389	0	0	0	0	8385	57033	0	8385	1900	6485
50754	0	0	0	0	9020	57285	0	9020	1932	7088
50639	0	0	0	0	9135	57124	0	9135	1848	7287
50974	0	0	0	0	8800	57168	0	8800	1802	6998
51021	0	0	0	0	8753	57367	0	8753	1838	6915
51194	0	0	0	0	8580	57248	0	8580	1922	6658
51144	0	0	0	0	8630	57164	0	8630	1858	6772
50925	0	0	0	0	8849	57173	0	8849	1839	7010
50932	0	0	0	0	8842	57269	0	8842	1847	6995
51031	0	0	0	0	8743	57284	0	8743	1829	6914
51253	0	0	0	0	8521	57189	0	8521	1889	6632
51085	0	0	0	0	8689	57183	0	8689	1830	6859
51310	0	0	0	0	8464	57297	0	8464	1883	6581
51360	0	0	0	0	8414	57274	0	8414	1882	6532
51421	0	0	0	0	8353	57355	0	8353	1829	6524
50940	0	0	0	0	8834	57184	0	8834	1875	6959
50949	0	0	0	0	8825	57141	0	8825	1917	6908
50581	0	0	0	0	9193	57230	0	9193	1803	7390
51479	0	0	0	0	8295	57288	0	8295	1864	6431
52046	0	0	0	0	7728	57245	0	7728	1817	5911
51150	0	0	0	0	8624	57246	0	8624	1914	6710
51708	0	0	0	0	8066	57238	0	8066	1825	6241
51385	0	0	0	0	8389	57395	0	8389	1824	6565
51306	0	0	0	0	8468	57262	0	8468	1932	6536
51188	0	0	0	0	8586	57289	0	8586	1896	6690
51119	0	0	0	0	8655	57191	0	8655	1823	6832
50866	0	0	0	0	8908	57229	0	8908	1813	7095
51532	0	0	0	0	8242	57391	0	8242	1790	6452
50998	0	0	0	0	8776	57188	0	8776	1801	6975
51086	0	0	0	0	8688	57270	0	8688	1900	6788
50982	0	0	0	0	8792	56951	0	8792	1919	6873
51002	0	0	0	0	8772	57360	0	8772	1815	6957
51092	0	0	0	0	8682	57156	0	8682	1822	6860
51381	0	0	0	0	8393	57251	0	8393	1777	6616
51214	0	0	0	0	8560	57052	0	8560	1928	6632
50880	0	0	0	0	8894	57309	0	8894	1898	6996
51384	0	0	0	0	8390	57308	0	8390	1851	6539
51183	0	0	0	0	8591	57069	0	8591	1874	6717
51249	0	0	0	0	8525	57238	0	8525	1839	6686
51140	0	0	0	0	8634	57308	0	8634	1885	6749
51333	0	0	0	0	8441	57168	0	8441	1822	6619
51131	0	0	0	0	8643	57359	0	8643	1851	6792
51171	0	0	0	0	8603	57124	0	8603	1830	6773
51097	0	0	0	0	8677	57251	0	8677	1879	6798
51659	0	0	0	0	8115	57257	0	8115	1874	6241
51644	0	0	0	0	8130	57193	0	8130	1929	6201
51222	0	0	0	0	8552	57300	0	8552	1838	6714
51226	0	0	0	0	8548	57309	0	8548	1878	6670
50932	0	0	0	0	8842	57317	0	8842	1820	7022
51020	0	0	0	0	8754	57194	0	8754	1831	6923
51063	0	0	0	0	8711	57311	0	8711	1874	6837
51321	0	0	0	0	8453	57296	0	8453	1865	6588
50800	0	0	0	0	8974	57140	0	8974	1833	7141
51086	0	0	0	0	8688	57348	0	8688	1819	6869
51586	0	0	0	0	8188	57185	0	8188	1817	6371
50702	0	0	0	0	9072	57173	0	9072	1884	7188
51785	0	0	0	0	7989	57173	0	7989	1846	6143
51034	0	0	0	0	8740	57255	0	8740	1908	6832
51396	0	0	0	0	8378	57187	0	8378	1889	6489
50794	0	0	0	0	8980	57210	0	8980	1856	7124
51347	0	0	0	0	8427	57260	0	8427	1820	6607
51300	0	0	0	0	8474	57106	0	8474	1853	6621
50987	0	0	0	0	8787	57298	0	8787	1869	6918
51400	0	0	0	0	8374	57271	0	8374	1882	6492
51118	0	0	0	0	8656	57250	0	8656	1885	6771
51343	0	0	0	0	8431	57220	0	8431	1848	6583
50959	0	0	0	0	8815	57240	0	8815	1881	6934
50935	0	0	0	0	8839	57195	0	8839	1783	7056
51374	0	0	0	0	8400	57238	0	8400	1902	6498
51089	0	0	0	0	8685	57207	0	8685	1863	6822
50802	0	0	0	0	8972	57110	0	8972	1854	7118
51472	0	0	0	0	8302	57343	0	8302	1781	6521
51097	0	0	0	0	8677	57224	0	8677	1818	6859
51117	0	0	0	0	8657	57341	0	8657	1864	6793
50939	0	0	0	0	8835	57317	0	8835	1929	6906
50976	0	0	0	0	8798	57298	0	8798	1885	6913
50999	0	0	0	0	8775	57309	0	8775	1861	6914
51238	0	0	0	0	8536	57314	0	8536	1854	6682
50951	0	0	0	0	8823	57308	0	8823	1869	6954
51031	0	0	0	0	8743	57319	0	8743	1860	6883
50460	0	0	0	0	9314	57358	0	9314	1807	7507
51215	0	0	0	0	8559	57273	0	8559	1768	6791
50671	0	0	0	0	9103	57253	0	9103	1882	7221
50969	0	0	0	0	8805	57370	0	8805	1817	6988
50865	0	0	0	0	8909	57279	0	8909	1730	7179
51042	0	0	0	0	8732	57246	0	8732	1850	6882
51479	0	0	0	0	8295	57329	0	8295	1785	6510
51750	0	0	0	0	8024	57394	0	8024	1818	6206
51475	0	0	0	0	8299	57282	0	8299	1822	6477
51158	0	0	0	0	8616	57240	0	8616	1785	6831
51129	0	0	0	0	8645	57290	0	8645	1837	6808
50808	0	0	0	0	8966	57278	0	8966	1903	7063
50455	0	0	0	0	9319	57212	0	9319	1898	7421
51769	0	0	0	0	8005	57210	0	8005	1775	6230
50673	0	0	0	0	9101	57146	0	9101	1864	7237
50799	0	0	0	0	8975	57171	0	8975	1970	7005
51259	0	0	0	0	8515	57289	0	8515	1867	6648
51216	0	0	0	0	8558	57405	0	8558	1835	6723
50985	0	0	0	0	8789	57351	0	8789	1870	6919
50992	0	0	0	0	8782	57122	0	8782	1838	6944
51557	0	0	0	0	8217	57121	0	8217	1868	6349
50392	0	0	0	0	9382	57081	0	9382	1904	7478
51080	0	0	0	0	8694	57204	0	8694	1828	6866
51219	0	0	0	0	8555	57233	0	8555	1853	6702
51320	0	0	0	0	8454	57150	0	8454	1909	6545
50603	0	0	0	0	9171	57202	0	9171	1925	7246
50861	0	0	0	0	8913	57059	0	8913	1920	6993
51421	0	0	0	0	8353	57227	0	8353	1914	6439
51499	0	0	0	0	8275	57348	0	8275	1746	6529
51276	0	0	0	0	8498	57252	0	8498	1938	6560
50963	0	0	0	0	8811	57164	0	8811	1814	6997
51495	0	0	0	0	8279	57326	0	8279	1847	6432
50506	0	0	0	0	9268	57345	0	9268	1830	7438
51718	0	0	0	0	8056	57392	0	8056	1814	6242
