49378	0	0	0	0	10396	57427	57427	10396	3	10393
51893	0	0	0	0	7881	56593	56593	7881	3	7878
50475	0	0	0	0	9299	57605	57605	9299	3	9296
51388	0	0	0	0	8386	57038	57038	8386	3	8383
50397	0	0	0	0	9377	56207	56207	9377	3	9374
49750	0	0	0	0	10024	55487	55487	10024	3	10021
49066	0	0	0	0	10708	56095	56095	10708	3	10705
50139	0	0	0	0	9635	57778	57778	9635	3	9632
50348	0	0	0	0	9426	56666	56666	9426	3	9423
52905	0	0	0	0	6869	54806	54806	6869	3	6866
50244	0	0	0	0	9530	56561	56561	9530	3	9527
48214	0	0	0	0	11560	56424	56424	11560	3	11557
48375	0	0	0	0	11399	56841	56841	11399	3	11396
49780	0	0	0	0	9994	56839	56839	9994	3	9991
50818	0	0	0	0	8956	56461	56461	8956	3	8953
49767	0	0	0	0	10007	57739	57739	10007	3	10004
50642	0	0	0	0	9132	57531	57531	9132	3	9129
51016	0	0	0	0	8758	57309	57309	8758	3	8755
49610	0	0	0	0	10164	57785	57785	10164	3	10161
48608	0	0	0	0	11166	56630	56630	11166	3	11163
49690	0	0	0	0	10084	57001	57001	10084	3	10081
49504	0	0	0	0	10270	57006	57006	10270	3	10267
49913	0	0	0	0	9861	58534	58534	9861	3	9858
47523	0	0	0	0	12251	57512	57512	12251	3	12248
49332	0	0	0	0	10442	57254	57254	10442	3	10439
49522	0	0	0	0	10252	56450	56450	10252	3	10249
49255	0	0	0	0	10519	56186	56186	10519	3	10516
49330	0	0	0	0	10444	57672	57672	10444	3	10441
50243	0	0	0	0	9531	56333	56333	9531	3	9528
50046	0	0	0	0	9728	54499	54499	9728	3	9725
51144	0	0	0	0	8630	56306	56306	8630	3	8627
48113	0	0	0	0	11661	56617	56617	11661	3	11658
49161	0	0	0	0	10613	56531	56531	10613	3	10610
48015	0	0	0	0	11759	57666	57666	11759	3	11756
49300	0	0	0	0	10474	57699	57699	10474	3	10471
48646	0	0	0	0	11128	56981	56981	11128	3	11125
50916	0	0	0	0	8858	56398	56398	8858	3	8855
48246	0	0	0	0	11528	57586	57586	11528	3	11525
50986	0	0	0	0	8788	56873	56873	8788	3	8785
49351	0	0	0	0	10423	57724	57724	10423	3	10420
52306	0	0	0	0	7468	57730	57730	7468	3	7465
50638	0	0	0	0	9136	57608	57608	9136	3	9133
48285	0	0	0	0	11489	57603	57603	11489	3	11486
49524	0	0	0	0	10250	56972	56972	10250	3	10247
49246	0	0	0	0	10528	56463	56463	10528	3	10525
50629	0	0	0	0	9145	57745	57745	9145	3	9142
51361	0	0	0	0	8413	55513	55513	8413	3	8410
51050	0	0	0	0	8724	56746	56746	8724	3	8721
49366	0	0	0	0	10408	56725	56725	10408	3	10405
48545	0	0	0	0	11229	56086	56086	11229	3	11226
49918	0	0	0	0	9856	56525	56525	9856	3	9853
50265	0	0	0	0	9509	57823	57823	9509	3	9506
48871	0	0	0	0	10903	57530	57530	10903	3	10900
50600	0	0	0	0	9174	56117	56117	9174	3	9171
50149	0	0	0	0	9625	58222	58222	9625	3	9622
49580	0	0	0	0	10194	55159	55159	10194	3	10191
51243	0	0	0	0	8531	55914	55914	8531	3	8528
50870	0	0	0	0	8904	57613	57613	8904	3	8901
48547	0	0	0	0	11227	57299	57299	11227	3	11224
50280	0	0	0	0	9494	56707	56707	9494	3	9491
49955	0	0	0	0	9819	56418	56418	9819	3	9816
49797	0	0	0	0	9977	57680	57680	9977	3	9974
50027	0	0	0	0	9747	57555	57555	9747	3	9744
50982	0	0	0	0	8792	56490	56490	8792	3	8789
49325	0	0	0	0	10449	57596	57596	10449	3	10446
48615	0	0	0	0	11159	57569	57569	11159	3	11156
48748	0	0	0	0	11026	56532	56532	11026	3	11023
50526	0	0	0	0	9248	54651	54651	9248	3	9245
50247	0	0	0	0	9527	56933	56933	9527	3	9524
49852	0	0	0	0	9922	57703	57703	9922	3	9919
48548	0	0	0	0	11226	56554	56554	11226	3	11223
52512	0	0	0	0	7262	56477	56477	7262	3	7259
49584	0	0	0	0	10190	56250	56250	10190	3	10187
50299	0	0	0	0	9475	57549	57549	9475	3	9472
51763	0	0	0	0	8011	56220	56220	8011	3	8008
50042	0	0	0	0	9732	57801	57801	9732	3	9729
50257	0	0	0	0	9517	57635	57635	9517	3	9514
49544	0	0	0	0	10230	56657	56657	10230	3	10227
50282	0	0	0	0	9492	57581	57581	9492	3	9489
49995	0	0	0	0	9779	57908	57908	9779	3	9776
49728	0	0	0	0	10046	57621	57621	10046	3	10043
50500	0	0	0	0	9274	57864	57864	9274	3	9271
49452	0	0	0	0	10322	57154	57154	10322	3	10319
48217	0	0	0	0	11557	56993	56993	11557	3	11554
48132	0	0	0	0	11642	57575	57575	11642	3	11639
50042	0	0	0	0	9732	57351	57351	9732	3	9729
50423	0	0	0	0	9351	56628	56628	9351	3	9348
50621	0	0	0	0	9153	57652	57652	9153	3	9150
50102	0	0	0	0	9672	57137	57137	9672	3	9669
50135	0	0	0	0	9639	57703	57703	9639	3	9636
51164	0	0	0	0	8610	57373	57373	8610	3	8607
48933	0	0	0	0	10841	57698	57698	10841	3	10838
49421	0	0	0	0	10353	57061	57061	10353	3	10350
50769	0	0	0	0	9005	56902	56902	9005	3	9002
48637	0	0	0	0	11137	55045	55045	11137	3	11134
49384	0	0	0	0	10390	57094	57094	10390	3	10387
51723	0	0	0	0	8051	56782	56782	8051	3	8048
49881	0	0	0	0	9893	56967	56967	9893	3	9890
49338	0	0	0	0	10436	57612	57612	10436	3	10433
50428	0	0	0	0	9346	57005	57005	9346	3	9343
49801	0	0	0	0	9973	57560	57560	9973	3	9970
50941	0	0	0	0	8833	57124	57124	8833	3	8830
50938	0	0	0	0	8836	56315	56315	8836	3	8833
50671	0	0	0	0	9103	58400	58400	9103	3	9100
50110	0	0	0	0	9664	56000	56000	9664	3	9661
51800	0	0	0	0	7974	56867	56867	7974	3	7971
50575	0	0	0	0	9199	56993	56993	9199	3	9196
52169	0	0	0	0	7605	57753	57753	7605	3	7602
50128	0	0	0	0	9646	57004	57004	9646	3	9643
50852	0	0	0	0	8922	56930	56930	8922	3	8919
49632	0	0	0	0	10142	57536	57536	10142	3	10139
48586	0	0	0	0	11188	56740	56740	11188	3	11185
49789	0	0	0	0	9985	56709	56709	9985	3	9982
49402	0	0	0	0	10372	57745	57745	10372	3	10369
49008	0	0	0	0	10766	56221	56221	10766	3	10763
50579	0	0	0	0	9195	56728	56728	9195	3	9192
51366	0	0	0	0	8408	57709	57709	8408	3	8405
47716	0	0	0	0	12058	57687	57687	12058	3	12055
49609	0	0	0	0	10165	56902	56902	10165	3	10162
51546	0	0	0	0	8228	56498	56498	8228	3	8225
49402	0	0	0	0	10372	57730	57730	10372	3	10369
49956	0	0	0	0	9818	57773	57773	9818	3	9815
48742	0	0	0	0	11032	57719	57719	11032	3	11029
48351	0	0	0	0	11423	57187	57187	11423	3	11420
50568	0	0	0	0	9206	57103	57103	9206	3	9203
49751	0	0	0	0	10023	57736	57736	10023	3	10020
49502	0	0	0	0	10272	56101	56101	10272	3	10269
49162	0	0	0	0	10612	57331	57331	10612	3	10609
49914	0	0	0	0	9860	55991	55991	9860	3	9857
47937	0	0	0	0	11837	57490	57490	11837	3	11834
50730	0	0	0	0	9044	56969	56969	9044	3	9041
47692	0	0	0	0	12082	57746	57746	12082	3	12079
50288	0	0	0	0	9486	56850	56850	9486	3	9483
48074	0	0	0	0	11700	55948	55948	11700	3	11697
49002	0	0	0	0	10772	57032	57032	10772	3	10769
48544	0	0	0	0	11230	57656	57656	11230	3	11227
50190	0	0	0	0	9584	56837	56837	9584	3	9581
50336	0	0	0	0	9438	56625	56625	9438	3	9435
48984	0	0	0	0	10790	57752	57752	10790	3	10787
51251	0	0	0	0	8523	56954	56954	8523	3	8520
49977	0	0	0	0	9797	57326	57326	9797	3	9794
49759	0	0	0	0	10015	56690	56690	10015	3	10012
50350	0	0	0	0	9424	57132	57132	9424	3	9421
49844	0	0	0	0	9930	57686	57686	9930	3	9927
49906	0	0	0	0	9868	56334	56334	9868	3	9865
48520	0	0	0	0	11254	57632	57632	11254	3	11251
50361	0	0	0	0	9413	57661	57661	9413	3	9410
48983	0	0	0	0	10791	58159	58159	10791	3	10788
49957	0	0	0	0	9817	55888	55888	9817	3	9814
49382	0	0	0	0	10392	57803	57803	10392	3	10389
49929	0	0	0	0	9845	57728	57728	9845	3	9842
50311	0	0	0	0	9463	56002	56002	9463	3	9460
50822	0	0	0	0	8952	56537	56537	8952	3	8949
50226	0	0	0	0	9548	56695	56695	9548	3	9545
50117	0	0	0	0	9657	57596	57596	9657	3	9654
52285	0	0	0	0	7489	56411	56411	7489	3	7486
52059	0	0	0	0	7715	55736	55736	7715	3	7712
50006	0	0	0	0	9768	56578	56578	9768	3	9765
49335	0	0	0	0	10439	56902	56902	10439	3	10436
48838	0	0	0	0	10936	57569	57569	10936	3	10933
47459	0	0	0	0	12315	57824	57824	12315	3	12312
49896	0	0	0	0	9878	57089	57089	9878	3	9875
48897	0	0	0	0	10877	55804	55804	10877	3	10874
50405	0	0	0	0	9369	56821	56821	9369	3	9366
49140	0	0	0	0	10634	56676	56676	10634	3	10631
48717	0	0	0	0	11057	56061	56061	11057	3	11054
50779	0	0	0	0	8995	57793	57793	8995	3	8992
50245	0	0	0	0	9529	57003	57003	9529	3	9526
50648	0	0	0	0	9126	57560	57560	9126	3	9123
48832	0	0	0	0	10942	56490	56490	10942	3	10939
49791	0	0	0	0	9983	57693	57693	9983	3	9980
49932	0	0	0	0	9842	56957	56957	9842	3	9839
51805	0	0	0	0	7969	57740	57740	7969	3	7966
49869	0	0	0	0	9905	57329	57329	9905	3	9902
49423	0	0	0	0	10351	57378	57378	10351	3	10348
51039	0	0	0	0	8735	57629	57629	8735	3	8732
51320	0	0	0	0	8454	57246	57246	8454	3	8451
49965	0	0	0	0	9809	56535	56535	9809	3	9806
50200	0	0	0	0	9574	55947	55947	9574	3	9571
49413	0	0	0	0	10361	55239	55239	10361	3	10358
49989	0	0	0	0	9785	56796	56796	9785	3	9782
48912	0	0	0	0	10862	57547	57547	10862	3	10859
49642	0	0	0	0	10132	55233	55233	10132	3	10129
49610	0	0	0	0	10164	56593	56593	10164	3	10161
50296	0	0	0	0	9478	56622	56622	9478	3	9475
51458	0	0	0	0	8316	57306	57306	8316	3	8313
50148	0	0	0	0	9626	57030	57030	9626	3	9623
49251	0	0	0	0	10523	57636	57636	10523	3	10520
50305	0	0	0	0	9469	57782	57782	9469	3	9466
49159	0	0	0	0	10615	56309	56309	10615	3	10612
48517	0	0	0	0	11257	57712	57712	11257	3	11254
49516	0	0	0	0	10258	57050	57050	10258	3	10255
50345	0	0	0	0	9429	55820	55820	9429	3	9426
51286	0	0	0	0	8488	57527	57527	8488	3	8485
52103	0	0	0	0	7671	57485	57485	7671	3	7668
48547	0	0	0	0	11227	57706	57706	11227	3	11224
50562	0	0	0	0	9212	57642	57642	9212	3	9209
49689	0	0	0	0	10085	57626	57626	10085	3	10082
49132	0	0	0	0	10642	56810	56810	10642	3	10639
49346	0	0	0	0	10428	56437	56437	10428	3	10425
51757	0	0	0	0	8017	57763	57763	8017	3	8014
51089	0	0	0	0	8685	57525	57525	8685	3	8682
49517	0	0	0	0	10257	56017	56017	10257	3	10254
49153	0	0	0	0	10621	57632	57632	10621	3	10618
50336	0	0	0	0	9438	57038	57038	9438	3	9435
51650	0	0	0	0	8124	56759	56759	8124	3	8121
48709	0	0	0	0	11065	57613	57613	11065	3	11062
50085	0	0	0	0	9689	57165	57165	9689	3	9686
49886	0	0	0	0	9888	56150	56150	9888	3	9885
48933	0	0	0	0	10841	56315	56315	10841	3	10838
50297	0	0	0	0	9477	55824	55824	9477	3	9474
49461	0	0	0	0	10313	57825	57825	10313	3	10310
50333	0	0	0	0	9441	57210	57210	9441	3	9438
47583	0	0	0	0	12191	57583	57583	12191	3	12188
49659	0	0	0	0	10115	56819	56819	10115	3	10112
51993	0	0	0	0	7781	56149	56149	7781	3	7778
48496	0	0	0	0	11278	56206	56206	11278	3	11275
49810	0	0	0	0	9964	56676	56676	9964	3	9961
51121	0	0	0	0	8653	57463	57463	8653	3	8650
49079	0	0	0	0	10695	57544	57544	10695	3	10692
51575	0	0	0	0	8199	54912	54912	8199	3	8196
48563	0	0	0	0	11211	57633	57633	11211	3	11208
49275	0	0	0	0	10499	57577	57577	10499	3	10496
50527	0	0	0	0	9247	57736	57736	9247	3	9244
49179	0	0	0	0	10595	57534	57534	10595	3	10592
50241	0	0	0	0	9533	55935	55935	9533	3	9530
51803	0	0	0	0	7971	57639	57639	7971	3	7968
48092	0	0	0	0	11682	57583	57583	11682	3	11679
50624	0	0	0	0	9150	57571	57571	9150	3	9147
49695	0	0	0	0	10079	56132	56132	10079	3	10076
51431	0	0	0	0	8343	56965	56965	8343	3	8340
50038	0	0	0	0	9736	56937	56937	9736	3	9733
51203	0	0	0	0	8571	57603	57603	8571	3	8568
50184	0	0	0	0	9590	57597	57597	9590	3	9587
49795	0	0	0	0	9979	57699	57699	9979	3	9976
50935	0	0	0	0	8839	57241	57241	8839	3	8836
51000	0	0	0	0	8774	57573	57573	8774	3	8771
50695	0	0	0	0	9079	56148	56148	9079	3	9076
51279	0	0	0	0	8495	57798	57798	8495	3	8492
48666	0	0	0	0	11108	57278	57278	11108	3	11105
52050	0	0	0	0	7724	55932	55932	7724	3	7721
49698	0	0	0	0	10076	57666	57666	10076	3	10073
49097	0	0	0	0	10677	56684	56684	10677	3	10674
50390	0	0	0	0	9384	57507	57507	9384	3	9381
50507	0	0	0	0	9267	57359	57359	9267	3	9264
49681	0	0	0	0	10093	56911	56911	10093	3	10090
51683	0	0	0	0	8091	56761	56761	8091	3	8088
51265	0	0	0	0	8509	56715	56715	8509	3	8506
49637	0	0	0	0	10137	56603	56603	10137	3	10134
50195	0	0	0	0	9579	56854	56854	9579	3	9576
49389	0	0	0	0	10385	55117	55117	10385	3	10382
50694	0	0	0	0	9080	57985	57985	9080	3	9077
49372	0	0	0	0	10402	57195	57195	10402	3	10399
48864	0	0	0	0	10910	56615	56615	10910	3	10907
50333	0	0	0	0	9441	56846	56846	9441	3	9438
49602	0	0	0	0	10172	57289	57289	10172	3	10169
49916	0	0	0	0	9858	57088	57088	9858	3	9855
48955	0	0	0	0	10819	57163	57163	10819	3	10816
51366	0	0	0	0	8408	57097	57097	8408	3	8405
50278	0	0	0	0	9496	56699	56699	9496	3	9493
48890	0	0	0	0	10884	57545	57545	10884	3	10881
50044	0	0	0	0	9730	57709	57709	9730	3	9727
49774	0	0	0	0	10000	57528	57528	10000	3	9997
51100	0	0	0	0	8674	56423	56423	8674	3	8671
50805	0	0	0	0	8969	57724	57724	8969	3	8966
49026	0	0	0	0	10748	57654	57654	10748	3	10745
47709	0	0	0	0	12065	56409	56409	12065	3	12062
49730	0	0	0	0	10044	56811	56811	10044	3	10041
49770	0	0	0	0	10004	56429	56429	10004	3	10001
50097	0	0	0	0	9677	57546	57546	9677	3	9674
49578	0	0	0	0	10196	57040	57040	10196	3	10193
51231	0	0	0	0	8543	57073	57073	8543	3	8540
49696	0	0	0	0	10078	56936	56936	10078	3	10075
52209	0	0	0	0	7565	56266	56266	7565	3	7562
49491	0	0	0	0	10283	57675	57675	10283	3	10280
50821	0	0	0	0	8953	56593	56593	8953	3	8950
48834	0	0	0	0	10940	57466	57466	10940	3	10937
49060	0	0	0	0	10714	56906	56906	10714	3	10711
51238	0	0	0	0	8536	56377	56377	8536	3	8533
49236	0	0	0	0	10538	57105	57105	10538	3	10535
49962	0	0	0	0	9812	56345	56345	9812	3	9809
50018	0	0	0	0	9756	57833	57833	9756	3	9753
48990	0	0	0	0	10784	56298	56298	10784	3	10781
50687	0	0	0	0	9087	57116	57116	9087	3	9084
49256	0	0	0	0	10518	57528	57528	10518	3	10515
48773	0	0	0	0	11001	57649	57649	11001	3	10998
49932	0	0	0	0	9842	57780	57780	9842	3	9839
50494	0	0	0	0	9280	57584	57584	9280	3	9277
49720	0	0	0	0	10054	56180	56180	10054	3	10051
49476	0	0	0	0	10298	56462	56462	10298	3	10295
48151	0	0	0	0	11623	56703	56703	11623	3	11620
49006	0	0	0	0	10768	57352	57352	10768	3	10765
49683	0	0	0	0	10091	57485	57485	10091	3	10088
51785	0	0	0	0	7989	56771	56771	7989	3	7986
48262	0	0	0	0	11512	56949	56949	11512	3	11509
49366	0	0	0	0	10408	56867	56867	10408	3	10405
48534	0	0	0	0	11240	57795	57795	11240	3	11237
50599	0	0	0	0	9175	57792	57792	9175	3	9172
51303	0	0	0	0	8471	56439	56439	8471	3	8468
48692	0	0	0	0	11082	56458	56458	11082	3	11079
49374	0	0	0	0	10400	56204	56204	10400	3	10397
51426	0	0	0	0	8348	57640	57640	8348	3	8345
50176	0	0	0	0	9598	57693	57693	9598	3	9595
50453	0	0	0	0	9321	57917	57917	9321	3	9318
49719	0	0	0	0	10055	57302	57302	10055	3	10052
50704	0	0	0	0	9070	57342	57342	9070	3	9067
48789	0	0	0	0	10985	57650	57650	10985	3	10982
49017	0	0	0	0	10757	57250	57250	10757	3	10754
51446	0	0	0	0	8328	56734	56734	8328	3	8325
49951	0	0	0	0	9823	56654	56654	9823	3	9820
49082	0	0	0	0	10692	57115	57115	10692	3	10689
50297	0	0	0	0	9477	57766	57766	9477	3	9474
51201	0	0	0	0	8573	57015	57015	8573	3	8570
50152	0	0	0	0	9622	56482	56482	9622	3	9619
50301	0	0	0	0	9473	57685	57685	9473	3	9470
50460	0	0	0	0	9314	57016	57016	9314	3	9311
48709	0	0	0	0	11065	56519	56519	11065	3	11062
49735	0	0	0	0	10039	56670	56670	10039	3	10036
50716	0	0	0	0	9058	57139	57139	9058	3	9055
49271	0	0	0	0	10503	57654	57654	10503	3	10500
48966	0	0	0	0	10808	57874	57874	10808	3	10805
49522	0	0	0	0	10252	57790	57790	10252	3	10249
48748	0	0	0	0	11026	56414	56414	11026	3	11023
49407	0	0	0	0	10367	56566	56566	10367	3	10364
48633	0	0	0	0	11141	57780	57780	11141	3	11138
50681	0	0	0	0	9093	56616	56616	9093	3	9090
49398	0	0	0	0	10376	57706	57706	10376	3	10373
49496	0	0	0	0	10278	57801	57801	10278	3	10275
49516	0	0	0	0	10258	56493	56493	10258	3	10255
49191	0	0	0	0	10583	56569	56569	10583	3	10580
50434	0	0	0	0	9340	56825	56825	9340	3	9337
48966	0	0	0	0	10808	57019	57019	10808	3	10805
50651	0	0	0	0	9123	55057	55057	9123	3	9120
50426	0	0	0	0	9348	57625	57625	9348	3	9345
52331	0	0	0	0	7443	56168	56168	7443	3	7440
49241	0	0	0	0	10533	57449	57449	10533	3	10530
49998	0	0	0	0	9776	57017	57017	9776	3	9773
48776	0	0	0	0	10998	56697	56697	10998	3	10995
50046	0	0	0	0	9728	57247	57247	9728	3	9725
49362	0	0	0	0	10412	56362	56362	10412	3	10409
51435	0	0	0	0	8339	57817	57817	8339	3	8336
48761	0	0	0	0	11013	57607	57607	11013	3	11010
50412	0	0	0	0	9362	57429	57429	9362	3	9359
48025	0	0	0	0	11749	57532	57532	11749	3	11746
50792	0	0	0	0	8982	57377	57377	8982	3	8979
49391	0	0	0	0	10383	56102	56102	10383	3	10380
48838	0	0	0	0	10936	56473	56473	10936	3	10933
48305	0	0	0	0	11469	56616	56616	11469	3	11466
51337	0	0	0	0	8437	56737	56737	8437	3	8434
51142	0	0	0	0	8632	57375	57375	8632	3	8629
50434	0	0	0	0	9340	56719	56719	9340	3	9337
48187	0	0	0	0	11587	57485	57485	11587	3	11584
50974	0	0	0	0	8800	57040	57040	8800	3	8797
49006	0	0	0	0	10768	57574	57574	10768	3	10765
49724	0	0	0	0	10050	56702	56702	10050	3	10047
50822	0	0	0	0	8952	57338	57338	8952	3	8949
51093	0	0	0	0	8681	57339	57339	8681	3	8678
49931	0	0	0	0	9843	57189	57189	9843	3	9840
50577	0	0	0	0	9197	56762	56762	9197	3	9194
50065	0	0	0	0	9709	57096	57096	9709	3	9706
49703	0	0	0	0	10071	56323	56323	10071	3	10068
50087	0	0	0	0	9687	57769	57769	9687	3	9684
51749	0	0	0	0	8025	57111	57111	8025	3	8022
49088	0	0	0	0	10686	58363	58363	10686	3	10683
49219	0	0	0	0	10555	57792	57792	10555	3	10552
49946	0	0	0	0	9828	56694	56694	9828	3	9825
49870	0	0	0	0	9904	56625	56625	9904	3	9901
49669	0	0	0	0	10105	57124	57124	10105	3	10102
48901	0	0	0	0	10873	56822	56822	10873	3	10870
50439	0	0	0	0	9335	57646	57646	9335	3	9332
50201	0	0	0	0	9573	57149	57149	9573	3	9570
48487	0	0	0	0	11287	57580	57580	11287	3	11284
48924	0	0	0	0	10850	57779	57779	10850	3	10847
51157	0	0	0	0	8617	55247	55247	8617	3	8614
49537	0	0	0	0	10237	57744	57744	10237	3	10234
50797	0	0	0	0	8977	56650	56650	8977	3	8974
50752	0	0	0	0	9022	55754	55754	9022	3	9019
50418	0	0	0	0	9356	57712	57712	9356	3	9353
50248	0	0	0	0	9526	57766	57766	9526	3	9523
50909	0	0	0	0	8865	56489	56489	8865	3	8862
51476	0	0	0	0	8298	56503	56503	8298	3	8295
51200	0	0	0	0	8574	57502	57502	8574	3	8571
49001	0	0	0	0	10773	56439	56439	10773	3	10770
48633	0	0	0	0	11141	57617	57617	11141	3	11138
49288	0	0	0	0	10486	58584	58584	10486	3	10483
48449	0	0	0	0	11325	57181	57181	11325	3	11322
48078	0	0	0	0	11696	56600	56600	11696	3	11693
50783	0	0	0	0	8991	56848	56848	8991	3	8988
49446	0	0	0	0	10328	56963	56963	10328	3	10325
51590	0	0	0	0	8184	56072	56072	8184	3	8181
48416	0	0	0	0	11358	57153	57153	11358	3	11355
49297	0	0	0	0	10477	57795	57795	10477	3	10474
51327	0	0	0	0	8447	55295	55295	8447	3	8444
49055	0	0	0	0	10719	57370	57370	10719	3	10716
49928	0	0	0	0	9846	56890	56890	9846	3	9843
49540	0	0	0	0	10234	56527	56527	10234	3	10231
49882	0	0	0	0	9892	57773	57773	9892	3	9889
50445	0	0	0	0	9329	57500	57500	9329	3	9326
50746	0	0	0	0	9028	57623	57623	9028	3	9025
49082	0	0	0	0	10692	56622	56622	10692	3	10689
51301	0	0	0	0	8473	57595	57595	8473	3	8470
51272	0	0	0	0	8502	57598	57598	8502	3	8499
49210	0	0	0	0	10564	56621	56621	10564	3	10561
50544	0	0	0	0	9230	56525	56525	9230	3	9227
50034	0	0	0	0	9740	56781	56781	9740	3	9737
50960	0	0	0	0	8814	57795	57795	8814	3	8811
50600	0	0	0	0	9174	57532	57532	9174	3	9171
48521	0	0	0	0	11253	56460	56460	11253	3	11250
49449	0	0	0	0	10325	56212	56212	10325	3	10322
49891	0	0	0	0	9883	57825	57825	9883	3	9880
51500	0	0	0	0	8274	56801	56801	8274	3	8271
50791	0	0	0	0	8983	56888	56888	8983	3	8980
50628	0	0	0	0	9146	56917	56917	9146	3	9143
50308	0	0	0	0	9466	56480	56480	9466	3	9463
50358	0	0	0	0	9416	56432	56432	9416	3	9413
49099	0	0	0	0	10675	56338	56338	10675	3	10672
50570	0	0	0	0	9204	56205	56205	9204	3	9201
49370	0	0	0	0	10404	56834	56834	10404	3	10401
48422	0	0	0	0	11352	56795	56795	11352	3	11349
49914	0	0	0	0	9860	57552	57552	9860	3	9857
49926	0	0	0	0	9848	57658	57658	9848	3	9845
50011	0	0	0	0	9763	56890	56890	9763	3	9760
50391	0	0	0	0	9383	56298	56298	9383	3	9380
50577	0	0	0	0	9197	57144	57144	9197	3	9194
50988	0	0	0	0	8786	57141	57141	8786	3	8783
49335	0	0	0	0	10439	56181	56181	10439	3	10436
51541	0	0	0	0	8233	56994	56994	8233	3	8230
50560	0	0	0	0	9214	56636	56636	9214	3	9211
51350	0	0	0	0	8424	57558	57558	8424	3	8421
50046	0	0	0	0	9728	56812	56812	9728	3	9725
48900	0	0	0	0	10874	57671	57671	10874	3	10871
50126	0	0	0	0	9648	56911	56911	9648	3	9645
49490	0	0	0	0	10284	56533	56533	10284	3	10281
51198	0	0	0	0	8576	56647	56647	8576	3	8573
50714	0	0	0	0	9060	58596	58596	9060	3	9057
50244	0	0	0	0	9530	57514	57514	9530	3	9527
48995	0	0	0	0	10779	57229	57229	10779	3	10776
48589	0	0	0	0	11185	57758	57758	11185	3	11182
51689	0	0	0	0	8085	57382	57382	8085	3	8082
48303	0	0	0	0	11471	57666	57666	11471	3	11468
51142	0	0	0	0	8632	56599	56599	8632	3	8629
49918	0	0	0	0	9856	57566	57566	9856	3	9853
51068	0	0	0	0	8706	54166	54166	8706	3	8703
50382	0	0	0	0	9392	57711	57711	9392	3	9389
49776	0	0	0	0	9998	55629	55629	9998	3	9995
49476	0	0	0	0	10298	57506	57506	10298	3	10295
48692	0	0	0	0	11082	57411	57411	11082	3	11079
50552	0	0	0	0	9222	56606	56606	9222	3	9219
49392	0	0	0	0	10382	57580	57580	10382	3	10379
48485	0	0	0	0	11289	57608	57608	11289	3	11286
49837	0	0	0	0	9937	57728	57728	9937	3	9934
50185	0	0	0	0	9589	56053	56053	9589	3	9586
49413	0	0	0	0	10361	57546	57546	10361	3	10358
51125	0	0	0	0	8649	57035	57035	8649	3	8646
49785	0	0	0	0	9989	56724	56724	9989	3	9986
49482	0	0	0	0	10292	57642	57642	10292	3	10289
50018	0	0	0	0	9756	57795	57795	9756	3	9753
49350	0	0	0	0	10424	56533	56533	10424	3	10421
50242	0	0	0	0	9532	57782	57782	9532	3	9529
48352	0	0	0	0	11422	56280	56280	11422	3	11419
50205	0	0	0	0	9569	55383	55383	9569	3	9566
49355	0	0	0	0	10419	56787	56787	10419	3	10416
49914	0	0	0	0	9860	57708	57708	9860	3	9857
51317	0	0	0	0	8457	56283	56283	8457	3	8454
51186	0	0	0	0	8588	56646	56646	8588	3	8585
48195	0	0	0	0	11579	57586	57586	11579	3	11576
50903	0	0	0	0	8871	54405	54405	8871	3	8868
50572	0	0	0	0	9202	57143	57143	9202	3	9199
50254	0	0	0	0	9520	57762	57762	9520	3	9517
50306	0	0	0	0	9468	53866	53866	9468	3	9465
49625	0	0	0	0	10149	57630	57630	10149	3	10146
50129	0	0	0	0	9645	58397	58397	9645	3	9642
50000	0	0	0	0	9774	56962	56962	9774	3	9771
51652	0	0	0	0	8122	57269	57269	8122	3	8119
49523	0	0	0	0	10251	57889	57889	10251	3	10248
48659	0	0	0	0	11115	56844	56844	11115	3	11112
49265	0	0	0	0	10509	56601	56601	10509	3	10506
49434	0	0	0	0	10340	56556	56556	10340	3	10337
50516	0	0	0	0	9258	56632	56632	9258	3	9255
49514	0	0	0	0	10260	57714	57714	10260	3	10257
50618	0	0	0	0	9156	56233	56233	9156	3	9153
49154	0	0	0	0	10620	58461	58461	10620	3	10617
49070	0	0	0	0	10704	54492	54492	10704	3	10701
50461	0	0	0	0	9313	57719	57719	9313	3	9310
50540	0	0	0	0	9234	54129	54129	9234	3	9231
51054	0	0	0	0	8720	57096	57096	8720	3	8717
49026	0	0	0	0	10748	55775	55775	10748	3	10745
50301	0	0	0	0	9473	57314	57314	9473	3	9470
48814	0	0	0	0	10960	57527	57527	10960	3	10957
48307	0	0	0	0	11467	57521	57521	11467	3	11464
49986	0	0	0	0	9788	56787	56787	9788	3	9785
48508	0	0	0	0	11266	56704	56704	11266	3	11263
49161	0	0	0	0	10613	56608	56608	10613	3	10610
50505	0	0	0	0	9269	57583	57583	9269	3	9266
49872	0	0	0	0	9902	57437	57437	9902	3	9899
48796	0	0	0	0	10978	54338	54338	10978	3	10975
49401	0	0	0	0	10373	57417	57417	10373	3	10370
49627	0	0	0	0	10147	57486	57486	10147	3	10144
51260	0	0	0	0	8514	56229	56229	8514	3	8511
49716	0	0	0	0	10058	56433	56433	10058	3	10055
