59058	0	0	0	0	716	53856	0	716	3	713
58334	0	0	0	0	1440	54245	0	1440	3	1437
58961	0	0	0	0	813	53600	0	813	3	810
58838	0	0	0	0	936	53848	0	936	3	933
58912	0	0	0	0	862	53886	0	862	3	859
59078	0	0	0	0	696	53969	0	696	3	693
59112	0	0	0	0	662	53413	0	662	3	659
58658	0	0	0	0	1116	54004	0	1116	3	1113
57611	0	0	0	0	2163	54354	0	2163	3	2160
58550	0	0	0	0	1224	53806	0	1224	3	1221
59089	0	0	0	0	685	53276	0	685	3	682
59150	0	0	0	0	624	53478	0	624	3	621
59225	0	0	0	0	549	53912	0	549	3	546
58552	0	0	0	0	1222	53848	0	1222	3	1219
58928	0	0	0	0	846	53822	0	846	3	843
59484	0	0	0	0	290	53281	0	290	3	287
58967	0	0	0	0	807	53332	0	807	3	804
58719	0	0	0	0	1055	53756	0	1055	3	1052
57848	0	0	0	0	1926	54216	0	1926	3	1923
59366	0	0	0	0	408	53847	0	408	3	405
59126	0	0	0	0	648	53333	0	648	3	645
58729	0	0	0	0	1045	53995	0	1045	3	1042
59009	0	0	0	0	765	53627	0	765	3	762
59213	0	0	0	0	561	53881	0	561	3	558
58442	0	0	0	0	1332	54060	0	1332	3	1329
58902	0	0	0	0	872	53926	0	872	3	869
58676	0	0	0	0	1098	53824	0	1098	3	1095
59224	0	0	0	0	550	53967	0	550	3	547
59140	0	0	0	0	634	53145	0	634	3	631
59312	0	0	0	0	462	53788	0	462	3	459
59443	0	0	0	0	331	52111	0	331	3	328
59262	0	0	0	0	512	53381	0	512	3	509
59243	0	0	0	0	531	52555	0	531	3	528
58407	0	0	0	0	1367	54000	0	1367	3	1364
58383	0	0	0	0	1391	53955	0	1391	3	1388
58761	0	0	0	0	1013	53724	0	1013	3	1010
57389	0	0	0	0	2385	54250	0	2385	3	2382
58796	0	0	0	0	978	53240	0	978	3	975
59096	0	0	0	0	678	53874	0	678	3	675
59287	0	0	0	0	487	53347	0	487	3	484
57810	0	0	0	0	1964	53996	0	1964	3	1961
59132	0	0	0	0	642	54007	0	642	3	639
58816	0	0	0	0	958	53824	0	958	3	955
59126	0	0	0	0	648	53325	0	648	3	645
59202	0	0	0	0	572	53525	0	572	3	569
59085	0	0	0	0	689	52581	0	689	3	686
58688	0	0	0	0	1086	53917	0	1086	3	1083
58022	0	0	0	0	1752	53938	0	1752	3	1749
59177	0	0	0	0	597	52235	0	597	3	594
59085	0	0	0	0	689	53730	0	689	3	686
58336	0	0	0	0	1438	54068	0	1438	3	1435
58740	0	0	0	0	1034	53933	0	1034	3	1031
58964	0	0	0	0	810	53508	0	810	3	807
58749	0	0	0	0	1025	53886	0	1025	3	1022
59058	0	0	0	0	716	53610	0	716	3	713
58876	0	0	0	0	898	53801	0	898	3	895
58787	0	0	0	0	987	53651	0	987	3	984
58528	0	0	0	0	1246	53685	0	1246	3	1243
58669	0	0	0	0	1105	53838	0	1105	3	1102
58765	0	0	0	0	1009	53824	0	1009	3	1006
59249	0	0	0	0	525	53053	0	525	3	522
58217	0	0	0	0	1557	54197	0	1557	3	1554
59118	0	0	0	0	656	53209	0	656	3	653
59272	0	0	0	0	502	52953	0	502	3	499
58729	0	0	0	0	1045	53756	0	1045	3	1042
59179	0	0	0	0	595	52890	0	595	3	592
58870	0	0	0	0	904	53715	0	904	3	901
59129	0	0	0	0	645	53614	0	645	3	642
58907	0	0	0	0	867	54035	0	867	3	864
59184	0	0	0	0	590	53180	0	590	3	587
59431	0	0	0	0	343	52937	0	343	3	340
58685	0	0	0	0	1089	53762	0	1089	3	1086
58980	0	0	0	0	794	53942	0	794	3	791
59192	0	0	0	0	582	53606	0	582	3	579
57467	0	0	0	0	2307	54245	0	2307	3	2304
58891	0	0	0	0	883	53976	0	883	3	880
59502	0	0	0	0	272	52043	0	272	3	269
59272	0	0	0	0	502	53290	0	502	3	499
59140	0	0	0	0	634	52575	0	634	3	631
58964	0	0	0	0	810	53461	0	810	3	807
58852	0	0	0	0	922	53889	0	922	3	919
58843	0	0	0	0	931	53582	0	931	3	928
58616	0	0	0	0	1158	53918	0	1158	3	1155
59336	0	0	0	0	438	53876	0	438	3	435
59272	0	0	0	0	502	53404	0	502	3	499
58937	0	0	0	0	837	52331	0	837	3	834
59205	0	0	0	0	569	52924	0	569	3	566
58727	0	0	0	0	1047	53562	0	1047	3	1044
58298	0	0	0	0	1476	53915	0	1476	3	1473
58554	0	0	0	0	1220	54012	0	1220	3	1217
59268	0	0	0	0	506	53842	0	506	3	503
57930	0	0	0	0	1844	54027	0	1844	3	1841
58617	0	0	0	0	1157	53839	0	1157	3	1154
58646	0	0	0	0	1128	53983	0	1128	3	1125
58202	0	0	0	0	1572	53972	0	1572	3	1569
58817	0	0	0	0	957	53443	0	957	3	954
58961	0	0	0	0	813	53330	0	813	3	810
58682	0	0	0	0	1092	53774	0	1092	3	1089
58991	0	0	0	0	783	52355	0	783	3	780
59205	0	0	0	0	569	53693	0	569	3	566
57565	0	0	0	0	2209	54390	0	2209	3	2206
57693	0	0	0	0	2081	54025	0	2081	3	2078
57921	0	0	0	0	1853	54098	0	1853	3	1850
58881	0	0	0	0	893	53786	0	893	3	890
58682	0	0	0	0	1092	53815	0	1092	3	1089
57854	0	0	0	0	1920	54027	0	1920	3	1917
59184	0	0	0	0	590	53308	0	590	3	587
58412	0	0	0	0	1362	53992	0	1362	3	1359
58558	0	0	0	0	1216	53806	0	1216	3	1213
58765	0	0	0	0	1009	53735	0	1009	3	1006
58098	0	0	0	0	1676	54288	0	1676	3	1673
59136	0	0	0	0	638	53848	0	638	3	635
58892	0	0	0	0	882	53780	0	882	3	879
59160	0	0	0	0	614	53382	0	614	3	611
57456	0	0	0	0	2318	54395	0	2318	3	2315
59133	0	0	0	0	641	53400	0	641	3	638
58356	0	0	0	0	1418	54062	0	1418	3	1415
58969	0	0	0	0	805	53736	0	805	3	802
59351	0	0	0	0	423	52313	0	423	3	420
58422	0	0	0	0	1352	53969	0	1352	3	1349
59147	0	0	0	0	627	53458	0	627	3	624
58513	0	0	0	0	1261	53801	0	1261	3	1258
58861	0	0	0	0	913	53929	0	913	3	910
59240	0	0	0	0	534	53485	0	534	3	531
58358	0	0	0	0	1416	54020	0	1416	3	1413
57866	0	0	0	0	1908	54433	0	1908	3	1905
58930	0	0	0	0	844	53611	0	844	3	841
58695	0	0	0	0	1079	53924	0	1079	3	1076
58389	0	0	0	0	1385	53933	0	1385	3	1382
58734	0	0	0	0	1040	53779	0	1040	3	1037
58737	0	0	0	0	1037	53871	0	1037	3	1034
59256	0	0	0	0	518	52713	0	518	3	515
59005	0	0	0	0	769	53690	0	769	3	766
58848	0	0	0	0	926	53912	0	926	3	923
58694	0	0	0	0	1080	53993	0	1080	3	1077
59031	0	0	0	0	743	53629	0	743	3	740
59147	0	0	0	0	627	53972	0	627	3	624
58458	0	0	0	0	1316	54252	0	1316	3	1313
59231	0	0	0	0	543	53716	0	543	3	540
58630	0	0	0	0	1144	54065	0	1144	3	1141
59489	0	0	0	0	285	51777	0	285	3	282
58942	0	0	0	0	832	53618	0	832	3	829
58723	0	0	0	0	1051	53576	0	1051	3	1048
59154	0	0	0	0	620	53212	0	620	3	617
59158	0	0	0	0	616	53320	0	616	3	613
59134	0	0	0	0	640	53116	0	640	3	637
58631	0	0	0	0	1143	53948	0	1143	3	1140
59460	0	0	0	0	314	53026	0	314	3	311
58698	0	0	0	0	1076	53810	0	1076	3	1073
58363	0	0	0	0	1411	53971	0	1411	3	1408
58662	0	0	0	0	1112	53792	0	1112	3	1109
59174	0	0	0	0	600	53834	0	600	3	597
58730	0	0	0	0	1044	53454	0	1044	3	1041
59132	0	0	0	0	642	53410	0	642	3	639
58624	0	0	0	0	1150	53707	0	1150	3	1147
57509	0	0	0	0	2265	54230	0	2265	3	2262
57848	0	0	0	0	1926	54229	0	1926	3	1923
59215	0	0	0	0	559	53448	0	559	3	556
58727	0	0	0	0	1047	54017	0	1047	3	1044
58606	0	0	0	0	1168	54055	0	1168	3	1165
58772	0	0	0	0	1002	53976	0	1002	3	999
59419	0	0	0	0	355	53238	0	355	3	352
59098	0	0	0	0	676	53980	0	676	3	673
58765	0	0	0	0	1009	53958	0	1009	3	1006
59073	0	0	0	0	701	53517	0	701	3	698
59085	0	0	0	0	689	52268	0	689	3	686
59081	0	0	0	0	693	53548	0	693	3	690
59170	0	0	0	0	604	53585	0	604	3	601
58577	0	0	0	0	1197	53900	0	1197	3	1194
59177	0	0	0	0	597	53824	0	597	3	594
58838	0	0	0	0	936	53672	0	936	3	933
58858	0	0	0	0	916	53968	0	916	3	913
57439	0	0	0	0	2335	53970	0	2335	3	2332
59150	0	0	0	0	624	53877	0	624	3	621
59042	0	0	0	0	732	53429	0	732	3	729
58073	0	0	0	0	1701	53997	0	1701	3	1698
59200	0	0	0	0	574	53813	0	574	3	571
59078	0	0	0	0	696	53646	0	696	3	693
58433	0	0	0	0	1341	53957	0	1341	3	1338
58716	0	0	0	0	1058	53816	0	1058	3	1055
59090	0	0	0	0	684	53292	0	684	3	681
59081	0	0	0	0	693	53193	0	693	3	690
58779	0	0	0	0	995	54046	0	995	3	992
59202	0	0	0	0	572	53028	0	572	3	569
58576	0	0	0	0	1198	53447	0	1198	3	1195
57209	0	0	0	0	2565	54356	0	2565	3	2562
57275	0	0	0	0	2499	54286	0	2499	3	2496
59225	0	0	0	0	549	53280	0	549	3	546
58958	0	0	0	0	816	53292	0	816	3	813
58815	0	0	0	0	959	53778	0	959	3	956
58781	0	0	0	0	993	53530	0	993	3	990
58591	0	0	0	0	1183	53922	0	1183	3	1180
58748	0	0	0	0	1026	53834	0	1026	3	1023
57779	0	0	0	0	1995	54023	0	1995	3	1992
58907	0	0	0	0	867	53854	0	867	3	864
59205	0	0	0	0	569	52773	0	569	3	566
58813	0	0	0	0	961	53845	0	961	3	958
59150	0	0	0	0	624	53445	0	624	3	621
59271	0	0	0	0	503	53796	0	503	3	500
58604	0	0	0	0	1170	53777	0	1170	3	1167
57296	0	0	0	0	2478	54207	0	2478	3	2475
57926	0	0	0	0	1848	54226	0	1848	3	1845
59321	0	0	0	0	453	52887	0	453	3	450
57700	0	0	0	0	2074	54008	0	2074	3	2071
59102	0	0	0	0	672	53801	0	672	3	669
59252	0	0	0	0	522	53269	0	522	3	519
58900	0	0	0	0	874	53542	0	874	3	871
59176	0	0	0	0	598	53205	0	598	3	595
58275	0	0	0	0	1499	53977	0	1499	3	1496
59075	0	0	0	0	699	53623	0	699	3	696
58696	0	0	0	0	1078	53924	0	1078	3	1075
59101	0	0	0	0	673	53829	0	673	3	670
58470	0	0	0	0	1304	54243	0	1304	3	1301
58927	0	0	0	0	847	53892	0	847	3	844
58709	0	0	0	0	1065	53900	0	1065	3	1062
59246	0	0	0	0	528	52896	0	528	3	525
58406	0	0	0	0	1368	53919	0	1368	3	1365
58573	0	0	0	0	1201	53791	0	1201	3	1198
57337	0	0	0	0	2437	54331	0	2437	3	2434
59264	0	0	0	0	510	53192	0	510	3	507
59306	0	0	0	0	468	53373	0	468	3	465
59110	0	0	0	0	664	53407	0	664	3	661
58691	0	0	0	0	1083	53592	0	1083	3	1080
59282	0	0	0	0	492	52338	0	492	3	489
58384	0	0	0	0	1390	53845	0	1390	3	1387
57439	0	0	0	0	2335	54368	0	2335	3	2332
58612	0	0	0	0	1162	53928	0	1162	3	1159
58691	0	0	0	0	1083	54373	0	1083	3	1080
57773	0	0	0	0	2001	53964	0	2001	3	1998
58763	0	0	0	0	1011	53729	0	1011	3	1008
59280	0	0	0	0	494	52473	0	494	3	491
58704	0	0	0	0	1070	53928	0	1070	3	1067
58987	0	0	0	0	787	53745	0	787	3	784
58588	0	0	0	0	1186	53825	0	1186	3	1183
59194	0	0	0	0	580	53404	0	580	3	577
58517	0	0	0	0	1257	53998	0	1257	3	1254
58901	0	0	0	0	873	53636	0	873	3	870
57264	0	0	0	0	2510	54007	0	2510	3	2507
58253	0	0	0	0	1521	54332	0	1521	3	1518
58931	0	0	0	0	843	53911	0	843	3	840
58231	0	0	0	0	1543	53946	0	1543	3	1540
58995	0	0	0	0	779	53524	0	779	3	776
59095	0	0	0	0	679	52385	0	679	3	676
58577	0	0	0	0	1197	53818	0	1197	3	1194
58586	0	0	0	0	1188	53344	0	1188	3	1185
58991	0	0	0	0	783	54003	0	783	3	780
58441	0	0	0	0	1333	53929	0	1333	3	1330
58852	0	0	0	0	922	53938	0	922	3	919
58932	0	0	0	0	842	53735	0	842	3	839
58801	0	0	0	0	973	53976	0	973	3	970
58972	0	0	0	0	802	53933	0	802	3	799
59115	0	0	0	0	659	52410	0	659	3	656
57997	0	0	0	0	1777	54121	0	1777	3	1774
59170	0	0	0	0	604	53895	0	604	3	601
57064	0	0	0	0	2710	54334	0	2710	3	2707
58806	0	0	0	0	968	53746	0	968	3	965
58824	0	0	0	0	950	53696	0	950	3	947
58761	0	0	0	0	1013	53930	0	1013	3	1010
58402	0	0	0	0	1372	54126	0	1372	3	1369
58937	0	0	0	0	837	53950	0	837	3	834
59414	0	0	0	0	360	52916	0	360	3	357
59546	0	0	0	0	228	53765	0	228	3	225
59263	0	0	0	0	511	53070	0	511	3	508
57238	0	0	0	0	2536	54142	0	2536	3	2533
58956	0	0	0	0	818	53863	0	818	3	815
58591	0	0	0	0	1183	53953	0	1183	3	1180
58948	0	0	0	0	826	53903	0	826	3	823
58966	0	0	0	0	808	53988	0	808	3	805
59335	0	0	0	0	439	53230	0	439	3	436
59253	0	0	0	0	521	53955	0	521	3	518
58474	0	0	0	0	1300	53975	0	1300	3	1297
58960	0	0	0	0	814	53501	0	814	3	811
58787	0	0	0	0	987	53956	0	987	3	984
58772	0	0	0	0	1002	53715	0	1002	3	999
59304	0	0	0	0	470	52941	0	470	3	467
59010	0	0	0	0	764	53454	0	764	3	761
57999	0	0	0	0	1775	54225	0	1775	3	1772
58930	0	0	0	0	844	53401	0	844	3	841
58897	0	0	0	0	877	53458	0	877	3	874
57526	0	0	0	0	2248	54355	0	2248	3	2245
58844	0	0	0	0	930	53963	0	930	3	927
58969	0	0	0	0	805	53821	0	805	3	802
59224	0	0	0	0	550	53043	0	550	3	547
58475	0	0	0	0	1299	53741	0	1299	3	1296
58915	0	0	0	0	859	53586	0	859	3	856
58627	0	0	0	0	1147	53947	0	1147	3	1144
57585	0	0	0	0	2189	54097	0	2189	3	2186
56971	0	0	0	0	2803	54252	0	2803	3	2800
58728	0	0	0	0	1046	53403	0	1046	3	1043
59271	0	0	0	0	503	53903	0	503	3	500
58847	0	0	0	0	927	53751	0	927	3	924
59084	0	0	0	0	690	53894	0	690	3	687
59335	0	0	0	0	439	52548	0	439	3	436
59196	0	0	0	0	578	53412	0	578	3	575
59290	0	0	0	0	484	53766	0	484	3	481
57610	0	0	0	0	2164	53965	0	2164	3	2161
57440	0	0	0	0	2334	54289	0	2334	3	2331
59106	0	0	0	0	668	53628	0	668	3	665
58632	0	0	0	0	1142	53600	0	1142	3	1139
58738	0	0	0	0	1036	53913	0	1036	3	1033
58995	0	0	0	0	779	52794	0	779	3	776
57714	0	0	0	0	2060	53981	0	2060	3	2057
59068	0	0	0	0	706	53826	0	706	3	703
58929	0	0	0	0	845	53708	0	845	3	842
58739	0	0	0	0	1035	53956	0	1035	3	1032
58415	0	0	0	0	1359	54268	0	1359	3	1356
58676	0	0	0	0	1098	53953	0	1098	3	1095
59375	0	0	0	0	399	52857	0	399	3	396
58517	0	0	0	0	1257	53852	0	1257	3	1254
57202	0	0	0	0	2572	54395	0	2572	3	2569
59224	0	0	0	0	550	52916	0	550	3	547
57861	0	0	0	0	1913	54016	0	1913	3	1910
58120	0	0	0	0	1654	53898	0	1654	3	1651
57951	0	0	0	0	1823	54065	0	1823	3	1820
58348	0	0	0	0	1426	53924	0	1426	3	1423
58958	0	0	0	0	816	53878	0	816	3	813
59007	0	0	0	0	767	53427	0	767	3	764
59007	0	0	0	0	767	53024	0	767	3	764
57942	0	0	0	0	1832	53913	0	1832	3	1829
58941	0	0	0	0	833	53565	0	833	3	830
58984	0	0	0	0	790	53790	0	790	3	787
59035	0	0	0	0	739	53305	0	739	3	736
58147	0	0	0	0	1627	53769	0	1627	3	1624
58709	0	0	0	0	1065	53826	0	1065	3	1062
58934	0	0	0	0	840	53616	0	840	3	837
58577	0	0	0	0	1197	53804	0	1197	3	1194
58843	0	0	0	0	931	53713	0	931	3	928
59283	0	0	0	0	491	53222	0	491	3	488
58899	0	0	0	0	875	53358	0	875	3	872
58684	0	0	0	0	1090	53827	0	1090	3	1087
58664	0	0	0	0	1110	53850	0	1110	3	1107
58946	0	0	0	0	828	53749	0	828	3	825
58829	0	0	0	0	945	54015	0	945	3	942
59208	0	0	0	0	566	53064	0	566	3	563
58059	0	0	0	0	1715	54044	0	1715	3	1712
58672	0	0	0	0	1102	53411	0	1102	3	1099
58802	0	0	0	0	972	53999	0	972	3	969
57326	0	0	0	0	2448	54401	0	2448	3	2445
58892	0	0	0	0	882	53971	0	882	3	879
59498	0	0	0	0	276	51722	0	276	3	273
57456	0	0	0	0	2318	54345	0	2318	3	2315
58899	0	0	0	0	875	53770	0	875	3	872
58862	0	0	0	0	912	53730	0	912	3	909
59197	0	0	0	0	577	53881	0	577	3	574
59011	0	0	0	0	763	53334	0	763	3	760
58900	0	0	0	0	874	53910	0	874	3	871
59148	0	0	0	0	626	54002	0	626	3	623
59467	0	0	0	0	307	52256	0	307	3	304
58209	0	0	0	0	1565	54002	0	1565	3	1562
59212	0	0	0	0	562	53258	0	562	3	559
59013	0	0	0	0	761	53482	0	761	3	758
59495	0	0	0	0	279	51588	0	279	3	276
58707	0	0	0	0	1067	53857	0	1067	3	1064
59094	0	0	0	0	680	53919	0	680	3	677
58434	0	0	0	0	1340	54019	0	1340	3	1337
58923	0	0	0	0	851	53829	0	851	3	848
58471	0	0	0	0	1303	53969	0	1303	3	1300
58065	0	0	0	0	1709	54027	0	1709	3	1706
58872	0	0	0	0	902	53643	0	902	3	899
57352	0	0	0	0	2422	53982	0	2422	3	2419
58798	0	0	0	0	976	53924	0	976	3	973
58502	0	0	0	0	1272	53937	0	1272	3	1269
58491	0	0	0	0	1283	53786	0	1283	3	1280
59014	0	0	0	0	760	53544	0	760	3	757
58768	0	0	0	0	1006	53726	0	1006	3	1003
59264	0	0	0	0	510	53167	0	510	3	507
58593	0	0	0	0	1181	53988	0	1181	3	1178
58151	0	0	0	0	1623	53944	0	1623	3	1620
58810	0	0	0	0	964	53937	0	964	3	961
59177	0	0	0	0	597	53571	0	597	3	594
58588	0	0	0	0	1186	53466	0	1186	3	1183
59016	0	0	0	0	758	53918	0	758	3	755
59243	0	0	0	0	531	52180	0	531	3	528
58734	0	0	0	0	1040	53594	0	1040	3	1037
57623	0	0	0	0	2151	53885	0	2151	3	2148
57935	0	0	0	0	1839	54048	0	1839	3	1836
58987	0	0	0	0	787	53734	0	787	3	784
59555	0	0	0	0	219	53500	0	219	3	216
59081	0	0	0	0	693	53013	0	693	3	690
58200	0	0	0	0	1574	54361	0	1574	3	1571
58542	0	0	0	0	1232	53895	0	1232	3	1229
58923	0	0	0	0	851	53998	0	851	3	848
58999	0	0	0	0	775	53886	0	775	3	772
58875	0	0	0	0	899	53833	0	899	3	896
58911	0	0	0	0	863	53937	0	863	3	860
59473	0	0	0	0	301	52041	0	301	3	298
58021	0	0	0	0	1753	54069	0	1753	3	1750
58779	0	0	0	0	995	54069	0	995	3	992
58390	0	0	0	0	1384	54115	0	1384	3	1381
58738	0	0	0	0	1036	53816	0	1036	3	1033
59195	0	0	0	0	579	52747	0	579	3	576
59209	0	0	0	0	565	53634	0	565	3	562
57877	0	0	0	0	1897	54233	0	1897	3	1894
59213	0	0	0	0	561	53864	0	561	3	558
58389	0	0	0	0	1385	54013	0	1385	3	1382
58717	0	0	0	0	1057	53999	0	1057	3	1054
58532	0	0	0	0	1242	53831	0	1242	3	1239
58459	0	0	0	0	1315	53987	0	1315	3	1312
57807	0	0	0	0	1967	53978	0	1967	3	1964
58989	0	0	0	0	785	53204	0	785	3	782
59165	0	0	0	0	609	52400	0	609	3	606
58876	0	0	0	0	898	53768	0	898	3	895
58802	0	0	0	0	972	53929	0	972	3	969
57297	0	0	0	0	2477	54065	0	2477	3	2474
59265	0	0	0	0	509	53829	0	509	3	506
59161	0	0	0	0	613	53937	0	613	3	610
57805	0	0	0	0	1969	54066	0	1969	3	1966
58368	0	0	0	0	1406	54087	0	1406	3	1403
59374	0	0	0	0	400	52108	0	400	3	397
58863	0	0	0	0	911	53564	0	911	3	908
58146	0	0	0	0	1628	53997	0	1628	3	1625
57695	0	0	0	0	2079	54077	0	2079	3	2076
58908	0	0	0	0	866	53996	0	866	3	863
58907	0	0	0	0	867	53819	0	867	3	864
57487	0	0	0	0	2287	54259	0	2287	3	2284
59067	0	0	0	0	707	53340	0	707	3	704
57556	0	0	0	0	2218	54359	0	2218	3	2215
59319	0	0	0	0	455	53172	0	455	3	452
59095	0	0	0	0	679	53833	0	679	3	676
59036	0	0	0	0	738	53709	0	738	3	735
59259	0	0	0	0	515	53419	0	515	3	512
58499	0	0	0	0	1275	53653	0	1275	3	1272
58932	0	0	0	0	842	53265	0	842	3	839
59208	0	0	0	0	566	53144	0	566	3	563
59303	0	0	0	0	471	53220	0	471	3	468
59510	0	0	0	0	264	52330	0	264	3	261
57929	0	0	0	0	1845	53987	0	1845	3	1842
59066	0	0	0	0	708	53854	0	708	3	705
58375	0	0	0	0	1399	54053	0	1399	3	1396
58363	0	0	0	0	1411	53980	0	1411	3	1408
59167	0	0	0	0	607	53427	0	607	3	604
58858	0	0	0	0	916	53765	0	916	3	913
59125	0	0	0	0	649	52959	0	649	3	646
58182	0	0	0	0	1592	54255	0	1592	3	1589
58921	0	0	0	0	853	53598	0	853	3	850
58281	0	0	0	0	1493	54339	0	1493	3	1490
58733	0	0	0	0	1041	54018	0	1041	3	1038
59044	0	0	0	0	730	53365	0	730	3	727
59225	0	0	0	0	549	53602	0	549	3	546
58614	0	0	0	0	1160	54029	0	1160	3	1157
58160	0	0	0	0	1614	53944	0	1614	3	1611
58894	0	0	0	0	880	53686	0	880	3	877
59119	0	0	0	0	655	53966	0	655	3	652
59301	0	0	0	0	473	52394	0	473	3	470
57659	0	0	0	0	2115	53963	0	2115	3	2112
59194	0	0	0	0	580	52871	0	580	3	577
59056	0	0	0	0	718	52530	0	718	3	715
57908	0	0	0	0	1866	53813	0	1866	3	1863
58669	0	0	0	0	1105	53767	0	1105	3	1102
58585	0	0	0	0	1189	54024	0	1189	3	1186
59072	0	0	0	0	702	52895	0	702	3	699
58465	0	0	0	0	1309	53659	0	1309	3	1306
59153	0	0	0	0	621	53328	0	621	3	618
57045	0	0	0	0	2729	54278	0	2729	3	2726
58586	0	0	0	0	1188	53979	0	1188	3	1185
58611	0	0	0	0	1163	53851	0	1163	3	1160
59441	0	0	0	0	333	52125	0	333	3	330
58577	0	0	0	0	1197	53921	0	1197	3	1194
58663	0	0	0	0	1111	53829	0	1111	3	1108
59377	0	0	0	0	397	53004	0	397	3	394
57787	0	0	0	0	1987	54291	0	1987	3	1984
59289	0	0	0	0	485	53171	0	485	3	482
58673	0	0	0	0	1101	53953	0	1101	3	1098
58782	0	0	0	0	992	53784	0	992	3	989
57965	0	0	0	0	1809	54000	0	1809	3	1806
58865	0	0	0	0	909	54169	0	909	3	906
57315	0	0	0	0	2459	54245	0	2459	3	2456
58056	0	0	0	0	1718	53947	0	1718	3	1715
58374	0	0	0	0	1400	53886	0	1400	3	1397
59116	0	0	0	0	658	53909	0	658	3	655
59131	0	0	0	0	643	53312	0	643	3	640
58879	0	0	0	0	895	53882	0	895	3	892
59004	0	0	0	0	770	53564	0	770	3	767
59439	0	0	0	0	335	52421	0	335	3	332
59274	0	0	0	0	500	53775	0	500	3	497
58909	0	0	0	0	865	53850	0	865	3	862
58489	0	0	0	0	1285	53909	0	1285	3	1282
59054	0	0	0	0	720	53249	0	720	3	717
58226	0	0	0	0	1548	53908	0	1548	3	1545
58945	0	0	0	0	829	53902	0	829	3	826
59315	0	0	0	0	459	52534	0	459	3	456
58749	0	0	0	0	1025	53787	0	1025	3	1022
59031	0	0	0	0	743	53814	0	743	3	740
59223	0	0	0	0	551	53481	0	551	3	548
59130	0	0	0	0	644	53039	0	644	3	641
58949	0	0	0	0	825	53817	0	825	3	822
58524	0	0	0	0	1250	53781	0	1250	3	1247
58717	0	0	0	0	1057	53623	0	1057	3	1054
59034	0	0	0	0	740	53800	0	740	3	737
58763	0	0	0	0	1011	53763	0	1011	3	1008
59573	0	0	0	0	201	51758	0	201	3	198
59465	0	0	0	0	309	52165	0	309	3	306
59023	0	0	0	0	751	53516	0	751	3	748
58823	0	0	0	0	951	53932	0	951	3	948
58948	0	0	0	0	826	53057	0	826	3	823
58668	0	0	0	0	1106	53986	0	1106	3	1103
58590	0	0	0	0	1184	53910	0	1184	3	1181
59160	0	0	0	0	614	53217	0	614	3	611
58467	0	0	0	0	1307	53890	0	1307	3	1304
58063	0	0	0	0	1711	54006	0	1711	3	1708
