58751	0	0	0	0	1023	56243	56243	1023	3	1020
58857	0	0	0	0	917	55156	55156	917	3	914
58720	0	0	0	0	1054	56591	56591	1054	3	1051
58039	0	0	0	0	1735	56470	56470	1735	3	1732
58849	0	0	0	0	925	55326	55326	925	3	922
59089	0	0	0	0	685	57779	57779	685	3	682
58462	0	0	0	0	1312	56522	56522	1312	3	1309
59203	0	0	0	0	571	50801	50801	571	3	568
58825	0	0	0	0	949	54532	54532	949	3	946
59081	0	0	0	0	693	52567	52567	693	3	690
58225	0	0	0	0	1549	56730	56730	1549	3	1546
58004	0	0	0	0	1770	56361	56361	1770	3	1767
58814	0	0	0	0	960	55965	55965	960	3	957
57902	0	0	0	0	1872	56567	56567	1872	3	1869
58769	0	0	0	0	1005	56147	56147	1005	3	1002
58687	0	0	0	0	1087	56560	56560	1087	3	1084
58728	0	0	0	0	1046	56395	56395	1046	3	1043
57983	0	0	0	0	1791	56080	56080	1791	3	1788
58471	0	0	0	0	1303	56530	56530	1303	3	1300
58846	0	0	0	0	928	56466	56466	928	3	925
58930	0	0	0	0	844	56121	56121	844	3	841
58304	0	0	0	0	1470	56212	56212	1470	3	1467
58688	0	0	0	0	1086	55569	55569	1086	3	1083
58698	0	0	0	0	1076	56429	56429	1076	3	1073
58726	0	0	0	0	1048	56193	56193	1048	3	1045
58442	0	0	0	0	1332	55685	55685	1332	3	1329
58408	0	0	0	0	1366	54629	54629	1366	3	1363
58302	0	0	0	0	1472	56339	56339	1472	3	1469
58337	0	0	0	0	1437	54818	54818	1437	3	1434
58845	0	0	0	0	929	56034	56034	929	3	926
58254	0	0	0	0	1520	56795	56795	1520	3	1517
58517	0	0	0	0	1257	55802	55802	1257	3	1254
58832	0	0	0	0	942	56795	56795	942	3	939
58932	0	0	0	0	842	56790	56790	842	3	839
58783	0	0	0	0	991	55753	55753	991	3	988
58358	0	0	0	0	1416	55967	55967	1416	3	1413
58713	0	0	0	0	1061	56712	56712	1061	3	1058
58594	0	0	0	0	1180	57510	57510	1180	3	1177
58982	0	0	0	0	792	57161	57161	792	3	789
58079	0	0	0	0	1695	57496	57496	1695	3	1692
59049	0	0	0	0	725	53933	53933	725	3	722
58964	0	0	0	0	810	56325	56325	810	3	807
58499	0	0	0	0	1275	54074	54074	1275	3	1272
58508	0	0	0	0	1266	56327	56327	1266	3	1263
58687	0	0	0	0	1087	54690	54690	1087	3	1084
58506	0	0	0	0	1268	55815	55815	1268	3	1265
59332	0	0	0	0	442	52669	52669	442	3	439
58389	0	0	0	0	1385	56400	56400	1385	3	1382
58892	0	0	0	0	882	53657	53657	882	3	879
58225	0	0	0	0	1549	57353	57353	1549	3	1546
58245	0	0	0	0	1529	56601	56601	1529	3	1526
58576	0	0	0	0	1198	57058	57058	1198	3	1195
58466	0	0	0	0	1308	55992	55992	1308	3	1305
58931	0	0	0	0	843	55211	55211	843	3	840
58442	0	0	0	0	1332	56821	56821	1332	3	1329
58766	0	0	0	0	1008	56196	56196	1008	3	1005
58375	0	0	0	0	1399	56503	56503	1399	3	1396
58659	0	0	0	0	1115	56905	56905	1115	3	1112
58512	0	0	0	0	1262	57413	57413	1262	3	1259
58716	0	0	0	0	1058	56880	56880	1058	3	1055
58464	0	0	0	0	1310	56516	56516	1310	3	1307
58560	0	0	0	0	1214	56922	56922	1214	3	1211
58674	0	0	0	0	1100	56037	56037	1100	3	1097
58575	0	0	0	0	1199	55572	55572	1199	3	1196
58204	0	0	0	0	1570	57134	57134	1570	3	1567
59321	0	0	0	0	453	51918	51918	453	3	450
58333	0	0	0	0	1441	55875	55875	1441	3	1438
58792	0	0	0	0	982	54788	54788	982	3	979
58921	0	0	0	0	853	54162	54162	853	3	850
59014	0	0	0	0	760	55027	55027	760	3	757
58770	0	0	0	0	1004	54805	54805	1004	3	1001
58546	0	0	0	0	1228	55183	55183	1228	3	1225
58174	0	0	0	0	1600	56907	56907	1600	3	1597
58552	0	0	0	0	1222	56252	56252	1222	3	1219
58827	0	0	0	0	947	54764	54764	947	3	944
58239	0	0	0	0	1535	55970	55970	1535	3	1532
58825	0	0	0	0	949	55873	55873	949	3	946
58726	0	0	0	0	1048	54564	54564	1048	3	1045
58306	0	0	0	0	1468	56902	56902	1468	3	1465
58249	0	0	0	0	1525	57319	57319	1525	3	1522
58780	0	0	0	0	994	56064	56064	994	3	991
58302	0	0	0	0	1472	57341	57341	1472	3	1469
58347	0	0	0	0	1427	55937	55937	1427	3	1424
58798	0	0	0	0	976	56584	56584	976	3	973
58618	0	0	0	0	1156	56478	56478	1156	3	1153
58653	0	0	0	0	1121	56869	56869	1121	3	1118
58363	0	0	0	0	1411	56793	56793	1411	3	1408
58219	0	0	0	0	1555	56226	56226	1555	3	1552
59047	0	0	0	0	727	55412	55412	727	3	724
58834	0	0	0	0	940	56931	56931	940	3	937
59039	0	0	0	0	735	56355	56355	735	3	732
58673	0	0	0	0	1101	56512	56512	1101	3	1098
58999	0	0	0	0	775	55871	55871	775	3	772
58833	0	0	0	0	941	56291	56291	941	3	938
59079	0	0	0	0	695	53340	53340	695	3	692
58763	0	0	0	0	1011	53014	53014	1011	3	1008
58430	0	0	0	0	1344	56348	56348	1344	3	1341
58870	0	0	0	0	904	52998	52998	904	3	901
58677	0	0	0	0	1097	56223	56223	1097	3	1094
58500	0	0	0	0	1274	56510	56510	1274	3	1271
58719	0	0	0	0	1055	55633	55633	1055	3	1052
58720	0	0	0	0	1054	55991	55991	1054	3	1051
58322	0	0	0	0	1452	56302	56302	1452	3	1449
58395	0	0	0	0	1379	56317	56317	1379	3	1376
58272	0	0	0	0	1502	56540	56540	1502	3	1499
58232	0	0	0	0	1542	56920	56920	1542	3	1539
59133	0	0	0	0	641	53399	53399	641	3	638
58768	0	0	0	0	1006	56629	56629	1006	3	1003
58724	0	0	0	0	1050	56912	56912	1050	3	1047
58537	0	0	0	0	1237	56375	56375	1237	3	1234
58431	0	0	0	0	1343	57317	57317	1343	3	1340
58762	0	0	0	0	1012	56546	56546	1012	3	1009
58743	0	0	0	0	1031	56061	56061	1031	3	1028
58749	0	0	0	0	1025	55185	55185	1025	3	1022
58661	0	0	0	0	1113	56538	56538	1113	3	1110
58809	0	0	0	0	965	55988	55988	965	3	962
58636	0	0	0	0	1138	54933	54933	1138	3	1135
58330	0	0	0	0	1444	54704	54704	1444	3	1441
58617	0	0	0	0	1157	57116	57116	1157	3	1154
59104	0	0	0	0	670	53735	53735	670	3	667
58504	0	0	0	0	1270	56576	56576	1270	3	1267
58346	0	0	0	0	1428	56899	56899	1428	3	1425
58879	0	0	0	0	895	55341	55341	895	3	892
58643	0	0	0	0	1131	56651	56651	1131	3	1128
58729	0	0	0	0	1045	57240	57240	1045	3	1042
58584	0	0	0	0	1190	56612	56612	1190	3	1187
58424	0	0	0	0	1350	57824	57824	1350	3	1347
58689	0	0	0	0	1085	55401	55401	1085	3	1082
58852	0	0	0	0	922	54368	54368	922	3	919
59285	0	0	0	0	489	52276	52276	489	3	486
58180	0	0	0	0	1594	56678	56678	1594	3	1591
58850	0	0	0	0	924	54512	54512	924	3	921
58474	0	0	0	0	1300	56421	56421	1300	3	1297
58571	0	0	0	0	1203	57061	57061	1203	3	1200
58492	0	0	0	0	1282	56010	56010	1282	3	1279
58610	0	0	0	0	1164	55608	55608	1164	3	1161
58552	0	0	0	0	1222	55888	55888	1222	3	1219
58947	0	0	0	0	827	52382	52382	827	3	824
58399	0	0	0	0	1375	56392	56392	1375	3	1372
58651	0	0	0	0	1123	57327	57327	1123	3	1120
58683	0	0	0	0	1091	54984	54984	1091	3	1088
58931	0	0	0	0	843	55891	55891	843	3	840
58206	0	0	0	0	1568	56118	56118	1568	3	1565
58340	0	0	0	0	1434	55006	55006	1434	3	1431
58523	0	0	0	0	1251	57439	57439	1251	3	1248
58214	0	0	0	0	1560	56158	56158	1560	3	1557
58631	0	0	0	0	1143	55495	55495	1143	3	1140
58351	0	0	0	0	1423	55461	55461	1423	3	1420
58887	0	0	0	0	887	56450	56450	887	3	884
58705	0	0	0	0	1069	53957	53957	1069	3	1066
58644	0	0	0	0	1130	56214	56214	1130	3	1127
58746	0	0	0	0	1028	56921	56921	1028	3	1025
58311	0	0	0	0	1463	56954	56954	1463	3	1460
58467	0	0	0	0	1307	57167	57167	1307	3	1304
58758	0	0	0	0	1016	56611	56611	1016	3	1013
58763	0	0	0	0	1011	56627	56627	1011	3	1008
58712	0	0	0	0	1062	56787	56787	1062	3	1059
58814	0	0	0	0	960	57304	57304	960	3	957
59039	0	0	0	0	735	52877	52877	735	3	732
59068	0	0	0	0	706	52931	52931	706	3	703
58514	0	0	0	0	1260	52584	52584	1260	3	1257
58900	0	0	0	0	874	52835	52835	874	3	871
58924	0	0	0	0	850	55973	55973	850	3	847
58643	0	0	0	0	1131	56123	56123	1131	3	1128
58775	0	0	0	0	999	55802	55802	999	3	996
58707	0	0	0	0	1067	56260	56260	1067	3	1064
58699	0	0	0	0	1075	56454	56454	1075	3	1072
58551	0	0	0	0	1223	57710	57710	1223	3	1220
58197	0	0	0	0	1577	55981	55981	1577	3	1574
58364	0	0	0	0	1410	57313	57313	1410	3	1407
58304	0	0	0	0	1470	56707	56707	1470	3	1467
58630	0	0	0	0	1144	52301	52301	1144	3	1141
58849	0	0	0	0	925	57028	57028	925	3	922
59040	0	0	0	0	734	56781	56781	734	3	731
58402	0	0	0	0	1372	53980	53980	1372	3	1369
59162	0	0	0	0	612	55106	55106	612	3	609
58129	0	0	0	0	1645	56546	56546	1645	3	1642
58719	0	0	0	0	1055	52970	52970	1055	3	1052
59182	0	0	0	0	592	55329	55329	592	3	589
58589	0	0	0	0	1185	55498	55498	1185	3	1182
59070	0	0	0	0	704	56565	56565	704	3	701
58221	0	0	0	0	1553	55934	55934	1553	3	1550
58502	0	0	0	0	1272	54593	54593	1272	3	1269
58923	0	0	0	0	851	56607	56607	851	3	848
58205	0	0	0	0	1569	56112	56112	1569	3	1566
58531	0	0	0	0	1243	56645	56645	1243	3	1240
58596	0	0	0	0	1178	56666	56666	1178	3	1175
58410	0	0	0	0	1364	56487	56487	1364	3	1361
58235	0	0	0	0	1539	56540	56540	1539	3	1536
58629	0	0	0	0	1145	53785	53785	1145	3	1142
58157	0	0	0	0	1617	56440	56440	1617	3	1614
58880	0	0	0	0	894	56666	56666	894	3	891
58296	0	0	0	0	1478	56346	56346	1478	3	1475
58860	0	0	0	0	914	56016	56016	914	3	911
58923	0	0	0	0	851	56577	56577	851	3	848
58120	0	0	0	0	1654	56197	56197	1654	3	1651
58473	0	0	0	0	1301	55693	55693	1301	3	1298
58212	0	0	0	0	1562	56799	56799	1562	3	1559
58545	0	0	0	0	1229	54721	54721	1229	3	1226
58496	0	0	0	0	1278	56799	56799	1278	3	1275
58457	0	0	0	0	1317	55325	55325	1317	3	1314
58471	0	0	0	0	1303	56521	56521	1303	3	1300
59382	0	0	0	0	392	51726	51726	392	3	389
58631	0	0	0	0	1143	56638	56638	1143	3	1140
58726	0	0	0	0	1048	53679	53679	1048	3	1045
58528	0	0	0	0	1246	55411	55411	1246	3	1243
58462	0	0	0	0	1312	55811	55811	1312	3	1309
59074	0	0	0	0	700	56415	56415	700	3	697
59284	0	0	0	0	490	55371	55371	490	3	487
58233	0	0	0	0	1541	56033	56033	1541	3	1538
58496	0	0	0	0	1278	56421	56421	1278	3	1275
58104	0	0	0	0	1670	56842	56842	1670	3	1667
58784	0	0	0	0	990	57067	57067	990	3	987
58849	0	0	0	0	925	56315	56315	925	3	922
58674	0	0	0	0	1100	56256	56256	1100	3	1097
58772	0	0	0	0	1002	56552	56552	1002	3	999
59320	0	0	0	0	454	54029	54029	454	3	451
58534	0	0	0	0	1240	55604	55604	1240	3	1237
58227	0	0	0	0	1547	56612	56612	1547	3	1544
58580	0	0	0	0	1194	56707	56707	1194	3	1191
58751	0	0	0	0	1023	56501	56501	1023	3	1020
58440	0	0	0	0	1334	56860	56860	1334	3	1331
58303	0	0	0	0	1471	56043	56043	1471	3	1468
58385	0	0	0	0	1389	53821	53821	1389	3	1386
58838	0	0	0	0	936	56268	56268	936	3	933
59277	0	0	0	0	497	56521	56521	497	3	494
58705	0	0	0	0	1069	55828	55828	1069	3	1066
58550	0	0	0	0	1224	56927	56927	1224	3	1221
58898	0	0	0	0	876	55837	55837	876	3	873
58489	0	0	0	0	1285	56926	56926	1285	3	1282
58602	0	0	0	0	1172	56474	56474	1172	3	1169
58887	0	0	0	0	887	57783	57783	887	3	884
58404	0	0	0	0	1370	56790	56790	1370	3	1367
59000	0	0	0	0	774	52668	52668	774	3	771
58182	0	0	0	0	1592	56434	56434	1592	3	1589
58332	0	0	0	0	1442	57309	57309	1442	3	1439
58559	0	0	0	0	1215	56696	56696	1215	3	1212
58593	0	0	0	0	1181	56681	56681	1181	3	1178
58636	0	0	0	0	1138	57005	57005	1138	3	1135
58971	0	0	0	0	803	56688	56688	803	3	800
59027	0	0	0	0	747	56498	56498	747	3	744
58674	0	0	0	0	1100	56195	56195	1100	3	1097
59023	0	0	0	0	751	56601	56601	751	3	748
58176	0	0	0	0	1598	56592	56592	1598	3	1595
58632	0	0	0	0	1142	56214	56214	1142	3	1139
58996	0	0	0	0	778	55084	55084	778	3	775
58250	0	0	0	0	1524	56393	56393	1524	3	1521
58859	0	0	0	0	915	55797	55797	915	3	912
58755	0	0	0	0	1019	56025	56025	1019	3	1016
58969	0	0	0	0	805	56630	56630	805	3	802
58751	0	0	0	0	1023	55858	55858	1023	3	1020
58705	0	0	0	0	1069	56691	56691	1069	3	1066
58856	0	0	0	0	918	56837	56837	918	3	915
59213	0	0	0	0	561	52142	52142	561	3	558
58474	0	0	0	0	1300	56466	56466	1300	3	1297
58229	0	0	0	0	1545	56324	56324	1545	3	1542
58983	0	0	0	0	791	56283	56283	791	3	788
58344	0	0	0	0	1430	57230	57230	1430	3	1427
58746	0	0	0	0	1028	56188	56188	1028	3	1025
58887	0	0	0	0	887	56343	56343	887	3	884
58129	0	0	0	0	1645	57071	57071	1645	3	1642
58494	0	0	0	0	1280	54436	54436	1280	3	1277
58900	0	0	0	0	874	56883	56883	874	3	871
58758	0	0	0	0	1016	55835	55835	1016	3	1013
58470	0	0	0	0	1304	55827	55827	1304	3	1301
58673	0	0	0	0	1101	56488	56488	1101	3	1098
58496	0	0	0	0	1278	57560	57560	1278	3	1275
58348	0	0	0	0	1426	56692	56692	1426	3	1423
58623	0	0	0	0	1151	56061	56061	1151	3	1148
58677	0	0	0	0	1097	55995	55995	1097	3	1094
58912	0	0	0	0	862	55917	55917	862	3	859
58545	0	0	0	0	1229	55941	55941	1229	3	1226
58396	0	0	0	0	1378	56856	56856	1378	3	1375
58490	0	0	0	0	1284	52525	52525	1284	3	1281
59021	0	0	0	0	753	56338	56338	753	3	750
58410	0	0	0	0	1364	56852	56852	1364	3	1361
58436	0	0	0	0	1338	56267	56267	1338	3	1335
58902	0	0	0	0	872	54031	54031	872	3	869
58703	0	0	0	0	1071	56316	56316	1071	3	1068
58933	0	0	0	0	841	54924	54924	841	3	838
58741	0	0	0	0	1033	55028	55028	1033	3	1030
58399	0	0	0	0	1375	55881	55881	1375	3	1372
58395	0	0	0	0	1379	57491	57491	1379	3	1376
58432	0	0	0	0	1342	53931	53931	1342	3	1339
58890	0	0	0	0	884	56536	56536	884	3	881
58683	0	0	0	0	1091	56791	56791	1091	3	1088
58626	0	0	0	0	1148	57404	57404	1148	3	1145
58923	0	0	0	0	851	56434	56434	851	3	848
58485	0	0	0	0	1289	56339	56339	1289	3	1286
58829	0	0	0	0	945	56562	56562	945	3	942
58306	0	0	0	0	1468	57021	57021	1468	3	1465
58725	0	0	0	0	1049	57100	57100	1049	3	1046
58866	0	0	0	0	908	57209	57209	908	3	905
58541	0	0	0	0	1233	55640	55640	1233	3	1230
58552	0	0	0	0	1222	52608	52608	1222	3	1219
58760	0	0	0	0	1014	56055	56055	1014	3	1011
58215	0	0	0	0	1559	57440	57440	1559	3	1556
58230	0	0	0	0	1544	56947	56947	1544	3	1541
58563	0	0	0	0	1211	56440	56440	1211	3	1208
58472	0	0	0	0	1302	56974	56974	1302	3	1299
58738	0	0	0	0	1036	57148	57148	1036	3	1033
58817	0	0	0	0	957	54220	54220	957	3	954
58732	0	0	0	0	1042	55552	55552	1042	3	1039
58663	0	0	0	0	1111	56160	56160	1111	3	1108
58870	0	0	0	0	904	55669	55669	904	3	901
58964	0	0	0	0	810	54955	54955	810	3	807
58598	0	0	0	0	1176	54132	54132	1176	3	1173
58685	0	0	0	0	1089	55345	55345	1089	3	1086
58065	0	0	0	0	1709	56833	56833	1709	3	1706
58390	0	0	0	0	1384	55324	55324	1384	3	1381
58164	0	0	0	0	1610	56453	56453	1610	3	1607
58557	0	0	0	0	1217	56842	56842	1217	3	1214
59214	0	0	0	0	560	50354	50354	560	3	557
58852	0	0	0	0	922	56828	56828	922	3	919
58844	0	0	0	0	930	56603	56603	930	3	927
58761	0	0	0	0	1013	55532	55532	1013	3	1010
58801	0	0	0	0	973	53286	53286	973	3	970
59045	0	0	0	0	729	56392	56392	729	3	726
58963	0	0	0	0	811	55898	55898	811	3	808
58847	0	0	0	0	927	57487	57487	927	3	924
58461	0	0	0	0	1313	56657	56657	1313	3	1310
58759	0	0	0	0	1015	56778	56778	1015	3	1012
58880	0	0	0	0	894	55440	55440	894	3	891
58871	0	0	0	0	903	54804	54804	903	3	900
58653	0	0	0	0	1121	56076	56076	1121	3	1118
58356	0	0	0	0	1418	56113	56113	1418	3	1415
58749	0	0	0	0	1025	56417	56417	1025	3	1022
58360	0	0	0	0	1414	55537	55537	1414	3	1411
58980	0	0	0	0	794	56349	56349	794	3	791
57873	0	0	0	0	1901	56793	56793	1901	3	1898
58689	0	0	0	0	1085	56499	56499	1085	3	1082
58382	0	0	0	0	1392	56834	56834	1392	3	1389
58674	0	0	0	0	1100	56528	56528	1100	3	1097
59126	0	0	0	0	648	56358	56358	648	3	645
58993	0	0	0	0	781	56304	56304	781	3	778
58432	0	0	0	0	1342	56742	56742	1342	3	1339
58085	0	0	0	0	1689	56733	56733	1689	3	1686
58591	0	0	0	0	1183	52881	52881	1183	3	1180
58948	0	0	0	0	826	52726	52726	826	3	823
58727	0	0	0	0	1047	56214	56214	1047	3	1044
58803	0	0	0	0	971	54973	54973	971	3	968
58606	0	0	0	0	1168	56796	56796	1168	3	1165
58455	0	0	0	0	1319	54154	54154	1319	3	1316
58120	0	0	0	0	1654	56237	56237	1654	3	1651
58867	0	0	0	0	907	56199	56199	907	3	904
59175	0	0	0	0	599	54520	54520	599	3	596
58842	0	0	0	0	932	56982	56982	932	3	929
58612	0	0	0	0	1162	55891	55891	1162	3	1159
58946	0	0	0	0	828	56827	56827	828	3	825
58361	0	0	0	0	1413	56492	56492	1413	3	1410
58596	0	0	0	0	1178	56621	56621	1178	3	1175
58255	0	0	0	0	1519	56618	56618	1519	3	1516
58271	0	0	0	0	1503	56309	56309	1503	3	1500
59094	0	0	0	0	680	56350	56350	680	3	677
58579	0	0	0	0	1195	53729	53729	1195	3	1192
58888	0	0	0	0	886	56276	56276	886	3	883
58610	0	0	0	0	1164	56576	56576	1164	3	1161
58809	0	0	0	0	965	56624	56624	965	3	962
58433	0	0	0	0	1341	57123	57123	1341	3	1338
58654	0	0	0	0	1120	55494	55494	1120	3	1117
58857	0	0	0	0	917	56835	56835	917	3	914
58981	0	0	0	0	793	56821	56821	793	3	790
58899	0	0	0	0	875	53901	53901	875	3	872
58831	0	0	0	0	943	57595	57595	943	3	940
58797	0	0	0	0	977	55458	55458	977	3	974
58597	0	0	0	0	1177	54420	54420	1177	3	1174
58639	0	0	0	0	1135	54660	54660	1135	3	1132
58618	0	0	0	0	1156	56106	56106	1156	3	1153
58490	0	0	0	0	1284	56297	56297	1284	3	1281
59014	0	0	0	0	760	56440	56440	760	3	757
58084	0	0	0	0	1690	56165	56165	1690	3	1687
58639	0	0	0	0	1135	56651	56651	1135	3	1132
58878	0	0	0	0	896	53918	53918	896	3	893
58522	0	0	0	0	1252	53538	53538	1252	3	1249
58933	0	0	0	0	841	55126	55126	841	3	838
58971	0	0	0	0	803	56077	56077	803	3	800
58675	0	0	0	0	1099	56083	56083	1099	3	1096
58293	0	0	0	0	1481	56141	56141	1481	3	1478
58614	0	0	0	0	1160	56234	56234	1160	3	1157
59201	0	0	0	0	573	52408	52408	573	3	570
58216	0	0	0	0	1558	56651	56651	1558	3	1555
58810	0	0	0	0	964	51942	51942	964	3	961
58948	0	0	0	0	826	55089	55089	826	3	823
58797	0	0	0	0	977	57672	57672	977	3	974
59182	0	0	0	0	592	56341	56341	592	3	589
58512	0	0	0	0	1262	56376	56376	1262	3	1259
58382	0	0	0	0	1392	55608	55608	1392	3	1389
58257	0	0	0	0	1517	57415	57415	1517	3	1514
58679	0	0	0	0	1095	55265	55265	1095	3	1092
58589	0	0	0	0	1185	56733	56733	1185	3	1182
58928	0	0	0	0	846	56443	56443	846	3	843
58367	0	0	0	0	1407	56564	56564	1407	3	1404
58637	0	0	0	0	1137	55273	55273	1137	3	1134
58937	0	0	0	0	837	55112	55112	837	3	834
59152	0	0	0	0	622	53526	53526	622	3	619
58991	0	0	0	0	783	54943	54943	783	3	780
58021	0	0	0	0	1753	56007	56007	1753	3	1750
58744	0	0	0	0	1030	57078	57078	1030	3	1027
58745	0	0	0	0	1029	57138	57138	1029	3	1026
58149	0	0	0	0	1625	56111	56111	1625	3	1622
58564	0	0	0	0	1210	57028	57028	1210	3	1207
58922	0	0	0	0	852	53943	53943	852	3	849
59247	0	0	0	0	527	53938	53938	527	3	524
58799	0	0	0	0	975	55930	55930	975	3	972
58609	0	0	0	0	1165	56272	56272	1165	3	1162
58831	0	0	0	0	943	53342	53342	943	3	940
58859	0	0	0	0	915	56098	56098	915	3	912
58223	0	0	0	0	1551	56841	56841	1551	3	1548
58231	0	0	0	0	1543	57221	57221	1543	3	1540
59116	0	0	0	0	658	53237	53237	658	3	655
58473	0	0	0	0	1301	56750	56750	1301	3	1298
58466	0	0	0	0	1308	55392	55392	1308	3	1305
58767	0	0	0	0	1007	55253	55253	1007	3	1004
58223	0	0	0	0	1551	57041	57041	1551	3	1548
58439	0	0	0	0	1335	55997	55997	1335	3	1332
58417	0	0	0	0	1357	55885	55885	1357	3	1354
58529	0	0	0	0	1245	56882	56882	1245	3	1242
58555	0	0	0	0	1219	56820	56820	1219	3	1216
58746	0	0	0	0	1028	55706	55706	1028	3	1025
58350	0	0	0	0	1424	56019	56019	1424	3	1421
58743	0	0	0	0	1031	56781	56781	1031	3	1028
58450	0	0	0	0	1324	56386	56386	1324	3	1321
58582	0	0	0	0	1192	56741	56741	1192	3	1189
59103	0	0	0	0	671	56206	56206	671	3	668
58663	0	0	0	0	1111	57346	57346	1111	3	1108
58555	0	0	0	0	1219	56478	56478	1219	3	1216
58686	0	0	0	0	1088	55967	55967	1088	3	1085
58621	0	0	0	0	1153	55068	55068	1153	3	1150
59023	0	0	0	0	751	56795	56795	751	3	748
58667	0	0	0	0	1107	55881	55881	1107	3	1104
58502	0	0	0	0	1272	56523	56523	1272	3	1269
58553	0	0	0	0	1221	54408	54408	1221	3	1218
58413	0	0	0	0	1361	56567	56567	1361	3	1358
58674	0	0	0	0	1100	54767	54767	1100	3	1097
58297	0	0	0	0	1477	55994	55994	1477	3	1474
58408	0	0	0	0	1366	56103	56103	1366	3	1363
58815	0	0	0	0	959	55982	55982	959	3	956
58549	0	0	0	0	1225	56022	56022	1225	3	1222
59149	0	0	0	0	625	55796	55796	625	3	622
58884	0	0	0	0	890	56321	56321	890	3	887
58990	0	0	0	0	784	56063	56063	784	3	781
57830	0	0	0	0	1944	57313	57313	1944	3	1941
58675	0	0	0	0	1099	56564	56564	1099	3	1096
58923	0	0	0	0	851	57150	57150	851	3	848
58782	0	0	0	0	992	56908	56908	992	3	989
58467	0	0	0	0	1307	56644	56644	1307	3	1304
58586	0	0	0	0	1188	56654	56654	1188	3	1185
58715	0	0	0	0	1059	57093	57093	1059	3	1056
58179	0	0	0	0	1595	56952	56952	1595	3	1592
58546	0	0	0	0	1228	56578	56578	1228	3	1225
58852	0	0	0	0	922	56502	56502	922	3	919
58835	0	0	0	0	939	57253	57253	939	3	936
58694	0	0	0	0	1080	54285	54285	1080	3	1077
58708	0	0	0	0	1066	56736	56736	1066	3	1063
58729	0	0	0	0	1045	56244	56244	1045	3	1042
58588	0	0	0	0	1186	56669	56669	1186	3	1183
58708	0	0	0	0	1066	56053	56053	1066	3	1063
58956	0	0	0	0	818	54934	54934	818	3	815
58754	0	0	0	0	1020	56219	56219	1020	3	1017
58667	0	0	0	0	1107	56178	56178	1107	3	1104
58707	0	0	0	0	1067	55582	55582	1067	3	1064
58469	0	0	0	0	1305	55285	55285	1305	3	1302
58549	0	0	0	0	1225	56316	56316	1225	3	1222
58440	0	0	0	0	1334	56135	56135	1334	3	1331
58889	0	0	0	0	885	55945	55945	885	3	882
58742	0	0	0	0	1032	56384	56384	1032	3	1029
58868	0	0	0	0	906	55706	55706	906	3	903
58768	0	0	0	0	1006	56885	56885	1006	3	1003
58819	0	0	0	0	955	54842	54842	955	3	952
58831	0	0	0	0	943	56018	56018	943	3	940
58758	0	0	0	0	1016	53881	53881	1016	3	1013
58362	0	0	0	0	1412	56086	56086	1412	3	1409
58517	0	0	0	0	1257	54675	54675	1257	3	1254
58425	0	0	0	0	1349	56581	56581	1349	3	1346
58695	0	0	0	0	1079	55412	55412	1079	3	1076
58613	0	0	0	0	1161	56588	56588	1161	3	1158
59262	0	0	0	0	512	54471	54471	512	3	509
58095	0	0	0	0	1679	55020	55020	1679	3	1676
58482	0	0	0	0	1292	55057	55057	1292	3	1289
58683	0	0	0	0	1091	57099	57099	1091	3	1088
58249	0	0	0	0	1525	56546	56546	1525	3	1522
58600	0	0	0	0	1174	53767	53767	1174	3	1171
58402	0	0	0	0	1372	56931	56931	1372	3	1369
58511	0	0	0	0	1263	54831	54831	1263	3	1260
58843	0	0	0	0	931	56259	56259	931	3	928
58910	0	0	0	0	864	55038	55038	864	3	861
58623	0	0	0	0	1151	56045	56045	1151	3	1148
58372	0	0	0	0	1402	56567	56567	1402	3	1399
58917	0	0	0	0	857	55552	55552	857	3	854
58129	0	0	0	0	1645	57444	57444	1645	3	1642
58860	0	0	0	0	914	56319	56319	914	3	911
58489	0	0	0	0	1285	56325	56325	1285	3	1282
58673	0	0	0	0	1101	55087	55087	1101	3	1098
59119	0	0	0	0	655	56004	56004	655	3	652
58633	0	0	0	0	1141	56521	56521	1141	3	1138
58830	0	0	0	0	944	55476	55476	944	3	941
59142	0	0	0	0	632	56088	56088	632	3	629
58680	0	0	0	0	1094	55217	55217	1094	3	1091
58567	0	0	0	0	1207	56340	56340	1207	3	1204
58420	0	0	0	0	1354	57812	57812	1354	3	1351
