14971	0	0	0	0	44803	58993	0	44803	3	44800
13748	0	0	0	0	46026	58048	0	46026	3	46023
14641	0	0	0	0	45133	59005	0	45133	3	45130
14138	0	0	0	0	45636	58946	0	45636	3	45633
13936	0	0	0	0	45838	58852	0	45838	3	45835
14725	0	0	0	0	45049	58132	0	45049	3	45046
15280	0	0	0	0	44494	58973	0	44494	3	44491
14297	0	0	0	0	45477	59249	0	45477	3	45474
14919	0	0	0	0	44855	58875	0	44855	3	44852
15144	0	0	0	0	44630	59216	0	44630	3	44627
15057	0	0	0	0	44717	58076	0	44717	3	44714
15034	0	0	0	0	44740	57977	0	44740	3	44737
15488	0	0	0	0	44286	58809	0	44286	3	44283
13665	0	0	0	0	46109	58994	0	46109	3	46106
14699	0	0	0	0	45075	58957	0	45075	3	45072
13982	0	0	0	0	45792	59005	0	45792	3	45789
14767	0	0	0	0	45007	58914	0	45007	3	45004
13592	0	0	0	0	46182	58794	0	46182	3	46179
15024	0	0	0	0	44750	58949	0	44750	3	44747
14540	0	0	0	0	45234	58158	0	45234	3	45231
14158	0	0	0	0	45616	58872	0	45616	3	45613
15053	0	0	0	0	44721	58907	0	44721	3	44718
14163	0	0	0	0	45611	58064	0	45611	3	45608
14823	0	0	0	0	44951	58909	0	44951	3	44948
14708	0	0	0	0	45066	58199	0	45066	3	45063
15017	0	0	0	0	44757	58960	0	44757	3	44754
13691	0	0	0	0	46083	58968	0	46083	3	46080
13806	0	0	0	0	45968	59248	0	45968	3	45965
15205	0	0	0	0	44569	58891	0	44569	3	44566
13576	0	0	0	0	46198	59036	0	46198	3	46195
15062	0	0	0	0	44712	58921	0	44712	3	44709
15320	0	0	0	0	44454	58165	0	44454	3	44451
14120	0	0	0	0	45654	57994	0	45654	3	45651
15708	0	0	0	0	44066	58134	0	44066	3	44063
14657	0	0	0	0	45117	58088	0	45117	3	45114
14525	0	0	0	0	45249	58861	0	45249	3	45246
14794	0	0	0	0	44980	59039	0	44980	3	44977
15661	0	0	0	0	44113	58297	0	44113	3	44110
14182	0	0	0	0	45592	58884	0	45592	3	45589
15442	0	0	0	0	44332	58991	0	44332	3	44329
14554	0	0	0	0	45220	58878	0	45220	3	45217
14021	0	0	0	0	45753	58806	0	45753	3	45750
14403	0	0	0	0	45371	58946	0	45371	3	45368
14376	0	0	0	0	45398	59032	0	45398	3	45395
15776	0	0	0	0	43998	59102	0	43998	3	43995
13884	0	0	0	0	45890	59043	0	45890	3	45887
14159	0	0	0	0	45615	58846	0	45615	3	45612
14154	0	0	0	0	45620	58862	0	45620	3	45617
13144	0	0	0	0	46630	59175	0	46630	3	46627
15181	0	0	0	0	44593	59156	0	44593	3	44590
13980	0	0	0	0	45794	58866	0	45794	3	45791
13667	0	0	0	0	46107	58841	0	46107	3	46104
14207	0	0	0	0	45567	58960	0	45567	3	45564
14665	0	0	0	0	45109	58068	0	45109	3	45106
14617	0	0	0	0	45157	58939	0	45157	3	45154
14386	0	0	0	0	45388	58820	0	45388	3	45385
15128	0	0	0	0	44646	59146	0	44646	3	44643
13786	0	0	0	0	45988	59038	0	45988	3	45985
14507	0	0	0	0	45267	58048	0	45267	3	45264
14601	0	0	0	0	45173	58897	0	45173	3	45170
14710	0	0	0	0	45064	59083	0	45064	3	45061
15402	0	0	0	0	44372	59277	0	44372	3	44369
14604	0	0	0	0	45170	58891	0	45170	3	45167
13653	0	0	0	0	46121	58257	0	46121	3	46118
13239	0	0	0	0	46535	58893	0	46535	3	46532
15166	0	0	0	0	44608	58571	0	44608	3	44605
14904	0	0	0	0	44870	58077	0	44870	3	44867
14854	0	0	0	0	44920	58905	0	44920	3	44917
13361	0	0	0	0	46413	58864	0	46413	3	46410
15271	0	0	0	0	44503	59160	0	44503	3	44500
14619	0	0	0	0	45155	58949	0	45155	3	45152
14515	0	0	0	0	45259	58900	0	45259	3	45256
14499	0	0	0	0	45275	58892	0	45275	3	45272
14189	0	0	0	0	45585	58519	0	45585	3	45582
13656	0	0	0	0	46118	58834	0	46118	3	46115
16246	0	0	0	0	43528	59013	0	43528	3	43525
13939	0	0	0	0	45835	58246	0	45835	3	45832
14506	0	0	0	0	45268	58854	0	45268	3	45265
15184	0	0	0	0	44590	58124	0	44590	3	44587
16391	0	0	0	0	43383	59026	0	43383	3	43380
14753	0	0	0	0	45021	59413	0	45021	3	45018
14293	0	0	0	0	45481	58867	0	45481	3	45478
13976	0	0	0	0	45798	59026	0	45798	3	45795
13718	0	0	0	0	46056	58935	0	46056	3	46053
15053	0	0	0	0	44721	58862	0	44721	3	44718
14968	0	0	0	0	44806	57966	0	44806	3	44803
15028	0	0	0	0	44746	58074	0	44746	3	44743
15066	0	0	0	0	44708	58116	0	44708	3	44705
14243	0	0	0	0	45531	58815	0	45531	3	45528
15630	0	0	0	0	44144	57998	0	44144	3	44141
14704	0	0	0	0	45070	58855	0	45070	3	45067
15490	0	0	0	0	44284	58901	0	44284	3	44281
15108	0	0	0	0	44666	58994	0	44666	3	44663
14860	0	0	0	0	44914	58245	0	44914	3	44911
14342	0	0	0	0	45432	58921	0	45432	3	45429
14723	0	0	0	0	45051	58904	0	45051	3	45048
16521	0	0	0	0	43253	59227	0	43253	3	43250
14481	0	0	0	0	45293	58920	0	45293	3	45290
14510	0	0	0	0	45264	58824	0	45264	3	45261
14940	0	0	0	0	44834	58924	0	44834	3	44831
14582	0	0	0	0	45192	58863	0	45192	3	45189
14971	0	0	0	0	44803	58190	0	44803	3	44800
13814	0	0	0	0	45960	59031	0	45960	3	45957
15074	0	0	0	0	44700	58859	0	44700	3	44697
14203	0	0	0	0	45571	59046	0	45571	3	45568
14645	0	0	0	0	45129	58845	0	45129	3	45126
13825	0	0	0	0	45949	59211	0	45949	3	45946
16186	0	0	0	0	43588	59014	0	43588	3	43585
14759	0	0	0	0	45015	58927	0	45015	3	45012
15677	0	0	0	0	44097	59011	0	44097	3	44094
14042	0	0	0	0	45732	58361	0	45732	3	45729
13690	0	0	0	0	46084	59067	0	46084	3	46081
14671	0	0	0	0	45103	59218	0	45103	3	45100
15359	0	0	0	0	44415	58036	0	44415	3	44412
14359	0	0	0	0	45415	58303	0	45415	3	45412
17106	0	0	0	0	42668	58040	0	42668	3	42665
15432	0	0	0	0	44342	58031	0	44342	3	44339
14689	0	0	0	0	45085	58878	0	45085	3	45082
14529	0	0	0	0	45245	58886	0	45245	3	45242
14411	0	0	0	0	45363	58940	0	45363	3	45360
14449	0	0	0	0	45325	58859	0	45325	3	45322
14435	0	0	0	0	45339	58274	0	45339	3	45336
14475	0	0	0	0	45299	58185	0	45299	3	45296
14977	0	0	0	0	44797	58871	0	44797	3	44794
14342	0	0	0	0	45432	58041	0	45432	3	45429
14065	0	0	0	0	45709	58224	0	45709	3	45706
14300	0	0	0	0	45474	59204	0	45474	3	45471
14685	0	0	0	0	45089	59008	0	45089	3	45086
14642	0	0	0	0	45132	59108	0	45132	3	45129
14303	0	0	0	0	45471	58516	0	45471	3	45468
15488	0	0	0	0	44286	58378	0	44286	3	44283
15047	0	0	0	0	44727	57938	0	44727	3	44724
14566	0	0	0	0	45208	59008	0	45208	3	45205
15933	0	0	0	0	43841	57998	0	43841	3	43838
15435	0	0	0	0	44339	58925	0	44339	3	44336
15403	0	0	0	0	44371	58172	0	44371	3	44368
14467	0	0	0	0	45307	59016	0	45307	3	45304
12414	0	0	0	0	47360	58900	0	47360	3	47357
13216	0	0	0	0	46558	58023	0	46558	3	46555
13596	0	0	0	0	46178	57936	0	46178	3	46175
14163	0	0	0	0	45611	58946	0	45611	3	45608
14864	0	0	0	0	44910	58980	0	44910	3	44907
14300	0	0	0	0	45474	58999	0	45474	3	45471
14200	0	0	0	0	45574	59173	0	45574	3	45571
14208	0	0	0	0	45566	58963	0	45566	3	45563
15247	0	0	0	0	44527	58395	0	44527	3	44524
15414	0	0	0	0	44360	58171	0	44360	3	44357
15211	0	0	0	0	44563	58869	0	44563	3	44560
14901	0	0	0	0	44873	58826	0	44873	3	44870
13890	0	0	0	0	45884	58904	0	45884	3	45881
14683	0	0	0	0	45091	58323	0	45091	3	45088
15041	0	0	0	0	44733	58072	0	44733	3	44730
15738	0	0	0	0	44036	59147	0	44036	3	44033
15096	0	0	0	0	44678	59043	0	44678	3	44675
13849	0	0	0	0	45925	59440	0	45925	3	45922
15317	0	0	0	0	44457	58984	0	44457	3	44454
14467	0	0	0	0	45307	59001	0	45307	3	45304
14569	0	0	0	0	45205	58084	0	45205	3	45202
15274	0	0	0	0	44500	59245	0	44500	3	44497
14308	0	0	0	0	45466	58139	0	45466	3	45463
14200	0	0	0	0	45574	59043	0	45574	3	45571
14889	0	0	0	0	44885	59020	0	44885	3	44882
15071	0	0	0	0	44703	58072	0	44703	3	44700
14112	0	0	0	0	45662	58918	0	45662	3	45659
13996	0	0	0	0	45778	58977	0	45778	3	45775
14904	0	0	0	0	44870	58184	0	44870	3	44867
15083	0	0	0	0	44691	59120	0	44691	3	44688
15375	0	0	0	0	44399	58039	0	44399	3	44396
16199	0	0	0	0	43575	58139	0	43575	3	43572
14948	0	0	0	0	44826	58003	0	44826	3	44823
13884	0	0	0	0	45890	59430	0	45890	3	45887
13930	0	0	0	0	45844	58965	0	45844	3	45841
13803	0	0	0	0	45971	58031	0	45971	3	45968
16358	0	0	0	0	43416	59034	0	43416	3	43413
15284	0	0	0	0	44490	58937	0	44490	3	44487
15559	0	0	0	0	44215	58871	0	44215	3	44212
13627	0	0	0	0	46147	59027	0	46147	3	46144
14481	0	0	0	0	45293	58203	0	45293	3	45290
14795	0	0	0	0	44979	58173	0	44979	3	44976
16389	0	0	0	0	43385	59219	0	43385	3	43382
14087	0	0	0	0	45687	59083	0	45687	3	45684
14722	0	0	0	0	45052	58077	0	45052	3	45049
14370	0	0	0	0	45404	58914	0	45404	3	45401
14835	0	0	0	0	44939	58065	0	44939	3	44936
13806	0	0	0	0	45968	58837	0	45968	3	45965
14351	0	0	0	0	45423	59046	0	45423	3	45420
14977	0	0	0	0	44797	59005	0	44797	3	44794
15428	0	0	0	0	44346	58864	0	44346	3	44343
15648	0	0	0	0	44126	58008	0	44126	3	44123
13973	0	0	0	0	45801	59426	0	45801	3	45798
14823	0	0	0	0	44951	57940	0	44951	3	44948
14448	0	0	0	0	45326	58046	0	45326	3	45323
14464	0	0	0	0	45310	59186	0	45310	3	45307
13758	0	0	0	0	46016	59175	0	46016	3	46013
14802	0	0	0	0	44972	58906	0	44972	3	44969
13696	0	0	0	0	46078	58836	0	46078	3	46075
15166	0	0	0	0	44608	58831	0	44608	3	44605
14839	0	0	0	0	44935	58940	0	44935	3	44932
14629	0	0	0	0	45145	58924	0	45145	3	45142
15621	0	0	0	0	44153	58033	0	44153	3	44150
15549	0	0	0	0	44225	59100	0	44225	3	44222
15259	0	0	0	0	44515	58912	0	44515	3	44512
14355	0	0	0	0	45419	59052	0	45419	3	45416
14285	0	0	0	0	45489	58853	0	45489	3	45486
14185	0	0	0	0	45589	58866	0	45589	3	45586
14327	0	0	0	0	45447	58859	0	45447	3	45444
14506	0	0	0	0	45268	59088	0	45268	3	45265
15015	0	0	0	0	44759	59020	0	44759	3	44756
16571	0	0	0	0	43203	58989	0	43203	3	43200
14436	0	0	0	0	45338	58381	0	45338	3	45335
13773	0	0	0	0	46001	58967	0	46001	3	45998
16475	0	0	0	0	43299	58909	0	43299	3	43296
13293	0	0	0	0	46481	58900	0	46481	3	46478
14698	0	0	0	0	45076	58948	0	45076	3	45073
13310	0	0	0	0	46464	59125	0	46464	3	46461
14232	0	0	0	0	45542	59156	0	45542	3	45539
15178	0	0	0	0	44596	58947	0	44596	3	44593
13889	0	0	0	0	45885	58919	0	45885	3	45882
14359	0	0	0	0	45415	58911	0	45415	3	45412
13681	0	0	0	0	46093	58937	0	46093	3	46090
14905	0	0	0	0	44869	58913	0	44869	3	44866
15228	0	0	0	0	44546	58904	0	44546	3	44543
14297	0	0	0	0	45477	58005	0	45477	3	45474
14298	0	0	0	0	45476	58117	0	45476	3	45473
14302	0	0	0	0	45472	58814	0	45472	3	45469
15264	0	0	0	0	44510	58917	0	44510	3	44507
13786	0	0	0	0	45988	59052	0	45988	3	45985
13911	0	0	0	0	45863	58905	0	45863	3	45860
14414	0	0	0	0	45360	58891	0	45360	3	45357
15359	0	0	0	0	44415	59050	0	44415	3	44412
15031	0	0	0	0	44743	58165	0	44743	3	44740
14066	0	0	0	0	45708	58626	0	45708	3	45705
14452	0	0	0	0	45322	58822	0	45322	3	45319
14348	0	0	0	0	45426	58879	0	45426	3	45423
13892	0	0	0	0	45882	59124	0	45882	3	45879
13269	0	0	0	0	46505	58033	0	46505	3	46502
16415	0	0	0	0	43359	58879	0	43359	3	43356
15618	0	0	0	0	44156	58983	0	44156	3	44153
14485	0	0	0	0	45289	58089	0	45289	3	45286
15657	0	0	0	0	44117	59073	0	44117	3	44114
14948	0	0	0	0	44826	58160	0	44826	3	44823
15375	0	0	0	0	44399	58176	0	44399	3	44396
14302	0	0	0	0	45472	58031	0	45472	3	45469
15163	0	0	0	0	44611	58167	0	44611	3	44608
15008	0	0	0	0	44766	58882	0	44766	3	44763
14278	0	0	0	0	45496	59120	0	45496	3	45493
16094	0	0	0	0	43680	58944	0	43680	3	43677
14927	0	0	0	0	44847	58899	0	44847	3	44844
14278	0	0	0	0	45496	58876	0	45496	3	45493
14558	0	0	0	0	45216	58871	0	45216	3	45213
15107	0	0	0	0	44667	59312	0	44667	3	44664
14730	0	0	0	0	45044	57959	0	45044	3	45041
14545	0	0	0	0	45229	58967	0	45229	3	45226
14555	0	0	0	0	45219	58264	0	45219	3	45216
14924	0	0	0	0	44850	58171	0	44850	3	44847
14911	0	0	0	0	44863	58878	0	44863	3	44860
14243	0	0	0	0	45531	58840	0	45531	3	45528
14767	0	0	0	0	45007	58980	0	45007	3	45004
15098	0	0	0	0	44676	59096	0	44676	3	44673
13770	0	0	0	0	46004	58940	0	46004	3	46001
13849	0	0	0	0	45925	58872	0	45925	3	45922
14240	0	0	0	0	45534	58831	0	45534	3	45531
14717	0	0	0	0	45057	58920	0	45057	3	45054
14332	0	0	0	0	45442	58931	0	45442	3	45439
13985	0	0	0	0	45789	59012	0	45789	3	45786
14609	0	0	0	0	45165	59164	0	45165	3	45162
14153	0	0	0	0	45621	59090	0	45621	3	45618
13819	0	0	0	0	45955	58901	0	45955	3	45952
14241	0	0	0	0	45533	58966	0	45533	3	45530
15568	0	0	0	0	44206	58962	0	44206	3	44203
13976	0	0	0	0	45798	58067	0	45798	3	45795
13314	0	0	0	0	46460	59026	0	46460	3	46457
15265	0	0	0	0	44509	58862	0	44509	3	44506
13998	0	0	0	0	45776	58020	0	45776	3	45773
15351	0	0	0	0	44423	58994	0	44423	3	44420
14577	0	0	0	0	45197	59034	0	45197	3	45194
14092	0	0	0	0	45682	58995	0	45682	3	45679
14555	0	0	0	0	45219	58907	0	45219	3	45216
15202	0	0	0	0	44572	58896	0	44572	3	44569
13734	0	0	0	0	46040	58902	0	46040	3	46037
13688	0	0	0	0	46086	58897	0	46086	3	46083
13075	0	0	0	0	46699	58943	0	46699	3	46696
15045	0	0	0	0	44729	59188	0	44729	3	44726
15239	0	0	0	0	44535	58958	0	44535	3	44532
14618	0	0	0	0	45156	58994	0	45156	3	45153
15169	0	0	0	0	44605	58691	0	44605	3	44602
13207	0	0	0	0	46567	58983	0	46567	3	46564
13638	0	0	0	0	46136	58911	0	46136	3	46133
14490	0	0	0	0	45284	58959	0	45284	3	45281
15507	0	0	0	0	44267	58461	0	44267	3	44264
14116	0	0	0	0	45658	57991	0	45658	3	45655
15377	0	0	0	0	44397	58192	0	44397	3	44394
14694	0	0	0	0	45080	59103	0	45080	3	45077
14688	0	0	0	0	45086	58847	0	45086	3	45083
13446	0	0	0	0	46328	58870	0	46328	3	46325
14575	0	0	0	0	45199	58890	0	45199	3	45196
14410	0	0	0	0	45364	58910	0	45364	3	45361
15016	0	0	0	0	44758	58032	0	44758	3	44755
14193	0	0	0	0	45581	58258	0	45581	3	45578
14549	0	0	0	0	45225	58603	0	45225	3	45222
14851	0	0	0	0	44923	58091	0	44923	3	44920
14389	0	0	0	0	45385	59000	0	45385	3	45382
14494	0	0	0	0	45280	58949	0	45280	3	45277
15585	0	0	0	0	44189	58895	0	44189	3	44186
14341	0	0	0	0	45433	58881	0	45433	3	45430
13710	0	0	0	0	46064	58987	0	46064	3	46061
13352	0	0	0	0	46422	58934	0	46422	3	46419
15209	0	0	0	0	44565	58862	0	44565	3	44562
14442	0	0	0	0	45332	58901	0	45332	3	45329
15362	0	0	0	0	44412	58952	0	44412	3	44409
13968	0	0	0	0	45806	58028	0	45806	3	45803
13881	0	0	0	0	45893	58941	0	45893	3	45890
15055	0	0	0	0	44719	58886	0	44719	3	44716
14550	0	0	0	0	45224	59132	0	45224	3	45221
13183	0	0	0	0	46591	58922	0	46591	3	46588
14232	0	0	0	0	45542	58824	0	45542	3	45539
14512	0	0	0	0	45262	58046	0	45262	3	45259
14489	0	0	0	0	45285	58089	0	45285	3	45282
14841	0	0	0	0	44933	58933	0	44933	3	44930
14746	0	0	0	0	45028	58974	0	45028	3	45025
14089	0	0	0	0	45685	58864	0	45685	3	45682
16371	0	0	0	0	43403	57988	0	43403	3	43400
14209	0	0	0	0	45565	59195	0	45565	3	45562
14865	0	0	0	0	44909	58852	0	44909	3	44906
13901	0	0	0	0	45873	58908	0	45873	3	45870
15611	0	0	0	0	44163	58411	0	44163	3	44160
14470	0	0	0	0	45304	59169	0	45304	3	45301
14653	0	0	0	0	45121	58864	0	45121	3	45118
14092	0	0	0	0	45682	59131	0	45682	3	45679
14923	0	0	0	0	44851	58949	0	44851	3	44848
14342	0	0	0	0	45432	58986	0	45432	3	45429
14319	0	0	0	0	45455	57923	0	45455	3	45452
15829	0	0	0	0	43945	58875	0	43945	3	43942
14687	0	0	0	0	45087	58825	0	45087	3	45084
16381	0	0	0	0	43393	58316	0	43393	3	43390
15519	0	0	0	0	44255	58830	0	44255	3	44252
14100	0	0	0	0	45674	58885	0	45674	3	45671
13804	0	0	0	0	45970	58933	0	45970	3	45967
14957	0	0	0	0	44817	59025	0	44817	3	44814
15544	0	0	0	0	44230	59080	0	44230	3	44227
14132	0	0	0	0	45642	59132	0	45642	3	45639
14732	0	0	0	0	45042	59015	0	45042	3	45039
15219	0	0	0	0	44555	58986	0	44555	3	44552
14610	0	0	0	0	45164	58050	0	45164	3	45161
13703	0	0	0	0	46071	58960	0	46071	3	46068
13965	0	0	0	0	45809	59060	0	45809	3	45806
14997	0	0	0	0	44777	58964	0	44777	3	44774
14320	0	0	0	0	45454	58809	0	45454	3	45451
14892	0	0	0	0	44882	58996	0	44882	3	44879
14420	0	0	0	0	45354	59059	0	45354	3	45351
14033	0	0	0	0	45741	58101	0	45741	3	45738
14535	0	0	0	0	45239	58921	0	45239	3	45236
13878	0	0	0	0	45896	58936	0	45896	3	45893
15534	0	0	0	0	44240	58846	0	44240	3	44237
14988	0	0	0	0	44786	59038	0	44786	3	44783
15109	0	0	0	0	44665	58051	0	44665	3	44662
13622	0	0	0	0	46152	58990	0	46152	3	46149
13822	0	0	0	0	45952	59228	0	45952	3	45949
13972	0	0	0	0	45802	58465	0	45802	3	45799
14025	0	0	0	0	45749	58899	0	45749	3	45746
14635	0	0	0	0	45139	59008	0	45139	3	45136
15214	0	0	0	0	44560	58895	0	44560	3	44557
14332	0	0	0	0	45442	58073	0	45442	3	45439
13772	0	0	0	0	46002	58923	0	46002	3	45999
14451	0	0	0	0	45323	58878	0	45323	3	45320
14317	0	0	0	0	45457	59056	0	45457	3	45454
15127	0	0	0	0	44647	58061	0	44647	3	44644
14275	0	0	0	0	45499	58846	0	45499	3	45496
13805	0	0	0	0	45969	59073	0	45969	3	45966
14125	0	0	0	0	45649	59121	0	45649	3	45646
14774	0	0	0	0	45000	58216	0	45000	3	44997
16165	0	0	0	0	43609	58881	0	43609	3	43606
14307	0	0	0	0	45467	58326	0	45467	3	45464
12792	0	0	0	0	46982	59029	0	46982	3	46979
14512	0	0	0	0	45262	58940	0	45262	3	45259
14976	0	0	0	0	44798	58964	0	44798	3	44795
14529	0	0	0	0	45245	58250	0	45245	3	45242
14515	0	0	0	0	45259	58116	0	45259	3	45256
14744	0	0	0	0	45030	59061	0	45030	3	45027
14459	0	0	0	0	45315	58839	0	45315	3	45312
14782	0	0	0	0	44992	59004	0	44992	3	44989
14678	0	0	0	0	45096	58948	0	45096	3	45093
14106	0	0	0	0	45668	58890	0	45668	3	45665
14329	0	0	0	0	45445	58803	0	45445	3	45442
15026	0	0	0	0	44748	58863	0	44748	3	44745
13738	0	0	0	0	46036	58943	0	46036	3	46033
14518	0	0	0	0	45256	58969	0	45256	3	45253
14239	0	0	0	0	45535	58909	0	45535	3	45532
13638	0	0	0	0	46136	59016	0	46136	3	46133
15053	0	0	0	0	44721	57954	0	44721	3	44718
15739	0	0	0	0	44035	58065	0	44035	3	44032
15642	0	0	0	0	44132	58223	0	44132	3	44129
13860	0	0	0	0	45914	59220	0	45914	3	45911
14968	0	0	0	0	44806	58318	0	44806	3	44803
14296	0	0	0	0	45478	58902	0	45478	3	45475
15013	0	0	0	0	44761	58040	0	44761	3	44758
13392	0	0	0	0	46382	58930	0	46382	3	46379
14720	0	0	0	0	45054	58882	0	45054	3	45051
14819	0	0	0	0	44955	59047	0	44955	3	44952
14064	0	0	0	0	45710	59451	0	45710	3	45707
14640	0	0	0	0	45134	58869	0	45134	3	45131
13655	0	0	0	0	46119	58082	0	46119	3	46116
14425	0	0	0	0	45349	59068	0	45349	3	45346
13882	0	0	0	0	45892	58903	0	45892	3	45889
14700	0	0	0	0	45074	58228	0	45074	3	45071
15202	0	0	0	0	44572	58921	0	44572	3	44569
14636	0	0	0	0	45138	58114	0	45138	3	45135
15495	0	0	0	0	44279	59013	0	44279	3	44276
14260	0	0	0	0	45514	59143	0	45514	3	45511
15423	0	0	0	0	44351	58925	0	44351	3	44348
13792	0	0	0	0	45982	58925	0	45982	3	45979
15132	0	0	0	0	44642	59125	0	44642	3	44639
14330	0	0	0	0	45444	59012	0	45444	3	45441
16215	0	0	0	0	43559	58935	0	43559	3	43556
14226	0	0	0	0	45548	58910	0	45548	3	45545
14476	0	0	0	0	45298	58179	0	45298	3	45295
13962	0	0	0	0	45812	59009	0	45812	3	45809
14563	0	0	0	0	45211	59251	0	45211	3	45208
15071	0	0	0	0	44703	58914	0	44703	3	44700
14718	0	0	0	0	45056	58891	0	45056	3	45053
15972	0	0	0	0	43802	58936	0	43802	3	43799
14710	0	0	0	0	45064	57947	0	45064	3	45061
15090	0	0	0	0	44684	58112	0	44684	3	44681
14343	0	0	0	0	45431	58965	0	45431	3	45428
13681	0	0	0	0	46093	58836	0	46093	3	46090
13934	0	0	0	0	45840	58284	0	45840	3	45837
14293	0	0	0	0	45481	58162	0	45481	3	45478
15200	0	0	0	0	44574	58820	0	44574	3	44571
14456	0	0	0	0	45318	58938	0	45318	3	45315
13866	0	0	0	0	45908	58132	0	45908	3	45905
14815	0	0	0	0	44959	58852	0	44959	3	44956
15282	0	0	0	0	44492	58927	0	44492	3	44489
13887	0	0	0	0	45887	58828	0	45887	3	45884
14313	0	0	0	0	45461	58196	0	45461	3	45458
14191	0	0	0	0	45583	58805	0	45583	3	45580
14809	0	0	0	0	44965	58817	0	44965	3	44962
13839	0	0	0	0	45935	59001	0	45935	3	45932
15210	0	0	0	0	44564	59371	0	44564	3	44561
13562	0	0	0	0	46212	58991	0	46212	3	46209
13602	0	0	0	0	46172	58241	0	46172	3	46169
14961	0	0	0	0	44813	57935	0	44813	3	44810
14603	0	0	0	0	45171	58818	0	45171	3	45168
15093	0	0	0	0	44681	59074	0	44681	3	44678
13828	0	0	0	0	45946	59168	0	45946	3	45943
14913	0	0	0	0	44861	58905	0	44861	3	44858
13917	0	0	0	0	45857	58854	0	45857	3	45854
14246	0	0	0	0	45528	58991	0	45528	3	45525
15002	0	0	0	0	44772	58054	0	44772	3	44769
14426	0	0	0	0	45348	58802	0	45348	3	45345
13733	0	0	0	0	46041	57987	0	46041	3	46038
14679	0	0	0	0	45095	58854	0	45095	3	45092
14692	0	0	0	0	45082	59110	0	45082	3	45079
15292	0	0	0	0	44482	58138	0	44482	3	44479
14180	0	0	0	0	45594	58919	0	45594	3	45591
14817	0	0	0	0	44957	58000	0	44957	3	44954
14392	0	0	0	0	45382	58795	0	45382	3	45379
14259	0	0	0	0	45515	59402	0	45515	3	45512
14869	0	0	0	0	44905	58945	0	44905	3	44902
14792	0	0	0	0	44982	59241	0	44982	3	44979
14312	0	0	0	0	45462	59185	0	45462	3	45459
14630	0	0	0	0	45144	58480	0	45144	3	45141
14511	0	0	0	0	45263	58415	0	45263	3	45260
14232	0	0	0	0	45542	58861	0	45542	3	45539
14112	0	0	0	0	45662	58821	0	45662	3	45659
13605	0	0	0	0	46169	58995	0	46169	3	46166
15101	0	0	0	0	44673	58910	0	44673	3	44670
14147	0	0	0	0	45627	58019	0	45627	3	45624
14358	0	0	0	0	45416	59012	0	45416	3	45413
14313	0	0	0	0	45461	58840	0	45461	3	45458
13433	0	0	0	0	46341	59105	0	46341	3	46338
14389	0	0	0	0	45385	58037	0	45385	3	45382
14073	0	0	0	0	45701	58821	0	45701	3	45698
14674	0	0	0	0	45100	58890	0	45100	3	45097
14957	0	0	0	0	44817	58264	0	44817	3	44814
15574	0	0	0	0	44200	59030	0	44200	3	44197
14832	0	0	0	0	44942	58868	0	44942	3	44939
14800	0	0	0	0	44974	58882	0	44974	3	44971
14053	0	0	0	0	45721	58146	0	45721	3	45718
13392	0	0	0	0	46382	58910	0	46382	3	46379
14178	0	0	0	0	45596	58161	0	45596	3	45593
14826	0	0	0	0	44948	58347	0	44948	3	44945
15188	0	0	0	0	44586	58981	0	44586	3	44583
13947	0	0	0	0	45827	58871	0	45827	3	45824
15455	0	0	0	0	44319	58886	0	44319	3	44316
14182	0	0	0	0	45592	58235	0	45592	3	45589
13780	0	0	0	0	45994	59215	0	45994	3	45991
15118	0	0	0	0	44656	59179	0	44656	3	44653
13913	0	0	0	0	45861	58124	0	45861	3	45858
14693	0	0	0	0	45081	58917	0	45081	3	45078
14910	0	0	0	0	44864	58937	0	44864	3	44861
14887	0	0	0	0	44887	58231	0	44887	3	44884
15896	0	0	0	0	43878	58289	0	43878	3	43875
15863	0	0	0	0	43911	58343	0	43911	3	43908
15726	0	0	0	0	44048	58926	0	44048	3	44045
15282	0	0	0	0	44492	59071	0	44492	3	44489
14564	0	0	0	0	45210	58005	0	45210	3	45207
14226	0	0	0	0	45548	58943	0	45548	3	45545
15771	0	0	0	0	44003	58573	0	44003	3	44000
13783	0	0	0	0	45991	58912	0	45991	3	45988
14492	0	0	0	0	45282	58813	0	45282	3	45279
