52442	0	0	0	0	7332	57199	0	7332	1768	5564
51829	0	0	0	0	7945	57344	0	7945	1786	6159
52070	0	0	0	0	7704	57253	0	7704	1789	5915
51888	0	0	0	0	7886	57331	0	7886	1814	6072
52242	0	0	0	0	7532	57150	0	7532	1743	5789
52288	0	0	0	0	7486	57347	0	7486	1787	5699
51707	0	0	0	0	8067	57208	0	8067	1768	6299
51843	0	0	0	0	7931	57317	0	7931	1785	6146
51891	0	0	0	0	7883	57097	0	7883	1768	6115
51705	0	0	0	0	8069	57273	0	8069	1823	6246
52250	0	0	0	0	7524	57223	0	7524	1776	5748
51783	0	0	0	0	7991	57304	0	7991	1762	6229
52050	0	0	0	0	7724	57289	0	7724	1788	5936
51872	0	0	0	0	7902	57301	0	7902	1780	6122
51791	0	0	0	0	7983	57114	0	7983	1764	6219
51924	0	0	0	0	7850	57270	0	7850	1811	6039
51835	0	0	0	0	7939	57170	0	7939	1783	6156
51743	0	0	0	0	8031	57164	0	8031	1780	6251
51775	0	0	0	0	7999	57277	0	7999	1824	6175
51741	0	0	0	0	8033	57502	0	8033	1806	6227
52409	0	0	0	0	7365	57189	0	7365	1758	5607
52228	0	0	0	0	7546	57086	0	7546	1759	5787
51908	0	0	0	0	7866	57061	0	7866	1771	6095
51740	0	0	0	0	8034	57072	0	8034	1794	6240
52125	0	0	0	0	7649	57274	0	7649	1791	5858
52162	0	0	0	0	7612	57001	0	7612	1767	5845
51940	0	0	0	0	7834	57311	0	7834	1806	6028
51665	0	0	0	0	8109	57194	0	8109	1764	6345
52043	0	0	0	0	7731	57137	0	7731	1790	5941
51888	0	0	0	0	7886	57258	0	7886	1776	6110
52085	0	0	0	0	7689	57150	0	7689	1777	5912
52228	0	0	0	0	7546	57037	0	7546	1773	5773
51880	0	0	0	0	7894	57287	0	7894	1769	6125
51900	0	0	0	0	7874	57315	0	7874	1799	6075
51719	0	0	0	0	8055	57296	0	8055	1802	6253
52254	0	0	0	0	7520	57126	0	7520	1781	5739
51753	0	0	0	0	8021	57256	0	8021	1774	6247
52197	0	0	0	0	7577	57053	0	7577	1782	5795
52210	0	0	0	0	7564	57076	0	7564	1781	5783
51866	0	0	0	0	7908	57097	0	7908	1787	6121
51717	0	0	0	0	8057	57138	0	8057	1766	6291
51893	0	0	0	0	7881	57257	0	7881	1783	6098
52384	0	0	0	0	7390	57234	0	7390	1759	5631
52368	0	0	0	0	7406	57300	0	7406	1785	5621
51807	0	0	0	0	7967	57071	0	7967	1765	6202
51812	0	0	0	0	7962	57294	0	7962	1794	6168
51556	0	0	0	0	8218	57266	0	8218	1781	6437
51985	0	0	0	0	7789	57344	0	7789	1768	6021
52019	0	0	0	0	7755	57146	0	7755	1791	5964
52262	0	0	0	0	7512	57098	0	7512	1755	5757
51841	0	0	0	0	7933	57073	0	7933	1784	6149
52224	0	0	0	0	7550	56889	0	7550	1764	5786
51825	0	0	0	0	7949	57268	0	7949	1792	6157
51836	0	0	0	0	7938	57038	0	7938	1756	6182
52077	0	0	0	0	7697	57242	0	7697	1767	5930
51915	0	0	0	0	7859	57002	0	7859	1739	6120
52236	0	0	0	0	7538	57110	0	7538	1769	5769
52057	0	0	0	0	7717	57302	0	7717	1798	5919
51960	0	0	0	0	7814	57103	0	7814	1766	6048
51800	0	0	0	0	7974	57029	0	7974	1775	6199
51843	0	0	0	0	7931	57312	0	7931	1768	6163
52253	0	0	0	0	7521	57255	0	7521	1770	5751
52063	0	0	0	0	7711	57081	0	7711	1774	5937
52059	0	0	0	0	7715	57188	0	7715	1746	5969
51853	0	0	0	0	7921	57036	0	7921	1770	6151
52313	0	0	0	0	7461	57101	0	7461	1771	5690
51723	0	0	0	0	8051	57122	0	8051	1789	6262
52057	0	0	0	0	7717	57098	0	7717	1752	5965
52232	0	0	0	0	7542	57300	0	7542	1772	5770
51656	0	0	0	0	8118	57275	0	8118	1792	6326
51909	0	0	0	0	7865	57233	0	7865	1795	6070
51943	0	0	0	0	7831	57320	0	7831	1772	6059
52316	0	0	0	0	7458	57234	0	7458	1778	5680
51827	0	0	0	0	7947	57211	0	7947	1770	6177
51882	0	0	0	0	7892	57260	0	7892	1789	6103
52015	0	0	0	0	7759	57289	0	7759	1774	5985
52012	0	0	0	0	7762	57104	0	7762	1767	5995
51902	0	0	0	0	7872	56874	0	7872	1738	6134
51509	0	0	0	0	8265	57347	0	8265	1778	6487
52142	0	0	0	0	7632	57271	0	7632	1783	5849
52220	0	0	0	0	7554	57299	0	7554	1771	5783
51920	0	0	0	0	7854	57117	0	7854	1782	6072
52115	0	0	0	0	7659	57237	0	7659	1787	5872
51722	0	0	0	0	8052	57036	0	8052	1756	6296
51976	0	0	0	0	7798	57297	0	7798	1790	6008
51668	0	0	0	0	8106	57276	0	8106	1780	6326
51782	0	0	0	0	7992	57247	0	7992	1786	6206
51882	0	0	0	0	7892	57276	0	7892	1764	6128
52102	0	0	0	0	7672	57033	0	7672	1749	5923
51870	0	0	0	0	7904	57083	0	7904	1766	6138
51801	0	0	0	0	7973	57149	0	7973	1773	6200
51974	0	0	0	0	7800	57234	0	7800	1786	6014
52137	0	0	0	0	7637	57305	0	7637	1795	5842
52061	0	0	0	0	7713	57083	0	7713	1786	5927
52047	0	0	0	0	7727	57087	0	7727	1747	5980
51672	0	0	0	0	8102	57169	0	8102	1773	6329
52066	0	0	0	0	7708	57168	0	7708	1775	5933
52178	0	0	0	0	7596	57008	0	7596	1742	5854
51712	0	0	0	0	8062	56934	0	8062	1768	6294
51565	0	0	0	0	8209	57272	0	8209	1797	6412
52005	0	0	0	0	7769	57106	0	7769	1769	6000
52026	0	0	0	0	7748	56983	0	7748	1778	5970
52136	0	0	0	0	7638	57045	0	7638	1774	5864
51715	0	0	0	0	8059	57243	0	8059	1794	6265
51958	0	0	0	0	7816	57212	0	7816	1785	6031
52062	0	0	0	0	7712	57184	0	7712	1778	5934
51659	0	0	0	0	8115	57078	0	8115	1791	6324
51890	0	0	0	0	7884	57283	0	7884	1799	6085
51863	0	0	0	0	7911	57290	0	7911	1759	6152
52064	0	0	0	0	7710	57245	0	7710	1783	5927
52364	0	0	0	0	7410	57282	0	7410	1806	5604
52507	0	0	0	0	7267	57029	0	7267	1799	5468
52008	0	0	0	0	7766	57193	0	7766	1758	6008
51986	0	0	0	0	7788	56997	0	7788	1749	6039
52093	0	0	0	0	7681	57290	0	7681	1776	5905
52136	0	0	0	0	7638	57218	0	7638	1765	5873
51688	0	0	0	0	8086	57130	0	8086	1788	6298
52304	0	0	0	0	7470	57108	0	7470	1764	5706
52151	0	0	0	0	7623	57157	0	7623	1777	5846
51994	0	0	0	0	7780	57009	0	7780	1790	5990
51861	0	0	0	0	7913	57276	0	7913	1793	6120
51891	0	0	0	0	7883	57270	0	7883	1768	6115
51898	0	0	0	0	7876	57204	0	7876	1742	6134
51630	0	0	0	0	8144	57285	0	8144	1807	6337
51461	0	0	0	0	8313	57258	0	8313	1790	6523
52024	0	0	0	0	7750	57258	0	7750	1773	5977
51978	0	0	0	0	7796	57086	0	7796	1790	6006
51426	0	0	0	0	8348	57051	0	8348	1771	6577
52146	0	0	0	0	7628	57050	0	7628	1784	5844
51676	0	0	0	0	8098	57242	0	8098	1785	6313
52169	0	0	0	0	7605	57308	0	7605	1778	5827
51942	0	0	0	0	7832	57269	0	7832	1803	6029
51873	0	0	0	0	7901	57292	0	7901	1773	6128
52114	0	0	0	0	7660	57235	0	7660	1759	5901
51844	0	0	0	0	7930	57232	0	7930	1745	6185
51765	0	0	0	0	8009	57248	0	8009	1791	6218
51512	0	0	0	0	8262	57237	0	8262	1806	6456
52089	0	0	0	0	7685	57247	0	7685	1777	5908
51745	0	0	0	0	8029	57215	0	8029	1807	6222
51859	0	0	0	0	7915	57020	0	7915	1766	6149
52294	0	0	0	0	7480	57108	0	7480	1753	5727
51857	0	0	0	0	7917	57294	0	7917	1804	6113
52022	0	0	0	0	7752	57250	0	7752	1776	5976
51794	0	0	0	0	7980	57306	0	7980	1773	6207
52150	0	0	0	0	7624	57290	0	7624	1820	5804
52325	0	0	0	0	7449	57107	0	7449	1811	5638
51991	0	0	0	0	7783	57317	0	7783	1761	6022
52093	0	0	0	0	7681	57248	0	7681	1790	5891
52297	0	0	0	0	7477	57110	0	7477	1786	5691
52124	0	0	0	0	7650	57060	0	7650	1759	5891
51904	0	0	0	0	7870	57020	0	7870	1788	6082
52181	0	0	0	0	7593	57017	0	7593	1768	5825
51803	0	0	0	0	7971	57194	0	7971	1761	6210
51575	0	0	0	0	8199	57137	0	8199	1785	6414
51769	0	0	0	0	8005	57303	0	8005	1794	6211
52009	0	0	0	0	7765	57302	0	7765	1781	5984
51802	0	0	0	0	7972	57302	0	7972	1793	6179
51843	0	0	0	0	7931	57062	0	7931	1781	6150
52087	0	0	0	0	7687	57274	0	7687	1783	5904
51563	0	0	0	0	8211	57111	0	8211	1756	6455
51365	0	0	0	0	8409	57220	0	8409	1784	6625
51626	0	0	0	0	8148	57255	0	8148	1776	6372
51735	0	0	0	0	8039	56986	0	8039	1796	6243
52254	0	0	0	0	7520	57173	0	7520	1744	5776
51919	0	0	0	0	7855	57010	0	7855	1764	6091
51840	0	0	0	0	7934	57105	0	7934	1795	6139
51752	0	0	0	0	8022	57075	0	8022	1772	6250
51646	0	0	0	0	8128	57317	0	8128	1788	6340
52321	0	0	0	0	7453	57126	0	7453	1738	5715
52161	0	0	0	0	7613	57297	0	7613	1793	5820
52192	0	0	0	0	7582	57167	0	7582	1775	5807
51854	0	0	0	0	7920	57058	0	7920	1774	6146
52047	0	0	0	0	7727	56996	0	7727	1775	5952
52047	0	0	0	0	7727	57203	0	7727	1778	5949
51667	0	0	0	0	8107	57302	0	8107	1775	6332
52259	0	0	0	0	7515	56931	0	7515	1747	5768
52225	0	0	0	0	7549	57327	0	7549	1781	5768
52066	0	0	0	0	7708	57313	0	7708	1795	5913
51737	0	0	0	0	8037	57280	0	8037	1783	6254
52599	0	0	0	0	7175	57239	0	7175	1779	5396
52066	0	0	0	0	7708	57242	0	7708	1769	5939
51748	0	0	0	0	8026	57101	0	8026	1798	6228
52057	0	0	0	0	7717	57251	0	7717	1802	5915
51968	0	0	0	0	7806	57296	0	7806	1796	6010
52195	0	0	0	0	7579	57066	0	7579	1786	5793
51869	0	0	0	0	7905	57090	0	7905	1807	6098
52015	0	0	0	0	7759	57048	0	7759	1781	5978
51949	0	0	0	0	7825	57285	0	7825	1775	6050
51859	0	0	0	0	7915	57129	0	7915	1792	6123
51772	0	0	0	0	8002	57257	0	8002	1811	6191
52087	0	0	0	0	7687	57142	0	7687	1764	5923
52350	0	0	0	0	7424	57070	0	7424	1752	5672
52034	0	0	0	0	7740	57251	0	7740	1802	5938
51703	0	0	0	0	8071	57302	0	8071	1788	6283
51489	0	0	0	0	8285	57314	0	8285	1776	6509
52085	0	0	0	0	7689	57061	0	7689	1790	5899
51922	0	0	0	0	7852	57340	0	7852	1810	6042
51970	0	0	0	0	7804	57114	0	7804	1781	6023
51557	0	0	0	0	8217	57295	0	8217	1806	6411
51773	0	0	0	0	8001	57158	0	8001	1756	6245
51657	0	0	0	0	8117	57096	0	8117	1767	6350
52080	0	0	0	0	7694	57291	0	7694	1761	5933
52424	0	0	0	0	7350	57250	0	7350	1792	5558
52067	0	0	0	0	7707	57054	0	7707	1776	5931
51812	0	0	0	0	7962	57064	0	7962	1763	6199
52114	0	0	0	0	7660	57099	0	7660	1772	5888
52004	0	0	0	0	7770	57337	0	7770	1786	5984
51843	0	0	0	0	7931	57188	0	7931	1764	6167
51987	0	0	0	0	7787	57342	0	7787	1787	6000
52012	0	0	0	0	7762	57231	0	7762	1796	5966
52081	0	0	0	0	7693	57084	0	7693	1767	5926
51999	0	0	0	0	7775	57017	0	7775	1769	6006
51997	0	0	0	0	7777	57111	0	7777	1794	5983
52071	0	0	0	0	7703	57114	0	7703	1776	5927
51874	0	0	0	0	7900	57109	0	7900	1781	6119
51788	0	0	0	0	7986	57020	0	7986	1782	6204
51463	0	0	0	0	8311	57131	0	8311	1760	6551
51919	0	0	0	0	7855	57415	0	7855	1772	6083
51649	0	0	0	0	8125	57279	0	8125	1747	6378
51879	0	0	0	0	7895	57350	0	7895	1812	6083
51702	0	0	0	0	8072	57309	0	8072	1787	6285
52056	0	0	0	0	7718	57278	0	7718	1799	5919
51969	0	0	0	0	7805	57100	0	7805	1737	6068
51786	0	0	0	0	7988	57283	0	7988	1765	6223
52068	0	0	0	0	7706	57109	0	7706	1758	5948
51891	0	0	0	0	7883	57200	0	7883	1768	6115
51933	0	0	0	0	7841	57076	0	7841	1766	6075
52101	0	0	0	0	7673	56985	0	7673	1744	5929
51637	0	0	0	0	8137	57075	0	8137	1773	6364
52042	0	0	0	0	7732	57004	0	7732	1769	5963
52060	0	0	0	0	7714	57021	0	7714	1766	5948
51853	0	0	0	0	7921	57149	0	7921	1742	6179
52080	0	0	0	0	7694	57071	0	7694	1733	5961
51912	0	0	0	0	7862	57264	0	7862	1766	6096
52317	0	0	0	0	7457	57248	0	7457	1744	5713
51907	0	0	0	0	7867	57124	0	7867	1790	6077
52081	0	0	0	0	7693	57291	0	7693	1821	5872
51979	0	0	0	0	7795	57299	0	7795	1790	6005
51979	0	0	0	0	7795	57161	0	7795	1753	6042
52098	0	0	0	0	7676	57089	0	7676	1757	5919
51883	0	0	0	0	7891	57017	0	7891	1735	6156
52005	0	0	0	0	7769	57185	0	7769	1794	5975
51738	0	0	0	0	8036	57263	0	8036	1791	6245
51905	0	0	0	0	7869	57113	0	7869	1801	6068
52074	0	0	0	0	7700	57202	0	7700	1780	5920
52133	0	0	0	0	7641	57289	0	7641	1813	5828
51968	0	0	0	0	7806	57268	0	7806	1774	6032
52445	0	0	0	0	7329	57191	0	7329	1761	5568
52142	0	0	0	0	7632	57154	0	7632	1774	5858
52300	0	0	0	0	7474	57245	0	7474	1796	5678
51750	0	0	0	0	8024	57133	0	8024	1785	6239
52214	0	0	0	0	7560	57307	0	7560	1804	5756
52098	0	0	0	0	7676	57348	0	7676	1799	5877
52281	0	0	0	0	7493	57081	0	7493	1770	5723
51888	0	0	0	0	7886	57093	0	7886	1781	6105
52198	0	0	0	0	7576	57224	0	7576	1771	5805
52128	0	0	0	0	7646	57055	0	7646	1770	5876
52077	0	0	0	0	7697	57261	0	7697	1763	5934
52186	0	0	0	0	7588	57037	0	7588	1758	5830
52076	0	0	0	0	7698	57016	0	7698	1778	5920
52095	0	0	0	0	7679	57266	0	7679	1788	5891
51749	0	0	0	0	8025	57207	0	8025	1774	6251
51895	0	0	0	0	7879	57154	0	7879	1783	6096
51983	0	0	0	0	7791	57100	0	7791	1769	6022
51868	0	0	0	0	7906	57177	0	7906	1777	6129
51855	0	0	0	0	7919	57111	0	7919	1784	6135
52067	0	0	0	0	7707	57277	0	7707	1771	5936
51924	0	0	0	0	7850	57285	0	7850	1804	6046
52208	0	0	0	0	7566	57130	0	7566	1777	5789
51833	0	0	0	0	7941	57320	0	7941	1796	6145
52362	0	0	0	0	7412	57308	0	7412	1782	5630
52173	0	0	0	0	7601	57141	0	7601	1772	5829
51770	0	0	0	0	8004	57262	0	8004	1792	6212
52099	0	0	0	0	7675	57307	0	7675	1794	5881
52293	0	0	0	0	7481	57306	0	7481	1781	5700
51704	0	0	0	0	8070	57249	0	8070	1787	6283
52023	0	0	0	0	7751	57043	0	7751	1792	5959
52023	0	0	0	0	7751	57239	0	7751	1784	5967
51812	0	0	0	0	7962	57291	0	7962	1789	6173
52150	0	0	0	0	7624	56958	0	7624	1754	5870
52115	0	0	0	0	7659	57319	0	7659	1786	5873
51823	0	0	0	0	7951	57258	0	7951	1758	6193
51570	0	0	0	0	8204	57277	0	8204	1802	6402
51757	0	0	0	0	8017	57027	0	8017	1772	6245
52030	0	0	0	0	7744	57117	0	7744	1755	5989
51900	0	0	0	0	7874	57088	0	7874	1795	6079
52099	0	0	0	0	7675	57233	0	7675	1811	5864
51937	0	0	0	0	7837	57292	0	7837	1798	6039
51832	0	0	0	0	7942	57279	0	7942	1783	6159
51643	0	0	0	0	8131	57069	0	8131	1747	6384
52091	0	0	0	0	7683	57224	0	7683	1780	5903
51943	0	0	0	0	7831	57317	0	7831	1796	6035
51852	0	0	0	0	7922	57222	0	7922	1782	6140
52186	0	0	0	0	7588	57128	0	7588	1753	5835
51878	0	0	0	0	7896	57109	0	7896	1772	6124
51908	0	0	0	0	7866	57257	0	7866	1781	6085
52118	0	0	0	0	7656	57113	0	7656	1751	5905
52279	0	0	0	0	7495	56976	0	7495	1755	5740
51842	0	0	0	0	7932	57239	0	7932	1785	6147
51942	0	0	0	0	7832	57238	0	7832	1785	6047
51733	0	0	0	0	8041	57339	0	8041	1766	6275
52028	0	0	0	0	7746	57106	0	7746	1794	5952
51997	0	0	0	0	7777	57341	0	7777	1806	5971
51588	0	0	0	0	8186	57245	0	8186	1786	6400
51897	0	0	0	0	7877	57250	0	7877	1790	6087
52036	0	0	0	0	7738	57035	0	7738	1765	5973
52388	0	0	0	0	7386	57230	0	7386	1773	5613
52233	0	0	0	0	7541	57218	0	7541	1781	5760
52339	0	0	0	0	7435	57251	0	7435	1785	5650
51898	0	0	0	0	7876	57298	0	7876	1796	6080
51942	0	0	0	0	7832	57292	0	7832	1803	6029
52283	0	0	0	0	7491	57074	0	7491	1779	5712
51854	0	0	0	0	7920	57286	0	7920	1802	6118
51911	0	0	0	0	7863	57106	0	7863	1755	6108
52051	0	0	0	0	7723	57088	0	7723	1768	5955
52192	0	0	0	0	7582	56968	0	7582	1768	5814
52224	0	0	0	0	7550	57086	0	7550	1735	5815
52290	0	0	0	0	7484	57068	0	7484	1777	5707
52394	0	0	0	0	7380	57270	0	7380	1773	5607
51803	0	0	0	0	7971	56881	0	7971	1759	6212
51759	0	0	0	0	8015	57107	0	8015	1791	6224
52058	0	0	0	0	7716	57070	0	7716	1745	5971
51836	0	0	0	0	7938	57318	0	7938	1814	6124
52043	0	0	0	0	7731	57031	0	7731	1788	5943
51928	0	0	0	0	7846	57305	0	7846	1786	6060
51953	0	0	0	0	7821	57198	0	7821	1754	6067
52453	0	0	0	0	7321	57176	0	7321	1759	5562
52024	0	0	0	0	7750	57244	0	7750	1790	5960
51964	0	0	0	0	7810	56997	0	7810	1778	6032
51899	0	0	0	0	7875	57326	0	7875	1777	6098
51918	0	0	0	0	7856	57149	0	7856	1765	6091
51879	0	0	0	0	7895	57222	0	7895	1759	6136
52175	0	0	0	0	7599	57257	0	7599	1797	5802
52254	0	0	0	0	7520	57243	0	7520	1775	5745
51666	0	0	0	0	8108	57289	0	8108	1791	6317
52066	0	0	0	0	7708	57311	0	7708	1770	5938
51588	0	0	0	0	8186	57262	0	8186	1809	6377
51993	0	0	0	0	7781	56960	0	7781	1762	6019
51820	0	0	0	0	7954	57313	0	7954	1799	6155
52465	0	0	0	0	7309	57140	0	7309	1739	5570
52238	0	0	0	0	7536	57079	0	7536	1757	5779
51783	0	0	0	0	7991	57325	0	7991	1797	6194
51922	0	0	0	0	7852	57293	0	7852	1808	6044
52157	0	0	0	0	7617	57260	0	7617	1783	5834
52285	0	0	0	0	7489	57054	0	7489	1752	5737
52213	0	0	0	0	7561	56956	0	7561	1756	5805
51843	0	0	0	0	7931	57314	0	7931	1775	6156
52483	0	0	0	0	7291	57229	0	7291	1770	5521
52176	0	0	0	0	7598	57271	0	7598	1787	5811
52203	0	0	0	0	7571	57184	0	7571	1766	5805
52027	0	0	0	0	7747	57014	0	7747	1720	6027
51540	0	0	0	0	8234	57312	0	8234	1822	6412
51549	0	0	0	0	8225	57299	0	8225	1771	6454
51957	0	0	0	0	7817	57264	0	7817	1791	6026
51946	0	0	0	0	7828	57246	0	7828	1772	6056
52041	0	0	0	0	7733	57113	0	7733	1786	5947
51845	0	0	0	0	7929	57221	0	7929	1788	6141
51851	0	0	0	0	7923	57296	0	7923	1792	6131
51734	0	0	0	0	8040	57303	0	8040	1754	6286
51399	0	0	0	0	8375	57280	0	8375	1808	6567
51888	0	0	0	0	7886	57152	0	7886	1759	6127
52197	0	0	0	0	7577	57208	0	7577	1762	5815
52075	0	0	0	0	7699	57259	0	7699	1767	5932
51944	0	0	0	0	7830	57097	0	7830	1790	6040
52079	0	0	0	0	7695	57036	0	7695	1783	5912
52298	0	0	0	0	7476	57132	0	7476	1757	5719
51892	0	0	0	0	7882	57261	0	7882	1789	6093
51824	0	0	0	0	7950	57092	0	7950	1754	6196
51663	0	0	0	0	8111	57223	0	8111	1759	6352
51980	0	0	0	0	7794	57069	0	7794	1779	6015
52332	0	0	0	0	7442	57329	0	7442	1794	5648
51576	0	0	0	0	8198	57124	0	8198	1785	6413
51821	0	0	0	0	7953	57283	0	7953	1785	6168
52311	0	0	0	0	7463	57094	0	7463	1782	5681
52183	0	0	0	0	7591	57107	0	7591	1729	5862
51989	0	0	0	0	7785	57213	0	7785	1771	6014
52254	0	0	0	0	7520	57074	0	7520	1754	5766
51699	0	0	0	0	8075	57341	0	8075	1782	6293
51684	0	0	0	0	8090	57156	0	8090	1779	6311
51651	0	0	0	0	8123	57047	0	8123	1775	6348
52041	0	0	0	0	7733	57280	0	7733	1786	5947
51920	0	0	0	0	7854	57225	0	7854	1793	6061
51779	0	0	0	0	7995	57150	0	7995	1803	6192
51947	0	0	0	0	7827	57383	0	7827	1801	6026
52153	0	0	0	0	7621	57278	0	7621	1805	5816
52027	0	0	0	0	7747	57281	0	7747	1792	5955
51437	0	0	0	0	8337	57266	0	8337	1797	6540
51987	0	0	0	0	7787	57190	0	7787	1768	6019
51683	0	0	0	0	8091	57179	0	8091	1772	6319
52014	0	0	0	0	7760	57253	0	7760	1793	5967
52122	0	0	0	0	7652	57200	0	7652	1780	5872
52568	0	0	0	0	7206	57282	0	7206	1779	5427
52000	0	0	0	0	7774	57241	0	7774	1796	5978
51840	0	0	0	0	7934	57313	0	7934	1802	6132
52273	0	0	0	0	7501	57317	0	7501	1778	5723
51870	0	0	0	0	7904	56941	0	7904	1764	6140
51867	0	0	0	0	7907	57117	0	7907	1777	6130
51845	0	0	0	0	7929	57130	0	7929	1778	6151
51914	0	0	0	0	7860	57199	0	7860	1788	6072
51932	0	0	0	0	7842	57303	0	7842	1768	6074
52371	0	0	0	0	7403	57092	0	7403	1773	5630
52218	0	0	0	0	7556	57282	0	7556	1763	5793
51795	0	0	0	0	7979	57080	0	7979	1766	6213
52025	0	0	0	0	7749	57286	0	7749	1801	5948
51813	0	0	0	0	7961	57290	0	7961	1792	6169
51796	0	0	0	0	7978	57282	0	7978	1813	6165
51695	0	0	0	0	8079	57163	0	8079	1754	6325
51748	0	0	0	0	8026	57160	0	8026	1781	6245
51663	0	0	0	0	8111	57064	0	8111	1781	6330
51854	0	0	0	0	7920	57059	0	7920	1766	6154
51795	0	0	0	0	7979	57057	0	7979	1780	6199
51938	0	0	0	0	7836	57250	0	7836	1789	6047
52003	0	0	0	0	7771	57118	0	7771	1771	6000
51997	0	0	0	0	7777	57131	0	7777	1771	6006
52166	0	0	0	0	7608	57235	0	7608	1770	5838
51694	0	0	0	0	8080	57242	0	8080	1773	6307
51681	0	0	0	0	8093	57082	0	8093	1776	6317
52199	0	0	0	0	7575	57200	0	7575	1729	5846
52003	0	0	0	0	7771	57262	0	7771	1790	5981
51900	0	0	0	0	7874	57224	0	7874	1757	6117
51936	0	0	0	0	7838	57205	0	7838	1763	6075
51953	0	0	0	0	7821	57039	0	7821	1773	6048
52494	0	0	0	0	7280	57027	0	7280	1783	5497
52074	0	0	0	0	7700	57218	0	7700	1769	5931
51175	0	0	0	0	8599	57266	0	8599	1794	6805
51648	0	0	0	0	8126	57270	0	8126	1772	6354
52227	0	0	0	0	7547	57103	0	7547	1778	5769
51480	0	0	0	0	8294	57303	0	8294	1825	6469
51898	0	0	0	0	7876	57091	0	7876	1772	6104
52184	0	0	0	0	7590	57136	0	7590	1786	5804
52017	0	0	0	0	7757	57280	0	7757	1767	5990
52315	0	0	0	0	7459	57184	0	7459	1772	5687
51929	0	0	0	0	7845	57314	0	7845	1802	6043
51509	0	0	0	0	8265	57219	0	8265	1783	6482
52061	0	0	0	0	7713	57257	0	7713	1798	5915
52191	0	0	0	0	7583	57062	0	7583	1753	5830
51654	0	0	0	0	8120	57261	0	8120	1766	6354
51873	0	0	0	0	7901	57253	0	7901	1820	6081
52264	0	0	0	0	7510	57083	0	7510	1768	5742
52274	0	0	0	0	7500	57254	0	7500	1786	5714
52047	0	0	0	0	7727	57297	0	7727	1789	5938
51897	0	0	0	0	7877	57292	0	7877	1787	6090
51800	0	0	0	0	7974	57325	0	7974	1799	6175
51893	0	0	0	0	7881	57327	0	7881	1784	6097
51853	0	0	0	0	7921	57139	0	7921	1749	6172
51978	0	0	0	0	7796	57272	0	7796	1785	6011
51812	0	0	0	0	7962	57128	0	7962	1760	6202
52130	0	0	0	0	7644	57303	0	7644	1784	5860
52060	0	0	0	0	7714	57278	0	7714	1759	5955
51785	0	0	0	0	7989	57339	0	7989	1772	6217
52043	0	0	0	0	7731	57140	0	7731	1755	5976
51736	0	0	0	0	8038	57195	0	8038	1781	6257
51808	0	0	0	0	7966	57291	0	7966	1781	6185
52147	0	0	0	0	7627	57275	0	7627	1790	5837
51665	0	0	0	0	8109	57261	0	8109	1778	6331
51405	0	0	0	0	8369	57242	0	8369	1788	6581
52205	0	0	0	0	7569	57061	0	7569	1760	5809
52000	0	0	0	0	7774	57218	0	7774	1766	6008
52007	0	0	0	0	7767	57211	0	7767	1767	6000
51859	0	0	0	0	7915	57283	0	7915	1769	6146
52383	0	0	0	0	7391	57507	0	7391	1788	5603
51660	0	0	0	0	8114	57047	0	8114	1762	6352
51795	0	0	0	0	7979	57299	0	7979	1724	6255
51993	0	0	0	0	7781	57254	0	7781	1783	5998
51653	0	0	0	0	8121	56992	0	8121	1783	6338
52210	0	0	0	0	7564	57217	0	7564	1782	5782
52119	0	0	0	0	7655	57145	0	7655	1780	5875
51477	0	0	0	0	8297	57276	0	8297	1783	6514
51903	0	0	0	0	7871	57256	0	7871	1798	6073
51951	0	0	0	0	7823	57280	0	7823	1763	6060
51926	0	0	0	0	7848	57143	0	7848	1764	6084
51872	0	0	0	0	7902	57183	0	7902	1738	6164
51725	0	0	0	0	8049	57141	0	8049	1798	6251
52162	0	0	0	0	7612	57319	0	7612	1767	5845
52168	0	0	0	0	7606	57093	0	7606	1779	5827
52235	0	0	0	0	7539	57088	0	7539	1775	5764
51706	0	0	0	0	8068	57249	0	8068	1782	6286
51941	0	0	0	0	7833	57133	0	7833	1780	6053
51636	0	0	0	0	8138	57130	0	8138	1753	6385
51746	0	0	0	0	8028	57167	0	8028	1773	6255
51944	0	0	0	0	7830	57250	0	7830	1809	6021
52013	0	0	0	0	7761	57094	0	7761	1766	5995
51797	0	0	0	0	7977	57280	0	7977	1776	6201
51994	0	0	0	0	7780	57315	0	7780	1777	6003
52594	0	0	0	0	7180	57109	0	7180	1775	5405
51683	0	0	0	0	8091	57001	0	8091	1752	6339
52061	0	0	0	0	7713	57250	0	7713	1753	5960
52451	0	0	0	0	7323	57015	0	7323	1776	5547
52010	0	0	0	0	7764	57316	0	7764	1794	5970
52412	0	0	0	0	7362	57249	0	7362	1768	5594
52181	0	0	0	0	7593	57342	0	7593	1781	5812
51744	0	0	0	0	8030	57066	0	8030	1786	6244
52077	0	0	0	0	7697	57064	0	7697	1743	5954
52141	0	0	0	0	7633	56997	0	7633	1793	5840
52022	0	0	0	0	7752	57095	0	7752	1765	5987
52133	0	0	0	0	7641	57330	0	7641	1807	5834
51978	0	0	0	0	7796	57258	0	7796	1791	6005
52083	0	0	0	0	7691	57233	0	7691	1799	5892
51972	0	0	0	0	7802	57101	0	7802	1765	6037
51622	0	0	0	0	8152	57041	0	8152	1787	6365
