59165	0	0	0	0	609	49491	49491	609	3	606
59080	0	0	0	0	694	56843	56843	694	3	691
59308	0	0	0	0	466	41090	41090	466	3	463
58934	0	0	0	0	840	57307	57307	840	3	837
58944	0	0	0	0	830	57697	57697	830	3	827
58905	0	0	0	0	869	57869	57869	869	3	866
58998	0	0	0	0	776	56530	56530	776	3	773
59047	0	0	0	0	727	52009	52009	727	3	724
58992	0	0	0	0	782	55984	55984	782	3	779
59275	0	0	0	0	499	56206	56206	499	3	496
58800	0	0	0	0	974	56781	56781	974	3	971
58932	0	0	0	0	842	56502	56502	842	3	839
58727	0	0	0	0	1047	56594	56594	1047	3	1044
59493	0	0	0	0	281	39074	39074	281	3	278
58953	0	0	0	0	821	56577	56577	821	3	818
58921	0	0	0	0	853	57587	57587	853	3	850
59299	0	0	0	0	475	46883	46883	475	3	472
58862	0	0	0	0	912	56498	56498	912	3	909
58962	0	0	0	0	812	57415	57415	812	3	809
58580	0	0	0	0	1194	57707	57707	1194	3	1191
58913	0	0	0	0	861	56776	56776	861	3	858
58804	0	0	0	0	970	57465	57465	970	3	967
59067	0	0	0	0	707	55749	55749	707	3	704
59255	0	0	0	0	519	43819	43819	519	3	516
59396	0	0	0	0	378	33249	33249	378	3	375
59294	0	0	0	0	480	43999	43999	480	3	477
58974	0	0	0	0	800	56707	56707	800	3	797
59278	0	0	0	0	496	50953	50953	496	3	493
58885	0	0	0	0	889	56481	56481	889	3	886
58919	0	0	0	0	855	56810	56810	855	3	852
59084	0	0	0	0	690	55355	55355	690	3	687
59121	0	0	0	0	653	57385	57385	653	3	650
58977	0	0	0	0	797	56631	56631	797	3	794
58748	0	0	0	0	1026	56410	56410	1026	3	1023
58921	0	0	0	0	853	56857	56857	853	3	850
59337	0	0	0	0	437	39322	39322	437	3	434
59532	0	0	0	0	242	33362	33362	242	3	239
59113	0	0	0	0	661	56453	56453	661	3	658
59145	0	0	0	0	629	56274	56274	629	3	626
59375	0	0	0	0	399	43159	43159	399	3	396
59034	0	0	0	0	740	56062	56062	740	3	737
59227	0	0	0	0	547	55481	55481	547	3	544
59006	0	0	0	0	768	56913	56913	768	3	765
58975	0	0	0	0	799	56796	56796	799	3	796
59050	0	0	0	0	724	56375	56375	724	3	721
58895	0	0	0	0	879	56824	56824	879	3	876
58914	0	0	0	0	860	55346	55346	860	3	857
58687	0	0	0	0	1087	56831	56831	1087	3	1084
58893	0	0	0	0	881	56276	56276	881	3	878
59141	0	0	0	0	633	52427	52427	633	3	630
58929	0	0	0	0	845	56813	56813	845	3	842
58902	0	0	0	0	872	56577	56577	872	3	869
58623	0	0	0	0	1151	56850	56850	1151	3	1148
58717	0	0	0	0	1057	56781	56781	1057	3	1054
58753	0	0	0	0	1021	56816	56816	1021	3	1018
58915	0	0	0	0	859	55875	55875	859	3	856
58887	0	0	0	0	887	56723	56723	887	3	884
59173	0	0	0	0	601	52673	52673	601	3	598
58779	0	0	0	0	995	56548	56548	995	3	992
58863	0	0	0	0	911	57420	57420	911	3	908
58827	0	0	0	0	947	55966	55966	947	3	944
58835	0	0	0	0	939	57335	57335	939	3	936
58854	0	0	0	0	920	56546	56546	920	3	917
59048	0	0	0	0	726	54614	54614	726	3	723
59600	0	0	0	0	174	36076	36076	174	3	171
58893	0	0	0	0	881	56750	56750	881	3	878
58860	0	0	0	0	914	56937	56937	914	3	911
58858	0	0	0	0	916	57024	57024	916	3	913
58878	0	0	0	0	896	57472	57472	896	3	893
59532	0	0	0	0	242	34135	34135	242	3	239
58886	0	0	0	0	888	57028	57028	888	3	885
59150	0	0	0	0	624	56490	56490	624	3	621
59274	0	0	0	0	500	44342	44342	500	3	497
58968	0	0	0	0	806	56386	56386	806	3	803
58861	0	0	0	0	913	56649	56649	913	3	910
59534	0	0	0	0	240	44140	44140	240	3	237
58995	0	0	0	0	779	56266	56266	779	3	776
58954	0	0	0	0	820	57350	57350	820	3	817
58800	0	0	0	0	974	57063	57063	974	3	971
58912	0	0	0	0	862	57488	57488	862	3	859
58968	0	0	0	0	806	56536	56536	806	3	803
58736	0	0	0	0	1038	57291	57291	1038	3	1035
59091	0	0	0	0	683	56329	56329	683	3	680
59001	0	0	0	0	773	57440	57440	773	3	770
59357	0	0	0	0	417	40349	40349	417	3	414
59273	0	0	0	0	501	40496	40496	501	3	498
58848	0	0	0	0	926	56854	56854	926	3	923
59482	0	0	0	0	292	38787	38787	292	3	289
58764	0	0	0	0	1010	56787	56787	1010	3	1007
58969	0	0	0	0	805	56236	56236	805	3	802
59121	0	0	0	0	653	55450	55450	653	3	650
58972	0	0	0	0	802	55592	55592	802	3	799
58753	0	0	0	0	1021	57082	57082	1021	3	1018
58968	0	0	0	0	806	56885	56885	806	3	803
59350	0	0	0	0	424	44512	44512	424	3	421
58820	0	0	0	0	954	56978	56978	954	3	951
59027	0	0	0	0	747	56135	56135	747	3	744
59002	0	0	0	0	772	53425	53425	772	3	769
58826	0	0	0	0	948	56620	56620	948	3	945
58956	0	0	0	0	818	56653	56653	818	3	815
58845	0	0	0	0	929	56525	56525	929	3	926
58785	0	0	0	0	989	57438	57438	989	3	986
58710	0	0	0	0	1064	57565	57565	1064	3	1061
58777	0	0	0	0	997	56870	56870	997	3	994
58997	0	0	0	0	777	56551	56551	777	3	774
58878	0	0	0	0	896	55632	55632	896	3	893
59048	0	0	0	0	726	56110	56110	726	3	723
59426	0	0	0	0	348	36471	36471	348	3	345
59262	0	0	0	0	512	45848	45848	512	3	509
58928	0	0	0	0	846	56400	56400	846	3	843
58794	0	0	0	0	980	56167	56167	980	3	977
59377	0	0	0	0	397	42420	42420	397	3	394
59329	0	0	0	0	445	49968	49968	445	3	442
59187	0	0	0	0	587	51438	51438	587	3	584
59443	0	0	0	0	331	43408	43408	331	3	328
59098	0	0	0	0	676	55292	55292	676	3	673
59516	0	0	0	0	258	37683	37683	258	3	255
59010	0	0	0	0	764	53634	53634	764	3	761
58983	0	0	0	0	791	57492	57492	791	3	788
58465	0	0	0	0	1309	57387	57387	1309	3	1306
59467	0	0	0	0	307	44924	44924	307	3	304
58995	0	0	0	0	779	53926	53926	779	3	776
59305	0	0	0	0	469	42982	42982	469	3	466
58975	0	0	0	0	799	56761	56761	799	3	796
58735	0	0	0	0	1039	57182	57182	1039	3	1036
58839	0	0	0	0	935	56668	56668	935	3	932
58795	0	0	0	0	979	56304	56304	979	3	976
59043	0	0	0	0	731	57360	57360	731	3	728
58735	0	0	0	0	1039	56732	56732	1039	3	1036
58757	0	0	0	0	1017	57104	57104	1017	3	1014
59145	0	0	0	0	629	53142	53142	629	3	626
59340	0	0	0	0	434	44638	44638	434	3	431
58947	0	0	0	0	827	57579	57579	827	3	824
59061	0	0	0	0	713	56717	56717	713	3	710
58651	0	0	0	0	1123	57370	57370	1123	3	1120
59269	0	0	0	0	505	41960	41960	505	3	502
59104	0	0	0	0	670	52418	52418	670	3	667
58777	0	0	0	0	997	57484	57484	997	3	994
59354	0	0	0	0	420	49420	49420	420	3	417
58780	0	0	0	0	994	57105	57105	994	3	991
58893	0	0	0	0	881	57063	57063	881	3	878
58994	0	0	0	0	780	56473	56473	780	3	777
59477	0	0	0	0	297	33484	33484	297	3	294
58916	0	0	0	0	858	56030	56030	858	3	855
59262	0	0	0	0	512	50958	50958	512	3	509
58740	0	0	0	0	1034	56172	56172	1034	3	1031
59140	0	0	0	0	634	56357	56357	634	3	631
59069	0	0	0	0	705	57688	57688	705	3	702
59331	0	0	0	0	443	44216	44216	443	3	440
58808	0	0	0	0	966	56524	56524	966	3	963
58974	0	0	0	0	800	56093	56093	800	3	797
59022	0	0	0	0	752	56380	56380	752	3	749
58949	0	0	0	0	825	56705	56705	825	3	822
59086	0	0	0	0	688	57220	57220	688	3	685
59046	0	0	0	0	728	56712	56712	728	3	725
58934	0	0	0	0	840	56640	56640	840	3	837
59050	0	0	0	0	724	55350	55350	724	3	721
58907	0	0	0	0	867	56590	56590	867	3	864
58871	0	0	0	0	903	57049	57049	903	3	900
58901	0	0	0	0	873	56869	56869	873	3	870
58609	0	0	0	0	1165	57259	57259	1165	3	1162
59160	0	0	0	0	614	56070	56070	614	3	611
58854	0	0	0	0	920	57072	57072	920	3	917
58815	0	0	0	0	959	56750	56750	959	3	956
58991	0	0	0	0	783	57092	57092	783	3	780
58825	0	0	0	0	949	57367	57367	949	3	946
59149	0	0	0	0	625	56109	56109	625	3	622
58941	0	0	0	0	833	56772	56772	833	3	830
58962	0	0	0	0	812	56713	56713	812	3	809
59427	0	0	0	0	347	47811	47811	347	3	344
58866	0	0	0	0	908	57122	57122	908	3	905
59059	0	0	0	0	715	55889	55889	715	3	712
59057	0	0	0	0	717	55899	55899	717	3	714
58969	0	0	0	0	805	56920	56920	805	3	802
58981	0	0	0	0	793	56014	56014	793	3	790
58784	0	0	0	0	990	56385	56385	990	3	987
58979	0	0	0	0	795	56881	56881	795	3	792
58992	0	0	0	0	782	57029	57029	782	3	779
58933	0	0	0	0	841	57555	57555	841	3	838
59213	0	0	0	0	561	54140	54140	561	3	558
59316	0	0	0	0	458	44329	44329	458	3	455
58871	0	0	0	0	903	56626	56626	903	3	900
59093	0	0	0	0	681	52635	52635	681	3	678
59163	0	0	0	0	611	56652	56652	611	3	608
58663	0	0	0	0	1111	57692	57692	1111	3	1108
59167	0	0	0	0	607	56041	56041	607	3	604
59258	0	0	0	0	516	45054	45054	516	3	513
59091	0	0	0	0	683	56621	56621	683	3	680
59401	0	0	0	0	373	40617	40617	373	3	370
59000	0	0	0	0	774	56502	56502	774	3	771
59319	0	0	0	0	455	50289	50289	455	3	452
59060	0	0	0	0	714	56944	56944	714	3	711
59112	0	0	0	0	662	55578	55578	662	3	659
59162	0	0	0	0	612	52556	52556	612	3	609
58981	0	0	0	0	793	55362	55362	793	3	790
59305	0	0	0	0	469	41262	41262	469	3	466
59386	0	0	0	0	388	48088	48088	388	3	385
59010	0	0	0	0	764	57687	57687	764	3	761
58833	0	0	0	0	941	56587	56587	941	3	938
59004	0	0	0	0	770	55069	55069	770	3	767
58892	0	0	0	0	882	56347	56347	882	3	879
58945	0	0	0	0	829	56281	56281	829	3	826
58902	0	0	0	0	872	56742	56742	872	3	869
58932	0	0	0	0	842	57008	57008	842	3	839
58748	0	0	0	0	1026	57567	57567	1026	3	1023
59021	0	0	0	0	753	55770	55770	753	3	750
59258	0	0	0	0	516	37910	37910	516	3	513
58849	0	0	0	0	925	56969	56969	925	3	922
59309	0	0	0	0	465	44155	44155	465	3	462
58815	0	0	0	0	959	57100	57100	959	3	956
58932	0	0	0	0	842	56620	56620	842	3	839
58922	0	0	0	0	852	56538	56538	852	3	849
59068	0	0	0	0	706	56629	56629	706	3	703
58856	0	0	0	0	918	57457	57457	918	3	915
59318	0	0	0	0	456	37542	37542	456	3	453
58929	0	0	0	0	845	55544	55544	845	3	842
59000	0	0	0	0	774	56628	56628	774	3	771
59059	0	0	0	0	715	52075	52075	715	3	712
59356	0	0	0	0	418	39019	39019	418	3	415
59467	0	0	0	0	307	45202	45202	307	3	304
58980	0	0	0	0	794	56976	56976	794	3	791
59032	0	0	0	0	742	55760	55760	742	3	739
58992	0	0	0	0	782	57047	57047	782	3	779
58770	0	0	0	0	1004	57767	57767	1004	3	1001
58830	0	0	0	0	944	56706	56706	944	3	941
59037	0	0	0	0	737	57275	57275	737	3	734
58878	0	0	0	0	896	56654	56654	896	3	893
59256	0	0	0	0	518	45532	45532	518	3	515
58911	0	0	0	0	863	57478	57478	863	3	860
59032	0	0	0	0	742	55420	55420	742	3	739
59054	0	0	0	0	720	56802	56802	720	3	717
58981	0	0	0	0	793	56388	56388	793	3	790
59149	0	0	0	0	625	56315	56315	625	3	622
58866	0	0	0	0	908	56782	56782	908	3	905
58994	0	0	0	0	780	55286	55286	780	3	777
59348	0	0	0	0	426	37153	37153	426	3	423
59537	0	0	0	0	237	32077	32077	237	3	234
58965	0	0	0	0	809	57108	57108	809	3	806
58912	0	0	0	0	862	56048	56048	862	3	859
59077	0	0	0	0	697	55842	55842	697	3	694
58907	0	0	0	0	867	56684	56684	867	3	864
59069	0	0	0	0	705	56212	56212	705	3	702
59129	0	0	0	0	645	56740	56740	645	3	642
59091	0	0	0	0	683	54176	54176	683	3	680
58921	0	0	0	0	853	52830	52830	853	3	850
58787	0	0	0	0	987	56556	56556	987	3	984
58648	0	0	0	0	1126	58386	58386	1126	3	1123
58959	0	0	0	0	815	55524	55524	815	3	812
59300	0	0	0	0	474	49974	49974	474	3	471
58694	0	0	0	0	1080	56727	56727	1080	3	1077
58900	0	0	0	0	874	56745	56745	874	3	871
59001	0	0	0	0	773	54200	54200	773	3	770
59064	0	0	0	0	710	56127	56127	710	3	707
58729	0	0	0	0	1045	56877	56877	1045	3	1042
58977	0	0	0	0	797	55423	55423	797	3	794
58891	0	0	0	0	883	57305	57305	883	3	880
59192	0	0	0	0	582	54330	54330	582	3	579
59534	0	0	0	0	240	34559	34559	240	3	237
58922	0	0	0	0	852	57138	57138	852	3	849
59222	0	0	0	0	552	44671	44671	552	3	549
59052	0	0	0	0	722	53888	53888	722	3	719
59029	0	0	0	0	745	55813	55813	745	3	742
59045	0	0	0	0	729	56695	56695	729	3	726
59121	0	0	0	0	653	56413	56413	653	3	650
58819	0	0	0	0	955	57120	57120	955	3	952
59292	0	0	0	0	482	45285	45285	482	3	479
58773	0	0	0	0	1001	56150	56150	1001	3	998
58960	0	0	0	0	814	57101	57101	814	3	811
59476	0	0	0	0	298	44910	44910	298	3	295
59040	0	0	0	0	734	57343	57343	734	3	731
58943	0	0	0	0	831	56603	56603	831	3	828
58902	0	0	0	0	872	56483	56483	872	3	869
58827	0	0	0	0	947	56222	56222	947	3	944
58794	0	0	0	0	980	56547	56547	980	3	977
59057	0	0	0	0	717	55241	55241	717	3	714
59164	0	0	0	0	610	54891	54891	610	3	607
58903	0	0	0	0	871	56651	56651	871	3	868
58841	0	0	0	0	933	56007	56007	933	3	930
59364	0	0	0	0	410	34580	34580	410	3	407
59090	0	0	0	0	684	53480	53480	684	3	681
58972	0	0	0	0	802	56252	56252	802	3	799
59200	0	0	0	0	574	52645	52645	574	3	571
58978	0	0	0	0	796	57458	57458	796	3	793
58985	0	0	0	0	789	57332	57332	789	3	786
59178	0	0	0	0	596	53573	53573	596	3	593
59026	0	0	0	0	748	56555	56555	748	3	745
58884	0	0	0	0	890	56478	56478	890	3	887
59401	0	0	0	0	373	46042	46042	373	3	370
58749	0	0	0	0	1025	56934	56934	1025	3	1022
59363	0	0	0	0	411	37218	37218	411	3	408
58740	0	0	0	0	1034	57623	57623	1034	3	1031
59409	0	0	0	0	365	34521	34521	365	3	362
58919	0	0	0	0	855	56167	56167	855	3	852
58958	0	0	0	0	816	56583	56583	816	3	813
58794	0	0	0	0	980	57575	57575	980	3	977
59201	0	0	0	0	573	52845	52845	573	3	570
59006	0	0	0	0	768	57078	57078	768	3	765
58890	0	0	0	0	884	56845	56845	884	3	881
59474	0	0	0	0	300	43138	43138	300	3	297
58911	0	0	0	0	863	56797	56797	863	3	860
59045	0	0	0	0	729	55908	55908	729	3	726
58806	0	0	0	0	968	56976	56976	968	3	965
58795	0	0	0	0	979	57230	57230	979	3	976
58701	0	0	0	0	1073	57106	57106	1073	3	1070
58935	0	0	0	0	839	56486	56486	839	3	836
58919	0	0	0	0	855	52688	52688	855	3	852
59435	0	0	0	0	339	35445	35445	339	3	336
58949	0	0	0	0	825	57050	57050	825	3	822
59248	0	0	0	0	526	45752	45752	526	3	523
59475	0	0	0	0	299	35140	35140	299	3	296
59215	0	0	0	0	559	46092	46092	559	3	556
58805	0	0	0	0	969	56871	56871	969	3	966
58858	0	0	0	0	916	56381	56381	916	3	913
59406	0	0	0	0	368	38509	38509	368	3	365
58736	0	0	0	0	1038	56911	56911	1038	3	1035
58853	0	0	0	0	921	57262	57262	921	3	918
59229	0	0	0	0	545	52682	52682	545	3	542
59152	0	0	0	0	622	55128	55128	622	3	619
58958	0	0	0	0	816	56715	56715	816	3	813
59137	0	0	0	0	637	55831	55831	637	3	634
59114	0	0	0	0	660	53207	53207	660	3	657
59391	0	0	0	0	383	35330	35330	383	3	380
59326	0	0	0	0	448	42561	42561	448	3	445
58914	0	0	0	0	860	56990	56990	860	3	857
59354	0	0	0	0	420	43417	43417	420	3	417
59375	0	0	0	0	399	44317	44317	399	3	396
59292	0	0	0	0	482	39591	39591	482	3	479
59368	0	0	0	0	406	44208	44208	406	3	403
58982	0	0	0	0	792	56888	56888	792	3	789
59148	0	0	0	0	626	56530	56530	626	3	623
58869	0	0	0	0	905	56274	56274	905	3	902
58999	0	0	0	0	775	55440	55440	775	3	772
58955	0	0	0	0	819	57249	57249	819	3	816
58842	0	0	0	0	932	56802	56802	932	3	929
58828	0	0	0	0	946	57038	57038	946	3	943
58947	0	0	0	0	827	55651	55651	827	3	824
58847	0	0	0	0	927	56672	56672	927	3	924
58885	0	0	0	0	889	57617	57617	889	3	886
59285	0	0	0	0	489	43560	43560	489	3	486
58918	0	0	0	0	856	57504	57504	856	3	853
58908	0	0	0	0	866	58115	58115	866	3	863
58779	0	0	0	0	995	56935	56935	995	3	992
59076	0	0	0	0	698	56754	56754	698	3	695
59395	0	0	0	0	379	38797	38797	379	3	376
58929	0	0	0	0	845	56705	56705	845	3	842
59039	0	0	0	0	735	55863	55863	735	3	732
59396	0	0	0	0	378	43677	43677	378	3	375
59355	0	0	0	0	419	37953	37953	419	3	416
59311	0	0	0	0	463	45699	45699	463	3	460
58963	0	0	0	0	811	57563	57563	811	3	808
59301	0	0	0	0	473	46458	46458	473	3	470
59379	0	0	0	0	395	44840	44840	395	3	392
59331	0	0	0	0	443	52959	52959	443	3	440
59062	0	0	0	0	712	56299	56299	712	3	709
59471	0	0	0	0	303	39575	39575	303	3	300
58947	0	0	0	0	827	57265	57265	827	3	824
58786	0	0	0	0	988	57007	57007	988	3	985
59025	0	0	0	0	749	55636	55636	749	3	746
59365	0	0	0	0	409	48825	48825	409	3	406
59258	0	0	0	0	516	44191	44191	516	3	513
58897	0	0	0	0	877	57141	57141	877	3	874
58915	0	0	0	0	859	58228	58228	859	3	856
59279	0	0	0	0	495	55512	55512	495	3	492
58870	0	0	0	0	904	57811	57811	904	3	901
59483	0	0	0	0	291	44200	44200	291	3	288
58768	0	0	0	0	1006	56320	56320	1006	3	1003
58590	0	0	0	0	1184	57528	57528	1184	3	1181
58872	0	0	0	0	902	56357	56357	902	3	899
59383	0	0	0	0	391	38162	38162	391	3	388
59532	0	0	0	0	242	35297	35297	242	3	239
59018	0	0	0	0	756	56278	56278	756	3	753
58769	0	0	0	0	1005	55577	55577	1005	3	1002
59212	0	0	0	0	562	52937	52937	562	3	559
59023	0	0	0	0	751	56391	56391	751	3	748
58918	0	0	0	0	856	57749	57749	856	3	853
59031	0	0	0	0	743	56417	56417	743	3	740
58752	0	0	0	0	1022	57097	57097	1022	3	1019
58960	0	0	0	0	814	56672	56672	814	3	811
58963	0	0	0	0	811	56717	56717	811	3	808
59259	0	0	0	0	515	51327	51327	515	3	512
58901	0	0	0	0	873	55831	55831	873	3	870
58803	0	0	0	0	971	56319	56319	971	3	968
58890	0	0	0	0	884	56667	56667	884	3	881
58963	0	0	0	0	811	56172	56172	811	3	808
59231	0	0	0	0	543	53639	53639	543	3	540
58890	0	0	0	0	884	56883	56883	884	3	881
59112	0	0	0	0	662	56674	56674	662	3	659
58894	0	0	0	0	880	56085	56085	880	3	877
59134	0	0	0	0	640	56686	56686	640	3	637
59460	0	0	0	0	314	40437	40437	314	3	311
59106	0	0	0	0	668	56944	56944	668	3	665
59063	0	0	0	0	711	56648	56648	711	3	708
59261	0	0	0	0	513	52322	52322	513	3	510
58980	0	0	0	0	794	56917	56917	794	3	791
58766	0	0	0	0	1008	56682	56682	1008	3	1005
58856	0	0	0	0	918	56419	56419	918	3	915
58776	0	0	0	0	998	56129	56129	998	3	995
59055	0	0	0	0	719	57398	57398	719	3	716
59036	0	0	0	0	738	56241	56241	738	3	735
59011	0	0	0	0	763	57717	57717	763	3	760
59125	0	0	0	0	649	51860	51860	649	3	646
58880	0	0	0	0	894	56877	56877	894	3	891
59495	0	0	0	0	279	34915	34915	279	3	276
59109	0	0	0	0	665	56583	56583	665	3	662
59246	0	0	0	0	528	45400	45400	528	3	525
58863	0	0	0	0	911	57779	57779	911	3	908
58980	0	0	0	0	794	56687	56687	794	3	791
59172	0	0	0	0	602	53445	53445	602	3	599
59339	0	0	0	0	435	44997	44997	435	3	432
58925	0	0	0	0	849	56818	56818	849	3	846
58825	0	0	0	0	949	57196	57196	949	3	946
58935	0	0	0	0	839	56480	56480	839	3	836
58754	0	0	0	0	1020	55718	55718	1020	3	1017
58801	0	0	0	0	973	56555	56555	973	3	970
59182	0	0	0	0	592	54075	54075	592	3	589
58795	0	0	0	0	979	57010	57010	979	3	976
59047	0	0	0	0	727	53622	53622	727	3	724
59009	0	0	0	0	765	57435	57435	765	3	762
58857	0	0	0	0	917	56491	56491	917	3	914
59089	0	0	0	0	685	56398	56398	685	3	682
58914	0	0	0	0	860	57061	57061	860	3	857
58981	0	0	0	0	793	55534	55534	793	3	790
59359	0	0	0	0	415	41448	41448	415	3	412
58987	0	0	0	0	787	56870	56870	787	3	784
58899	0	0	0	0	875	57055	57055	875	3	872
59138	0	0	0	0	636	55890	55890	636	3	633
58802	0	0	0	0	972	56447	56447	972	3	969
58995	0	0	0	0	779	56764	56764	779	3	776
58952	0	0	0	0	822	56692	56692	822	3	819
59236	0	0	0	0	538	44432	44432	538	3	535
58785	0	0	0	0	989	56634	56634	989	3	986
59050	0	0	0	0	724	57141	57141	724	3	721
59618	0	0	0	0	156	34302	34302	156	3	153
58793	0	0	0	0	981	56447	56447	981	3	978
58939	0	0	0	0	835	56945	56945	835	3	832
59245	0	0	0	0	529	35879	35879	529	3	526
59055	0	0	0	0	719	55390	55390	719	3	716
58678	0	0	0	0	1096	56352	56352	1096	3	1093
59510	0	0	0	0	264	38139	38139	264	3	261
59038	0	0	0	0	736	56123	56123	736	3	733
59076	0	0	0	0	698	55592	55592	698	3	695
59076	0	0	0	0	698	56023	56023	698	3	695
58731	0	0	0	0	1043	57489	57489	1043	3	1040
58901	0	0	0	0	873	56591	56591	873	3	870
58883	0	0	0	0	891	57310	57310	891	3	888
58869	0	0	0	0	905	56877	56877	905	3	902
58726	0	0	0	0	1048	56341	56341	1048	3	1045
59022	0	0	0	0	752	55766	55766	752	3	749
58934	0	0	0	0	840	56670	56670	840	3	837
58875	0	0	0	0	899	56536	56536	899	3	896
58977	0	0	0	0	797	56661	56661	797	3	794
58947	0	0	0	0	827	56649	56649	827	3	824
59076	0	0	0	0	698	52195	52195	698	3	695
58710	0	0	0	0	1064	56721	56721	1064	3	1061
58970	0	0	0	0	804	56564	56564	804	3	801
58904	0	0	0	0	870	56456	56456	870	3	867
58565	0	0	0	0	1209	57262	57262	1209	3	1206
58930	0	0	0	0	844	56010	56010	844	3	841
58966	0	0	0	0	808	57187	57187	808	3	805
58784	0	0	0	0	990	57013	57013	990	3	987
58858	0	0	0	0	916	56580	56580	916	3	913
59091	0	0	0	0	683	56874	56874	683	3	680
59212	0	0	0	0	562	43852	43852	562	3	559
59535	0	0	0	0	239	43064	43064	239	3	236
58749	0	0	0	0	1025	56728	56728	1025	3	1022
59425	0	0	0	0	349	44881	44881	349	3	346
59500	0	0	0	0	274	35004	35004	274	3	271
59059	0	0	0	0	715	54930	54930	715	3	712
58803	0	0	0	0	971	56358	56358	971	3	968
58857	0	0	0	0	917	56404	56404	917	3	914
58889	0	0	0	0	885	56517	56517	885	3	882
58957	0	0	0	0	817	56335	56335	817	3	814
59301	0	0	0	0	473	43769	43769	473	3	470
59054	0	0	0	0	720	55662	55662	720	3	717
58968	0	0	0	0	806	55739	55739	806	3	803
58959	0	0	0	0	815	56383	56383	815	3	812
58934	0	0	0	0	840	56147	56147	840	3	837
58969	0	0	0	0	805	56500	56500	805	3	802
59254	0	0	0	0	520	50427	50427	520	3	517
58804	0	0	0	0	970	56972	56972	970	3	967
58736	0	0	0	0	1038	56854	56854	1038	3	1035
58982	0	0	0	0	792	56512	56512	792	3	789
58791	0	0	0	0	983	57116	57116	983	3	980
58948	0	0	0	0	826	57431	57431	826	3	823
59098	0	0	0	0	676	54722	54722	676	3	673
58758	0	0	0	0	1016	56470	56470	1016	3	1013
58821	0	0	0	0	953	56846	56846	953	3	950
59226	0	0	0	0	548	46284	46284	548	3	545
59040	0	0	0	0	734	56305	56305	734	3	731
58938	0	0	0	0	836	55703	55703	836	3	833
58871	0	0	0	0	903	56855	56855	903	3	900
58948	0	0	0	0	826	57525	57525	826	3	823
58958	0	0	0	0	816	57188	57188	816	3	813
58888	0	0	0	0	886	56663	56663	886	3	883
58864	0	0	0	0	910	56923	56923	910	3	907
58937	0	0	0	0	837	57274	57274	837	3	834
59251	0	0	0	0	523	52280	52280	523	3	520
59013	0	0	0	0	761	56108	56108	761	3	758
58775	0	0	0	0	999	56504	56504	999	3	996
59359	0	0	0	0	415	44490	44490	415	3	412
