58761	0	0	0	0	1013	34329	34329	1013	3	1010
59119	0	0	0	0	655	35706	35706	655	3	652
59264	0	0	0	0	510	31516	31516	510	3	507
59232	0	0	0	0	542	34260	34260	542	3	539
59191	0	0	0	0	583	32538	32538	583	3	580
58944	0	0	0	0	830	33065	33065	830	3	827
59068	0	0	0	0	706	36123	36123	706	3	703
58969	0	0	0	0	805	34436	34436	805	3	802
59367	0	0	0	0	407	37570	37570	407	3	404
58827	0	0	0	0	947	34435	34435	947	3	944
59173	0	0	0	0	601	32827	32827	601	3	598
59308	0	0	0	0	466	31033	31033	466	3	463
58776	0	0	0	0	998	33165	33165	998	3	995
58946	0	0	0	0	828	33518	33518	828	3	825
59271	0	0	0	0	503	36507	36507	503	3	500
59059	0	0	0	0	715	36812	36812	715	3	712
58946	0	0	0	0	828	36485	36485	828	3	825
58985	0	0	0	0	789	35256	35256	789	3	786
59263	0	0	0	0	511	36711	36711	511	3	508
59153	0	0	0	0	621	32313	32313	621	3	618
58932	0	0	0	0	842	34511	34511	842	3	839
59103	0	0	0	0	671	33962	33962	671	3	668
59146	0	0	0	0	628	34512	34512	628	3	625
59157	0	0	0	0	617	31357	31357	617	3	614
59149	0	0	0	0	625	32410	32410	625	3	622
59124	0	0	0	0	650	31280	31280	650	3	647
58953	0	0	0	0	821	35884	35884	821	3	818
59098	0	0	0	0	676	33598	33598	676	3	673
59035	0	0	0	0	739	36052	36052	739	3	736
59182	0	0	0	0	592	33467	33467	592	3	589
59419	0	0	0	0	355	37151	37151	355	3	352
59238	0	0	0	0	536	34407	34407	536	3	533
59095	0	0	0	0	679	34626	34626	679	3	676
58826	0	0	0	0	948	32558	32558	948	3	945
58850	0	0	0	0	924	35094	35094	924	3	921
59105	0	0	0	0	669	38490	38490	669	3	666
59405	0	0	0	0	369	36117	36117	369	3	366
59058	0	0	0	0	716	34309	34309	716	3	713
59055	0	0	0	0	719	33956	33956	719	3	716
59160	0	0	0	0	614	35685	35685	614	3	611
59066	0	0	0	0	708	32872	32872	708	3	705
59057	0	0	0	0	717	34255	34255	717	3	714
58946	0	0	0	0	828	36104	36104	828	3	825
59312	0	0	0	0	462	33841	33841	462	3	459
59077	0	0	0	0	697	37072	37072	697	3	694
59056	0	0	0	0	718	37659	37659	718	3	715
58958	0	0	0	0	816	33029	33029	816	3	813
59038	0	0	0	0	736	36173	36173	736	3	733
59067	0	0	0	0	707	32517	32517	707	3	704
59279	0	0	0	0	495	31735	31735	495	3	492
59406	0	0	0	0	368	36547	36547	368	3	365
59345	0	0	0	0	429	33069	33069	429	3	426
59019	0	0	0	0	755	34551	34551	755	3	752
59012	0	0	0	0	762	36485	36485	762	3	759
59030	0	0	0	0	744	36788	36788	744	3	741
59462	0	0	0	0	312	35618	35618	312	3	309
59083	0	0	0	0	691	34061	34061	691	3	688
59128	0	0	0	0	646	32555	32555	646	3	643
59384	0	0	0	0	390	36848	36848	390	3	387
59035	0	0	0	0	739	32759	32759	739	3	736
59048	0	0	0	0	726	32645	32645	726	3	723
59294	0	0	0	0	480	36248	36248	480	3	477
59102	0	0	0	0	672	33848	33848	672	3	669
59071	0	0	0	0	703	35075	35075	703	3	700
59236	0	0	0	0	538	35184	35184	538	3	535
59195	0	0	0	0	579	35370	35370	579	3	576
59261	0	0	0	0	513	37359	37359	513	3	510
59480	0	0	0	0	294	36286	36286	294	3	291
58981	0	0	0	0	793	35796	35796	793	3	790
58879	0	0	0	0	895	36199	36199	895	3	892
59190	0	0	0	0	584	35338	35338	584	3	581
59238	0	0	0	0	536	37141	37141	536	3	533
59207	0	0	0	0	567	31395	31395	567	3	564
59027	0	0	0	0	747	37321	37321	747	3	744
59132	0	0	0	0	642	33351	33351	642	3	639
59128	0	0	0	0	646	36269	36269	646	3	643
59117	0	0	0	0	657	35102	35102	657	3	654
59069	0	0	0	0	705	36546	36546	705	3	702
59137	0	0	0	0	637	37090	37090	637	3	634
59351	0	0	0	0	423	34987	34987	423	3	420
59203	0	0	0	0	571	37266	37266	571	3	568
59092	0	0	0	0	682	35834	35834	682	3	679
58967	0	0	0	0	807	36710	36710	807	3	804
58949	0	0	0	0	825	33044	33044	825	3	822
59223	0	0	0	0	551	36654	36654	551	3	548
59151	0	0	0	0	623	33642	33642	623	3	620
59229	0	0	0	0	545	31048	31048	545	3	542
59044	0	0	0	0	730	36361	36361	730	3	727
58967	0	0	0	0	807	33882	33882	807	3	804
59020	0	0	0	0	754	32674	32674	754	3	751
58930	0	0	0	0	844	34527	34527	844	3	841
59128	0	0	0	0	646	33043	33043	646	3	643
59375	0	0	0	0	399	32172	32172	399	3	396
59145	0	0	0	0	629	33576	33576	629	3	626
58978	0	0	0	0	796	33225	33225	796	3	793
59106	0	0	0	0	668	31656	31656	668	3	665
59106	0	0	0	0	668	33425	33425	668	3	665
58972	0	0	0	0	802	34755	34755	802	3	799
59203	0	0	0	0	571	33215	33215	571	3	568
59423	0	0	0	0	351	34522	34522	351	3	348
58994	0	0	0	0	780	31763	31763	780	3	777
59114	0	0	0	0	660	33900	33900	660	3	657
58924	0	0	0	0	850	33842	33842	850	3	847
59024	0	0	0	0	750	33181	33181	750	3	747
59048	0	0	0	0	726	33506	33506	726	3	723
59014	0	0	0	0	760	33938	33938	760	3	757
59137	0	0	0	0	637	34712	34712	637	3	634
59279	0	0	0	0	495	33581	33581	495	3	492
59190	0	0	0	0	584	31405	31405	584	3	581
59061	0	0	0	0	713	33913	33913	713	3	710
58928	0	0	0	0	846	33835	33835	846	3	843
59117	0	0	0	0	657	34039	34039	657	3	654
59324	0	0	0	0	450	38043	38043	450	3	447
59291	0	0	0	0	483	36235	36235	483	3	480
58968	0	0	0	0	806	32965	32965	806	3	803
59046	0	0	0	0	728	34704	34704	728	3	725
58861	0	0	0	0	913	35313	35313	913	3	910
59195	0	0	0	0	579	40382	40382	579	3	576
59131	0	0	0	0	643	35459	35459	643	3	640
59177	0	0	0	0	597	33709	33709	597	3	594
59089	0	0	0	0	685	35456	35456	685	3	682
59086	0	0	0	0	688	38090	38090	688	3	685
59118	0	0	0	0	656	34670	34670	656	3	653
59426	0	0	0	0	348	34224	34224	348	3	345
58969	0	0	0	0	805	34962	34962	805	3	802
59025	0	0	0	0	749	32346	32346	749	3	746
59027	0	0	0	0	747	34655	34655	747	3	744
59287	0	0	0	0	487	33088	33088	487	3	484
59335	0	0	0	0	439	33312	33312	439	3	436
59002	0	0	0	0	772	36827	36827	772	3	769
59258	0	0	0	0	516	38148	38148	516	3	513
59119	0	0	0	0	655	35732	35732	655	3	652
59275	0	0	0	0	499	36123	36123	499	3	496
59192	0	0	0	0	582	38975	38975	582	3	579
59045	0	0	0	0	729	32988	32988	729	3	726
59016	0	0	0	0	758	33420	33420	758	3	755
59157	0	0	0	0	617	32656	32656	617	3	614
59149	0	0	0	0	625	36869	36869	625	3	622
59000	0	0	0	0	774	34994	34994	774	3	771
58826	0	0	0	0	948	33191	33191	948	3	945
59065	0	0	0	0	709	35279	35279	709	3	706
59167	0	0	0	0	607	32300	32300	607	3	604
59147	0	0	0	0	627	30610	30610	627	3	624
59201	0	0	0	0	573	34736	34736	573	3	570
59413	0	0	0	0	361	39614	39614	361	3	358
59114	0	0	0	0	660	39487	39487	660	3	657
59241	0	0	0	0	533	32715	32715	533	3	530
59114	0	0	0	0	660	33872	33872	660	3	657
59245	0	0	0	0	529	38300	38300	529	3	526
58913	0	0	0	0	861	32972	32972	861	3	858
59078	0	0	0	0	696	32995	32995	696	3	693
59031	0	0	0	0	743	36563	36563	743	3	740
59180	0	0	0	0	594	37616	37616	594	3	591
59188	0	0	0	0	586	35764	35764	586	3	583
59020	0	0	0	0	754	35342	35342	754	3	751
59530	0	0	0	0	244	37120	37120	244	3	241
58967	0	0	0	0	807	33247	33247	807	3	804
59185	0	0	0	0	589	35613	35613	589	3	586
59068	0	0	0	0	706	34358	34358	706	3	703
58909	0	0	0	0	865	32542	32542	865	3	862
59214	0	0	0	0	560	33227	33227	560	3	557
58990	0	0	0	0	784	37069	37069	784	3	781
58896	0	0	0	0	878	33749	33749	878	3	875
59255	0	0	0	0	519	36423	36423	519	3	516
59003	0	0	0	0	771	34247	34247	771	3	768
59219	0	0	0	0	555	33327	33327	555	3	552
59472	0	0	0	0	302	34776	34776	302	3	299
59189	0	0	0	0	585	30191	30191	585	3	582
58957	0	0	0	0	817	34588	34588	817	3	814
58995	0	0	0	0	779	31549	31549	779	3	776
59161	0	0	0	0	613	36015	36015	613	3	610
59228	0	0	0	0	546	34699	34699	546	3	543
59381	0	0	0	0	393	35656	35656	393	3	390
59064	0	0	0	0	710	32527	32527	710	3	707
59196	0	0	0	0	578	30846	30846	578	3	575
58909	0	0	0	0	865	34065	34065	865	3	862
59255	0	0	0	0	519	36771	36771	519	3	516
59095	0	0	0	0	679	31351	31351	679	3	676
59027	0	0	0	0	747	33095	33095	747	3	744
59291	0	0	0	0	483	38134	38134	483	3	480
59207	0	0	0	0	567	34641	34641	567	3	564
59127	0	0	0	0	647	36974	36974	647	3	644
59239	0	0	0	0	535	31350	31350	535	3	532
59065	0	0	0	0	709	38363	38363	709	3	706
58980	0	0	0	0	794	36499	36499	794	3	791
59093	0	0	0	0	681	33011	33011	681	3	678
59129	0	0	0	0	645	35668	35668	645	3	642
59312	0	0	0	0	462	36424	36424	462	3	459
59193	0	0	0	0	581	35618	35618	581	3	578
59123	0	0	0	0	651	32751	32751	651	3	648
58965	0	0	0	0	809	36522	36522	809	3	806
59048	0	0	0	0	726	34695	34695	726	3	723
59387	0	0	0	0	387	33332	33332	387	3	384
59065	0	0	0	0	709	36429	36429	709	3	706
59308	0	0	0	0	466	34448	34448	466	3	463
59240	0	0	0	0	534	32650	32650	534	3	531
59229	0	0	0	0	545	35959	35959	545	3	542
59386	0	0	0	0	388	35807	35807	388	3	385
58928	0	0	0	0	846	33980	33980	846	3	843
59064	0	0	0	0	710	35621	35621	710	3	707
58966	0	0	0	0	808	35739	35739	808	3	805
58995	0	0	0	0	779	33096	33096	779	3	776
59179	0	0	0	0	595	34052	34052	595	3	592
58942	0	0	0	0	832	33054	33054	832	3	829
59027	0	0	0	0	747	34641	34641	747	3	744
59099	0	0	0	0	675	36396	36396	675	3	672
59381	0	0	0	0	393	32835	32835	393	3	390
59088	0	0	0	0	686	35107	35107	686	3	683
58948	0	0	0	0	826	34492	34492	826	3	823
59041	0	0	0	0	733	31898	31898	733	3	730
59083	0	0	0	0	691	34365	34365	691	3	688
59379	0	0	0	0	395	34444	34444	395	3	392
59173	0	0	0	0	601	37391	37391	601	3	598
59077	0	0	0	0	697	34278	34278	697	3	694
59024	0	0	0	0	750	32756	32756	750	3	747
58957	0	0	0	0	817	34169	34169	817	3	814
59080	0	0	0	0	694	33221	33221	694	3	691
59235	0	0	0	0	539	35651	35651	539	3	536
59000	0	0	0	0	774	33014	33014	774	3	771
59156	0	0	0	0	618	34404	34404	618	3	615
59069	0	0	0	0	705	36975	36975	705	3	702
59173	0	0	0	0	601	35136	35136	601	3	598
58946	0	0	0	0	828	36967	36967	828	3	825
59051	0	0	0	0	723	35068	35068	723	3	720
59058	0	0	0	0	716	32925	32925	716	3	713
58938	0	0	0	0	836	35207	35207	836	3	833
59102	0	0	0	0	672	36104	36104	672	3	669
59118	0	0	0	0	656	33128	33128	656	3	653
59041	0	0	0	0	733	32908	32908	733	3	730
58958	0	0	0	0	816	35788	35788	816	3	813
59131	0	0	0	0	643	33292	33292	643	3	640
59101	0	0	0	0	673	38538	38538	673	3	670
58833	0	0	0	0	941	35921	35921	941	3	938
59266	0	0	0	0	508	39416	39416	508	3	505
59135	0	0	0	0	639	36852	36852	639	3	636
58891	0	0	0	0	883	32872	32872	883	3	880
59439	0	0	0	0	335	30261	30261	335	3	332
59376	0	0	0	0	398	35600	35600	398	3	395
58991	0	0	0	0	783	36212	36212	783	3	780
58935	0	0	0	0	839	33885	33885	839	3	836
59182	0	0	0	0	592	35850	35850	592	3	589
59036	0	0	0	0	738	33918	33918	738	3	735
59141	0	0	0	0	633	35877	35877	633	3	630
59034	0	0	0	0	740	34440	34440	740	3	737
59368	0	0	0	0	406	37538	37538	406	3	403
59360	0	0	0	0	414	30996	30996	414	3	411
58978	0	0	0	0	796	34883	34883	796	3	793
59067	0	0	0	0	707	34350	34350	707	3	704
59045	0	0	0	0	729	34176	34176	729	3	726
59233	0	0	0	0	541	32014	32014	541	3	538
58817	0	0	0	0	957	34340	34340	957	3	954
59433	0	0	0	0	341	36622	36622	341	3	338
59409	0	0	0	0	365	34761	34761	365	3	362
58831	0	0	0	0	943	33810	33810	943	3	940
58966	0	0	0	0	808	32751	32751	808	3	805
59149	0	0	0	0	625	32142	32142	625	3	622
59102	0	0	0	0	672	32932	32932	672	3	669
59005	0	0	0	0	769	36603	36603	769	3	766
59049	0	0	0	0	725	33985	33985	725	3	722
59225	0	0	0	0	549	32404	32404	549	3	546
59133	0	0	0	0	641	37000	37000	641	3	638
59218	0	0	0	0	556	34012	34012	556	3	553
59052	0	0	0	0	722	34936	34936	722	3	719
58986	0	0	0	0	788	33000	33000	788	3	785
59262	0	0	0	0	512	35511	35511	512	3	509
59055	0	0	0	0	719	32104	32104	719	3	716
59184	0	0	0	0	590	34243	34243	590	3	587
59099	0	0	0	0	675	35472	35472	675	3	672
59048	0	0	0	0	726	37043	37043	726	3	723
59038	0	0	0	0	736	32675	32675	736	3	733
59009	0	0	0	0	765	33535	33535	765	3	762
58976	0	0	0	0	798	36811	36811	798	3	795
58989	0	0	0	0	785	34233	34233	785	3	782
59450	0	0	0	0	324	36735	36735	324	3	321
59085	0	0	0	0	689	36186	36186	689	3	686
59018	0	0	0	0	756	33128	33128	756	3	753
58971	0	0	0	0	803	33763	33763	803	3	800
58994	0	0	0	0	780	32845	32845	780	3	777
59163	0	0	0	0	611	33432	33432	611	3	608
59103	0	0	0	0	671	31233	31233	671	3	668
58978	0	0	0	0	796	34279	34279	796	3	793
59192	0	0	0	0	582	35203	35203	582	3	579
59451	0	0	0	0	323	33252	33252	323	3	320
59015	0	0	0	0	759	34141	34141	759	3	756
59034	0	0	0	0	740	34222	34222	740	3	737
59189	0	0	0	0	585	30905	30905	585	3	582
59050	0	0	0	0	724	32463	32463	724	3	721
59354	0	0	0	0	420	32511	32511	420	3	417
58993	0	0	0	0	781	34216	34216	781	3	778
59104	0	0	0	0	670	32673	32673	670	3	667
59276	0	0	0	0	498	35637	35637	498	3	495
58857	0	0	0	0	917	33229	33229	917	3	914
59175	0	0	0	0	599	35931	35931	599	3	596
59148	0	0	0	0	626	33084	33084	626	3	623
59084	0	0	0	0	690	32219	32219	690	3	687
59086	0	0	0	0	688	34664	34664	688	3	685
59032	0	0	0	0	742	31419	31419	742	3	739
59118	0	0	0	0	656	34560	34560	656	3	653
59218	0	0	0	0	556	34039	34039	556	3	553
59105	0	0	0	0	669	35310	35310	669	3	666
59137	0	0	0	0	637	32615	32615	637	3	634
59309	0	0	0	0	465	34494	34494	465	3	462
59037	0	0	0	0	737	34317	34317	737	3	734
59067	0	0	0	0	707	33371	33371	707	3	704
58919	0	0	0	0	855	33338	33338	855	3	852
58932	0	0	0	0	842	35419	35419	842	3	839
59346	0	0	0	0	428	30759	30759	428	3	425
59043	0	0	0	0	731	35175	35175	731	3	728
59152	0	0	0	0	622	32606	32606	622	3	619
58979	0	0	0	0	795	32917	32917	795	3	792
59277	0	0	0	0	497	31180	31180	497	3	494
58971	0	0	0	0	803	35809	35809	803	3	800
59304	0	0	0	0	470	32994	32994	470	3	467
59025	0	0	0	0	749	32852	32852	749	3	746
59143	0	0	0	0	631	33313	33313	631	3	628
59218	0	0	0	0	556	33058	33058	556	3	553
58999	0	0	0	0	775	34263	34263	775	3	772
59116	0	0	0	0	658	35301	35301	658	3	655
59276	0	0	0	0	498	31955	31955	498	3	495
59163	0	0	0	0	611	32940	32940	611	3	608
58945	0	0	0	0	829	33640	33640	829	3	826
59021	0	0	0	0	753	31887	31887	753	3	750
59082	0	0	0	0	692	32956	32956	692	3	689
59385	0	0	0	0	389	34359	34359	389	3	386
59415	0	0	0	0	359	35551	35551	359	3	356
59121	0	0	0	0	653	38359	38359	653	3	650
59191	0	0	0	0	583	38260	38260	583	3	580
59178	0	0	0	0	596	35165	35165	596	3	593
59072	0	0	0	0	702	33781	33781	702	3	699
59063	0	0	0	0	711	35996	35996	711	3	708
59028	0	0	0	0	746	32445	32445	746	3	743
58896	0	0	0	0	878	35977	35977	878	3	875
59009	0	0	0	0	765	33727	33727	765	3	762
59169	0	0	0	0	605	35392	35392	605	3	602
59177	0	0	0	0	597	32303	32303	597	3	594
59149	0	0	0	0	625	31472	31472	625	3	622
59215	0	0	0	0	559	32091	32091	559	3	556
59004	0	0	0	0	770	33178	33178	770	3	767
59044	0	0	0	0	730	32931	32931	730	3	727
59059	0	0	0	0	715	35682	35682	715	3	712
59015	0	0	0	0	759	34266	34266	759	3	756
59044	0	0	0	0	730	32678	32678	730	3	727
59179	0	0	0	0	595	38059	38059	595	3	592
59002	0	0	0	0	772	34390	34390	772	3	769
59031	0	0	0	0	743	34319	34319	743	3	740
58895	0	0	0	0	879	33636	33636	879	3	876
58888	0	0	0	0	886	32286	32286	886	3	883
59028	0	0	0	0	746	36619	36619	746	3	743
59013	0	0	0	0	761	32835	32835	761	3	758
59110	0	0	0	0	664	34476	34476	664	3	661
59021	0	0	0	0	753	33960	33960	753	3	750
59028	0	0	0	0	746	36291	36291	746	3	743
59233	0	0	0	0	541	36241	36241	541	3	538
59045	0	0	0	0	729	33624	33624	729	3	726
58920	0	0	0	0	854	33331	33331	854	3	851
59005	0	0	0	0	769	35676	35676	769	3	766
59111	0	0	0	0	663	32918	32918	663	3	660
59001	0	0	0	0	773	33562	33562	773	3	770
59165	0	0	0	0	609	35527	35527	609	3	606
59032	0	0	0	0	742	33985	33985	742	3	739
59214	0	0	0	0	560	31156	31156	560	3	557
58829	0	0	0	0	945	33878	33878	945	3	942
59445	0	0	0	0	329	35552	35552	329	3	326
59122	0	0	0	0	652	32196	32196	652	3	649
59157	0	0	0	0	617	36006	36006	617	3	614
59126	0	0	0	0	648	34754	34754	648	3	645
58931	0	0	0	0	843	33864	33864	843	3	840
59103	0	0	0	0	671	34596	34596	671	3	668
59056	0	0	0	0	718	34411	34411	718	3	715
59039	0	0	0	0	735	33520	33520	735	3	732
59148	0	0	0	0	626	34883	34883	626	3	623
59017	0	0	0	0	757	34643	34643	757	3	754
59167	0	0	0	0	607	35318	35318	607	3	604
58995	0	0	0	0	779	37106	37106	779	3	776
59056	0	0	0	0	718	35241	35241	718	3	715
59049	0	0	0	0	725	34068	34068	725	3	722
59044	0	0	0	0	730	33041	33041	730	3	727
58974	0	0	0	0	800	32416	32416	800	3	797
59104	0	0	0	0	670	33989	33989	670	3	667
59260	0	0	0	0	514	33660	33660	514	3	511
59150	0	0	0	0	624	36415	36415	624	3	621
59306	0	0	0	0	468	32376	32376	468	3	465
58938	0	0	0	0	836	32291	32291	836	3	833
59398	0	0	0	0	376	33418	33418	376	3	373
58921	0	0	0	0	853	33027	33027	853	3	850
59083	0	0	0	0	691	36625	36625	691	3	688
59100	0	0	0	0	674	34136	34136	674	3	671
59344	0	0	0	0	430	34964	34964	430	3	427
59150	0	0	0	0	624	35994	35994	624	3	621
58964	0	0	0	0	810	36521	36521	810	3	807
59133	0	0	0	0	641	36337	36337	641	3	638
59301	0	0	0	0	473	36455	36455	473	3	470
59095	0	0	0	0	679	33862	33862	679	3	676
58876	0	0	0	0	898	35923	35923	898	3	895
59052	0	0	0	0	722	34369	34369	722	3	719
59133	0	0	0	0	641	34787	34787	641	3	638
58939	0	0	0	0	835	36634	36634	835	3	832
59217	0	0	0	0	557	36231	36231	557	3	554
59221	0	0	0	0	553	32723	32723	553	3	550
59123	0	0	0	0	651	33212	33212	651	3	648
59207	0	0	0	0	567	36548	36548	567	3	564
58937	0	0	0	0	837	35119	35119	837	3	834
59011	0	0	0	0	763	34218	34218	763	3	760
59257	0	0	0	0	517	32731	32731	517	3	514
59180	0	0	0	0	594	32732	32732	594	3	591
58837	0	0	0	0	937	32750	32750	937	3	934
58871	0	0	0	0	903	34320	34320	903	3	900
59171	0	0	0	0	603	31114	31114	603	3	600
59093	0	0	0	0	681	36347	36347	681	3	678
58951	0	0	0	0	823	35198	35198	823	3	820
59135	0	0	0	0	639	32950	32950	639	3	636
59014	0	0	0	0	760	33399	33399	760	3	757
58928	0	0	0	0	846	34223	34223	846	3	843
59103	0	0	0	0	671	32712	32712	671	3	668
59145	0	0	0	0	629	31417	31417	629	3	626
59227	0	0	0	0	547	33039	33039	547	3	544
59012	0	0	0	0	762	34467	34467	762	3	759
59052	0	0	0	0	722	35529	35529	722	3	719
59194	0	0	0	0	580	33064	33064	580	3	577
59052	0	0	0	0	722	36871	36871	722	3	719
58958	0	0	0	0	816	36129	36129	816	3	813
59141	0	0	0	0	633	33490	33490	633	3	630
59182	0	0	0	0	592	36531	36531	592	3	589
59030	0	0	0	0	744	32896	32896	744	3	741
59081	0	0	0	0	693	37391	37391	693	3	690
59038	0	0	0	0	736	34939	34939	736	3	733
59345	0	0	0	0	429	35258	35258	429	3	426
59083	0	0	0	0	691	32858	32858	691	3	688
58973	0	0	0	0	801	34072	34072	801	3	798
59072	0	0	0	0	702	35262	35262	702	3	699
58992	0	0	0	0	782	32023	32023	782	3	779
59054	0	0	0	0	720	32351	32351	720	3	717
59121	0	0	0	0	653	34776	34776	653	3	650
58898	0	0	0	0	876	34478	34478	876	3	873
58974	0	0	0	0	800	36826	36826	800	3	797
58968	0	0	0	0	806	36350	36350	806	3	803
59089	0	0	0	0	685	32409	32409	685	3	682
59067	0	0	0	0	707	31308	31308	707	3	704
59093	0	0	0	0	681	32188	32188	681	3	678
58880	0	0	0	0	894	34620	34620	894	3	891
59002	0	0	0	0	772	33719	33719	772	3	769
58880	0	0	0	0	894	35422	35422	894	3	891
59278	0	0	0	0	496	32155	32155	496	3	493
59245	0	0	0	0	529	35673	35673	529	3	526
59242	0	0	0	0	532	37235	37235	532	3	529
59280	0	0	0	0	494	31818	31818	494	3	491
59063	0	0	0	0	711	33276	33276	711	3	708
59209	0	0	0	0	565	34207	34207	565	3	562
59117	0	0	0	0	657	35437	35437	657	3	654
58943	0	0	0	0	831	34127	34127	831	3	828
59065	0	0	0	0	709	35430	35430	709	3	706
58969	0	0	0	0	805	33115	33115	805	3	802
59138	0	0	0	0	636	32694	32694	636	3	633
58924	0	0	0	0	850	36134	36134	850	3	847
59295	0	0	0	0	479	33107	33107	479	3	476
58967	0	0	0	0	807	34143	34143	807	3	804
59031	0	0	0	0	743	35605	35605	743	3	740
58763	0	0	0	0	1011	34690	34690	1011	3	1008
59096	0	0	0	0	678	35633	35633	678	3	675
59023	0	0	0	0	751	35831	35831	751	3	748
59011	0	0	0	0	763	34118	34118	763	3	760
59017	0	0	0	0	757	33667	33667	757	3	754
59149	0	0	0	0	625	33907	33907	625	3	622
59186	0	0	0	0	588	35102	35102	588	3	585
59139	0	0	0	0	635	34739	34739	635	3	632
59166	0	0	0	0	608	38957	38957	608	3	605
59123	0	0	0	0	651	31849	31849	651	3	648
58889	0	0	0	0	885	34677	34677	885	3	882
59324	0	0	0	0	450	33858	33858	450	3	447
59011	0	0	0	0	763	32267	32267	763	3	760
59257	0	0	0	0	517	34687	34687	517	3	514
59417	0	0	0	0	357	34588	34588	357	3	354
59013	0	0	0	0	761	33462	33462	761	3	758
59031	0	0	0	0	743	33824	33824	743	3	740
59300	0	0	0	0	474	32052	32052	474	3	471
58924	0	0	0	0	850	32039	32039	850	3	847
59072	0	0	0	0	702	34105	34105	702	3	699
59084	0	0	0	0	690	31803	31803	690	3	687
59304	0	0	0	0	470	35554	35554	470	3	467
59006	0	0	0	0	768	33259	33259	768	3	765
59059	0	0	0	0	715	34759	34759	715	3	712
59053	0	0	0	0	721	34215	34215	721	3	718
59152	0	0	0	0	622	31821	31821	622	3	619
59098	0	0	0	0	676	35063	35063	676	3	673
59007	0	0	0	0	767	34809	34809	767	3	764
59372	0	0	0	0	402	37017	37017	402	3	399
59122	0	0	0	0	652	38405	38405	652	3	649
59131	0	0	0	0	643	35910	35910	643	3	640
59035	0	0	0	0	739	35532	35532	739	3	736
59146	0	0	0	0	628	36408	36408	628	3	625
59024	0	0	0	0	750	35796	35796	750	3	747
59049	0	0	0	0	725	36193	36193	725	3	722
59025	0	0	0	0	749	35541	35541	749	3	746
58951	0	0	0	0	823	33074	33074	823	3	820
59196	0	0	0	0	578	30910	30910	578	3	575
59203	0	0	0	0	571	37933	37933	571	3	568
58920	0	0	0	0	854	34304	34304	854	3	851
59142	0	0	0	0	632	33640	33640	632	3	629
59466	0	0	0	0	308	36318	36318	308	3	305
58867	0	0	0	0	907	34661	34661	907	3	904
