36166	0	0	0	0	23608	44651	0	23608	14561	9047
36010	0	0	0	0	23764	44657	0	23764	14576	9188
36632	0	0	0	0	23142	44404	0	23142	14322	8820
36601	0	0	0	0	23173	44411	0	23173	14291	8882
36129	0	0	0	0	23645	44614	0	23645	14502	9143
35860	0	0	0	0	23914	44640	0	23914	14516	9398
36193	0	0	0	0	23581	44420	0	23581	14340	9241
36156	0	0	0	0	23618	44620	0	23618	14537	9081
35428	0	0	0	0	24346	44706	0	24346	14572	9774
36426	0	0	0	0	23348	44588	0	23348	14526	8822
36086	0	0	0	0	23688	44646	0	23688	14565	9123
36034	0	0	0	0	23740	44598	0	23740	14458	9282
36490	0	0	0	0	23284	44598	0	23284	14556	8728
35783	0	0	0	0	23991	44398	0	23991	14354	9637
35766	0	0	0	0	24008	44625	0	24008	14498	9510
36539	0	0	0	0	23235	44388	0	23235	14346	8889
36197	0	0	0	0	23577	44680	0	23577	14574	9003
36597	0	0	0	0	23177	44421	0	23177	14271	8906
36129	0	0	0	0	23645	44424	0	23645	14312	9333
36280	0	0	0	0	23494	44370	0	23494	14282	9212
36781	0	0	0	0	22993	44358	0	22993	14304	8689
36785	0	0	0	0	22989	44397	0	22989	14342	8647
36086	0	0	0	0	23688	44638	0	23688	14545	9143
36229	0	0	0	0	23545	44616	0	23545	14544	9001
36126	0	0	0	0	23648	44384	0	23648	14325	9323
36238	0	0	0	0	23536	44598	0	23536	14567	8969
35779	0	0	0	0	23995	44652	0	23995	14550	9445
36434	0	0	0	0	23340	44652	0	23340	14582	8758
36474	0	0	0	0	23300	44398	0	23300	14268	9032
36412	0	0	0	0	23362	44620	0	23362	14528	8834
36412	0	0	0	0	23362	44621	0	23362	14553	8809
36709	0	0	0	0	23065	44641	0	23065	14559	8506
36341	0	0	0	0	23433	44639	0	23433	14544	8889
36010	0	0	0	0	23764	44632	0	23764	14532	9232
36012	0	0	0	0	23762	44407	0	23762	14344	9418
36347	0	0	0	0	23427	44381	0	23427	14365	9062
35513	0	0	0	0	24261	44417	0	24261	14284	9977
36494	0	0	0	0	23280	44669	0	23280	14574	8706
35816	0	0	0	0	23958	44776	0	23958	14670	9288
36268	0	0	0	0	23506	44578	0	23506	14536	8970
35526	0	0	0	0	24248	44674	0	24248	14524	9724
36155	0	0	0	0	23619	44611	0	23619	14568	9051
36331	0	0	0	0	23443	44671	0	23443	14547	8896
36594	0	0	0	0	23180	44606	0	23180	14586	8594
36537	0	0	0	0	23237	44516	0	23237	14352	8885
36146	0	0	0	0	23628	44645	0	23628	14558	9070
36011	0	0	0	0	23763	44655	0	23763	14517	9246
35827	0	0	0	0	23947	44752	0	23947	14591	9356
36246	0	0	0	0	23528	44641	0	23528	14546	8982
36650	0	0	0	0	23124	44395	0	23124	14357	8767
35883	0	0	0	0	23891	44621	0	23891	14498	9393
36667	0	0	0	0	23107	44416	0	23107	14312	8795
36464	0	0	0	0	23310	44441	0	23310	14322	8988
35878	0	0	0	0	23896	44756	0	23896	14640	9256
36355	0	0	0	0	23419	44594	0	23419	14526	8893
36005	0	0	0	0	23769	44435	0	23769	14340	9429
36119	0	0	0	0	23655	44611	0	23655	14521	9134
35855	0	0	0	0	23919	44511	0	23919	14316	9603
36388	0	0	0	0	23386	44443	0	23386	14354	9032
35932	0	0	0	0	23842	44681	0	23842	14544	9298
36182	0	0	0	0	23592	44647	0	23592	14558	9034
35607	0	0	0	0	24167	44619	0	24167	14515	9652
36385	0	0	0	0	23389	44649	0	23389	14559	8830
36494	0	0	0	0	23280	44529	0	23280	14370	8910
36382	0	0	0	0	23392	44438	0	23392	14332	9060
36747	0	0	0	0	23027	44384	0	23027	14281	8746
36237	0	0	0	0	23537	44635	0	23537	14542	8995
36173	0	0	0	0	23601	44595	0	23601	14577	9024
36395	0	0	0	0	23379	44490	0	23379	14295	9084
36556	0	0	0	0	23218	44644	0	23218	14527	8691
36328	0	0	0	0	23446	44605	0	23446	14528	8918
36108	0	0	0	0	23666	44638	0	23666	14529	9137
36379	0	0	0	0	23395	44653	0	23395	14538	8857
36423	0	0	0	0	23351	44473	0	23351	14300	9051
35580	0	0	0	0	24194	44641	0	24194	14581	9613
36049	0	0	0	0	23725	44644	0	23725	14487	9238
36652	0	0	0	0	23122	44606	0	23122	14544	8578
36158	0	0	0	0	23616	44616	0	23616	14537	9079
36365	0	0	0	0	23409	44459	0	23409	14386	9023
36443	0	0	0	0	23331	44457	0	23331	14289	9042
36029	0	0	0	0	23745	44604	0	23745	14537	9208
36324	0	0	0	0	23450	44661	0	23450	14533	8917
35814	0	0	0	0	23960	44658	0	23960	14577	9383
36697	0	0	0	0	23077	44431	0	23077	14298	8779
36430	0	0	0	0	23344	44392	0	23344	14311	9033
36318	0	0	0	0	23456	44519	0	23456	14323	9133
36515	0	0	0	0	23259	44393	0	23259	14306	8953
35791	0	0	0	0	23983	44630	0	23983	14530	9453
35887	0	0	0	0	23887	44625	0	23887	14535	9352
35930	0	0	0	0	23844	44635	0	23844	14566	9278
36297	0	0	0	0	23477	44616	0	23477	14558	8919
35935	0	0	0	0	23839	44726	0	23839	14588	9251
35971	0	0	0	0	23803	44699	0	23803	14579	9224
36366	0	0	0	0	23408	44440	0	23408	14356	9052
35517	0	0	0	0	24257	44672	0	24257	14556	9701
36379	0	0	0	0	23395	44583	0	23395	14537	8858
35858	0	0	0	0	23916	44376	0	23916	14331	9585
36437	0	0	0	0	23337	44653	0	23337	14554	8783
36280	0	0	0	0	23494	44594	0	23494	14506	8988
36405	0	0	0	0	23369	44420	0	23369	14305	9064
35633	0	0	0	0	24141	44610	0	24141	14528	9613
35861	0	0	0	0	23913	44440	0	23913	14359	9554
36097	0	0	0	0	23677	44404	0	23677	14346	9331
35847	0	0	0	0	23927	44584	0	23927	14570	9357
35998	0	0	0	0	23776	44635	0	23776	14505	9271
36332	0	0	0	0	23442	44362	0	23442	14306	9136
36201	0	0	0	0	23573	44649	0	23573	14551	9022
35681	0	0	0	0	24093	44604	0	24093	14556	9537
35646	0	0	0	0	24128	44620	0	24128	14463	9665
36081	0	0	0	0	23693	44499	0	23693	14324	9369
36226	0	0	0	0	23548	44527	0	23548	14305	9243
36588	0	0	0	0	23186	44605	0	23186	14534	8652
36504	0	0	0	0	23270	44358	0	23270	14346	8924
36567	0	0	0	0	23207	44354	0	23207	14257	8950
35690	0	0	0	0	24084	44657	0	24084	14565	9519
36383	0	0	0	0	23391	44657	0	23391	14512	8879
35982	0	0	0	0	23792	44615	0	23792	14555	9237
36445	0	0	0	0	23329	44698	0	23329	14596	8733
36598	0	0	0	0	23176	44599	0	23176	14438	8738
35947	0	0	0	0	23827	44734	0	23827	14583	9244
36333	0	0	0	0	23441	44401	0	23441	14360	9081
35952	0	0	0	0	23822	44596	0	23822	14541	9281
36088	0	0	0	0	23686	44518	0	23686	14298	9388
36199	0	0	0	0	23575	44627	0	23575	14552	9023
35828	0	0	0	0	23946	44592	0	23946	14529	9417
36365	0	0	0	0	23409	44430	0	23409	14343	9066
35725	0	0	0	0	24049	44642	0	24049	14536	9513
36110	0	0	0	0	23664	44370	0	23664	14303	9361
36206	0	0	0	0	23568	44653	0	23568	14546	9022
36339	0	0	0	0	23435	44461	0	23435	14308	9127
36144	0	0	0	0	23630	44621	0	23630	14512	9118
36723	0	0	0	0	23051	44414	0	23051	14302	8749
36429	0	0	0	0	23345	44580	0	23345	14568	8777
36295	0	0	0	0	23479	44600	0	23479	14559	8920
35947	0	0	0	0	23827	44603	0	23827	14539	9288
36403	0	0	0	0	23371	44616	0	23371	14550	8821
36374	0	0	0	0	23400	44637	0	23400	14547	8853
35481	0	0	0	0	24293	44598	0	24293	14524	9769
36367	0	0	0	0	23407	44634	0	23407	14578	8829
36109	0	0	0	0	23665	44425	0	23665	14317	9348
36549	0	0	0	0	23225	44630	0	23225	14524	8701
36793	0	0	0	0	22981	44392	0	22981	14288	8693
36302	0	0	0	0	23472	44632	0	23472	14578	8894
35843	0	0	0	0	23931	44583	0	23931	14552	9379
36491	0	0	0	0	23283	44688	0	23283	14539	8744
35987	0	0	0	0	23787	44633	0	23787	14542	9245
36484	0	0	0	0	23290	44412	0	23290	14286	9004
36610	0	0	0	0	23164	44590	0	23164	14529	8635
36131	0	0	0	0	23643	44620	0	23643	14582	9061
36159	0	0	0	0	23615	44440	0	23615	14305	9310
36150	0	0	0	0	23624	44633	0	23624	14541	9083
36207	0	0	0	0	23567	44654	0	23567	14545	9022
36653	0	0	0	0	23121	44415	0	23121	14297	8824
36008	0	0	0	0	23766	44619	0	23766	14525	9241
36306	0	0	0	0	23468	44622	0	23468	14537	8931
35139	0	0	0	0	24635	44640	0	24635	14511	10124
35546	0	0	0	0	24228	44643	0	24228	14563	9665
36155	0	0	0	0	23619	44636	0	23619	14540	9079
35774	0	0	0	0	24000	44656	0	24000	14551	9449
36270	0	0	0	0	23504	44433	0	23504	14328	9176
36544	0	0	0	0	23230	44351	0	23230	14282	8948
36553	0	0	0	0	23221	44636	0	23221	14553	8668
36710	0	0	0	0	23064	44631	0	23064	14528	8536
36060	0	0	0	0	23714	44633	0	23714	14571	9143
36264	0	0	0	0	23510	44662	0	23510	14549	8961
36532	0	0	0	0	23242	44533	0	23242	14283	8959
36822	0	0	0	0	22952	44612	0	22952	14501	8451
36584	0	0	0	0	23190	44439	0	23190	14299	8891
36400	0	0	0	0	23374	44429	0	23374	14342	9032
36608	0	0	0	0	23166	44446	0	23166	14330	8836
35902	0	0	0	0	23872	44506	0	23872	14430	9442
36421	0	0	0	0	23353	44618	0	23353	14583	8770
35495	0	0	0	0	24279	44437	0	24279	14300	9979
36917	0	0	0	0	22857	44621	0	22857	14531	8326
37005	0	0	0	0	22769	44397	0	22769	14339	8430
36081	0	0	0	0	23693	44620	0	23693	14562	9131
35755	0	0	0	0	24019	44606	0	24019	14588	9431
36838	0	0	0	0	22936	44420	0	22936	14329	8607
35614	0	0	0	0	24160	44481	0	24160	14331	9829
35970	0	0	0	0	23804	44622	0	23804	14519	9285
36347	0	0	0	0	23427	44450	0	23427	14306	9121
36352	0	0	0	0	23422	44428	0	23422	14339	9083
36741	0	0	0	0	23033	44477	0	23033	14314	8719
36423	0	0	0	0	23351	44437	0	23351	14351	9000
36448	0	0	0	0	23326	44462	0	23326	14345	8981
35611	0	0	0	0	24163	44464	0	24163	14299	9864
35667	0	0	0	0	24107	44614	0	24107	14553	9554
36142	0	0	0	0	23632	44762	0	23632	14635	8997
36388	0	0	0	0	23386	44680	0	23386	14527	8859
35917	0	0	0	0	23857	44605	0	23857	14541	9316
36122	0	0	0	0	23652	44450	0	23652	14310	9342
36405	0	0	0	0	23369	44616	0	23369	14529	8840
36329	0	0	0	0	23445	44643	0	23445	14521	8924
36166	0	0	0	0	23608	44444	0	23608	14271	9337
36326	0	0	0	0	23448	44609	0	23448	14512	8936
36251	0	0	0	0	23523	44413	0	23523	14322	9201
36243	0	0	0	0	23531	44405	0	23531	14344	9187
36074	0	0	0	0	23700	44628	0	23700	14550	9150
36528	0	0	0	0	23246	44629	0	23246	14510	8736
36087	0	0	0	0	23687	44386	0	23687	14361	9326
35801	0	0	0	0	23973	44622	0	23973	14540	9433
35519	0	0	0	0	24255	44728	0	24255	14612	9643
36703	0	0	0	0	23071	44412	0	23071	14315	8756
35784	0	0	0	0	23990	44589	0	23990	14504	9486
36532	0	0	0	0	23242	44643	0	23242	14520	8722
36240	0	0	0	0	23534	44616	0	23534	14542	8992
36527	0	0	0	0	23247	44409	0	23247	14345	8902
36692	0	0	0	0	23082	44428	0	23082	14305	8777
35686	0	0	0	0	24088	44424	0	24088	14312	9776
36784	0	0	0	0	22990	44369	0	22990	14313	8677
36291	0	0	0	0	23483	44421	0	23483	14317	9166
36310	0	0	0	0	23464	44658	0	23464	14534	8930
35801	0	0	0	0	23973	44599	0	23973	14524	9449
35791	0	0	0	0	23983	44388	0	23983	14308	9675
36847	0	0	0	0	22927	44427	0	22927	14284	8643
36133	0	0	0	0	23641	44588	0	23641	14531	9110
36514	0	0	0	0	23260	44460	0	23260	14309	8951
36072	0	0	0	0	23702	44728	0	23702	14584	9118
36027	0	0	0	0	23747	44399	0	23747	14315	9432
36444	0	0	0	0	23330	44427	0	23330	14310	9020
36072	0	0	0	0	23702	44566	0	23702	14534	9168
36335	0	0	0	0	23439	44610	0	23439	14543	8896
36215	0	0	0	0	23559	44743	0	23559	14577	8982
36326	0	0	0	0	23448	44786	0	23448	14612	8836
35737	0	0	0	0	24037	44622	0	24037	14596	9441
35918	0	0	0	0	23856	44465	0	23856	14352	9504
36395	0	0	0	0	23379	44403	0	23379	14347	9032
36204	0	0	0	0	23570	44451	0	23570	14335	9235
35719	0	0	0	0	24055	44627	0	24055	14532	9523
36135	0	0	0	0	23639	44633	0	23639	14530	9109
36815	0	0	0	0	22959	44417	0	22959	14297	8662
36160	0	0	0	0	23614	44608	0	23614	14597	9017
36212	0	0	0	0	23562	44622	0	23562	14547	9015
36191	0	0	0	0	23583	44631	0	23583	14555	9028
36354	0	0	0	0	23420	44442	0	23420	14310	9110
36222	0	0	0	0	23552	44599	0	23552	14552	9000
36144	0	0	0	0	23630	44618	0	23630	14573	9057
35574	0	0	0	0	24200	44665	0	24200	14518	9682
35842	0	0	0	0	23932	44570	0	23932	14528	9404
35994	0	0	0	0	23780	44634	0	23780	14543	9237
35614	0	0	0	0	24160	44575	0	24160	14518	9642
36055	0	0	0	0	23719	44605	0	23719	14521	9198
36192	0	0	0	0	23582	44702	0	23582	14577	9005
36161	0	0	0	0	23613	44607	0	23613	14529	9084
36072	0	0	0	0	23702	44600	0	23702	14535	9167
36090	0	0	0	0	23684	44627	0	23684	14532	9152
36291	0	0	0	0	23483	44508	0	23483	14337	9146
35832	0	0	0	0	23942	44625	0	23942	14530	9412
36473	0	0	0	0	23301	44625	0	23301	14516	8785
36390	0	0	0	0	23384	44629	0	23384	14576	8808
36528	0	0	0	0	23246	44620	0	23246	14526	8720
36213	0	0	0	0	23561	44584	0	23561	14503	9058
36035	0	0	0	0	23739	44617	0	23739	14614	9125
36489	0	0	0	0	23285	44451	0	23285	14304	8981
35478	0	0	0	0	24296	44612	0	24296	14523	9773
36074	0	0	0	0	23700	44630	0	23700	14526	9174
35888	0	0	0	0	23886	44639	0	23886	14556	9330
36234	0	0	0	0	23540	44455	0	23540	14285	9255
36063	0	0	0	0	23711	44658	0	23711	14550	9161
35942	0	0	0	0	23832	44633	0	23832	14546	9286
36562	0	0	0	0	23212	44640	0	23212	14563	8649
36486	0	0	0	0	23288	44633	0	23288	14521	8767
36613	0	0	0	0	23161	44605	0	23161	14559	8602
35640	0	0	0	0	24134	44608	0	24134	14508	9626
36398	0	0	0	0	23376	44465	0	23376	14303	9073
36084	0	0	0	0	23690	44427	0	23690	14310	9380
36135	0	0	0	0	23639	44614	0	23639	14557	9082
36389	0	0	0	0	23385	44637	0	23385	14545	8840
36396	0	0	0	0	23378	44668	0	23378	14565	8813
36429	0	0	0	0	23345	44443	0	23345	14331	9014
36073	0	0	0	0	23701	44624	0	23701	14557	9144
36239	0	0	0	0	23535	44524	0	23535	14380	9155
35688	0	0	0	0	24086	44632	0	24086	14521	9565
36616	0	0	0	0	23158	44428	0	23158	14345	8813
36088	0	0	0	0	23686	44687	0	23686	14587	9099
36144	0	0	0	0	23630	44644	0	23630	14508	9122
35683	0	0	0	0	24091	44645	0	24091	14544	9547
36169	0	0	0	0	23605	44648	0	23605	14515	9090
36744	0	0	0	0	23030	44444	0	23030	14344	8686
35508	0	0	0	0	24266	44609	0	24266	14547	9719
36158	0	0	0	0	23616	44616	0	23616	14523	9093
36326	0	0	0	0	23448	44558	0	23448	14509	8939
36257	0	0	0	0	23517	44379	0	23517	14303	9214
36219	0	0	0	0	23555	44382	0	23555	14305	9250
36344	0	0	0	0	23430	44375	0	23430	14313	9117
35868	0	0	0	0	23906	44647	0	23906	14517	9389
36000	0	0	0	0	23774	44650	0	23774	14550	9224
35864	0	0	0	0	23910	44408	0	23910	14299	9611
35790	0	0	0	0	23984	44603	0	23984	14527	9457
36540	0	0	0	0	23234	44392	0	23234	14327	8907
36357	0	0	0	0	23417	44653	0	23417	14555	8862
36101	0	0	0	0	23673	44643	0	23673	14559	9114
36943	0	0	0	0	22831	44434	0	22831	14346	8485
36820	0	0	0	0	22954	44456	0	22954	14342	8612
36614	0	0	0	0	23160	44611	0	23160	14521	8639
36028	0	0	0	0	23746	44623	0	23746	14484	9262
35671	0	0	0	0	24103	44599	0	24103	14531	9572
36142	0	0	0	0	23632	44591	0	23632	14514	9118
35769	0	0	0	0	24005	44617	0	24005	14531	9474
35646	0	0	0	0	24128	44641	0	24128	14572	9556
36090	0	0	0	0	23684	44615	0	23684	14541	9143
35493	0	0	0	0	24281	44662	0	24281	14566	9715
36272	0	0	0	0	23502	44636	0	23502	14543	8959
36382	0	0	0	0	23392	44667	0	23392	14545	8847
35943	0	0	0	0	23831	44665	0	23831	14531	9300
35870	0	0	0	0	23904	44680	0	23904	14559	9345
36247	0	0	0	0	23527	44454	0	23527	14317	9210
36353	0	0	0	0	23421	44638	0	23421	14542	8879
36297	0	0	0	0	23477	44624	0	23477	14491	8986
35426	0	0	0	0	24348	44622	0	24348	14543	9805
36793	0	0	0	0	22981	44409	0	22981	14359	8622
36243	0	0	0	0	23531	44586	0	23531	14551	8980
36032	0	0	0	0	23742	44645	0	23742	14544	9198
35883	0	0	0	0	23891	44646	0	23891	14575	9316
36310	0	0	0	0	23464	44611	0	23464	14476	8988
36036	0	0	0	0	23738	44657	0	23738	14512	9226
36308	0	0	0	0	23466	44591	0	23466	14504	8962
36233	0	0	0	0	23541	44605	0	23541	14526	9015
35751	0	0	0	0	24023	44641	0	24023	14557	9466
35901	0	0	0	0	23873	44618	0	23873	14562	9311
36023	0	0	0	0	23751	44669	0	23751	14592	9159
36728	0	0	0	0	23046	44407	0	23046	14316	8730
36069	0	0	0	0	23705	44475	0	23705	14266	9439
36326	0	0	0	0	23448	44474	0	23448	14342	9106
35959	0	0	0	0	23815	44608	0	23815	14522	9293
36041	0	0	0	0	23733	44580	0	23733	14549	9184
36022	0	0	0	0	23752	44629	0	23752	14480	9272
36764	0	0	0	0	23010	44481	0	23010	14371	8639
36188	0	0	0	0	23586	44601	0	23586	14512	9074
35933	0	0	0	0	23841	44365	0	23841	14243	9598
36361	0	0	0	0	23413	44622	0	23413	14527	8886
36899	0	0	0	0	22875	44416	0	22875	14285	8590
36151	0	0	0	0	23623	44596	0	23623	14573	9050
36588	0	0	0	0	23186	44621	0	23186	14543	8643
35461	0	0	0	0	24313	44607	0	24313	14590	9723
36666	0	0	0	0	23108	44442	0	23108	14336	8772
36376	0	0	0	0	23398	44613	0	23398	14517	8881
35835	0	0	0	0	23939	44414	0	23939	14310	9629
36207	0	0	0	0	23567	44629	0	23567	14536	9031
36773	0	0	0	0	23001	44447	0	23001	14324	8677
35752	0	0	0	0	24022	44604	0	24022	14554	9468
36492	0	0	0	0	23282	44447	0	23282	14370	8912
35935	0	0	0	0	23839	44583	0	23839	14539	9300
36959	0	0	0	0	22815	44484	0	22815	14282	8533
36743	0	0	0	0	23031	44639	0	23031	14553	8478
35852	0	0	0	0	23922	44624	0	23922	14562	9360
36540	0	0	0	0	23234	44481	0	23234	14330	8904
36380	0	0	0	0	23394	44636	0	23394	14550	8844
35919	0	0	0	0	23855	44493	0	23855	14337	9518
36090	0	0	0	0	23684	44602	0	23684	14578	9106
35997	0	0	0	0	23777	44613	0	23777	14536	9241
36827	0	0	0	0	22947	44456	0	22947	14294	8653
36243	0	0	0	0	23531	44654	0	23531	14531	9000
36404	0	0	0	0	23370	44609	0	23370	14531	8839
36225	0	0	0	0	23549	44641	0	23549	14544	9005
36504	0	0	0	0	23270	44621	0	23270	14525	8745
35787	0	0	0	0	23987	44645	0	23987	14555	9432
35884	0	0	0	0	23890	44437	0	23890	14354	9536
35669	0	0	0	0	24105	44642	0	24105	14557	9548
35724	0	0	0	0	24050	44623	0	24050	14546	9504
35866	0	0	0	0	23908	44659	0	23908	14582	9326
36194	0	0	0	0	23580	44590	0	23580	14543	9037
35690	0	0	0	0	24084	44591	0	24084	14497	9587
36321	0	0	0	0	23453	44443	0	23453	14321	9132
36322	0	0	0	0	23452	44601	0	23452	14505	8947
36591	0	0	0	0	23183	44632	0	23183	14526	8657
36101	0	0	0	0	23673	44623	0	23673	14554	9119
36162	0	0	0	0	23612	44424	0	23612	14338	9274
36255	0	0	0	0	23519	44444	0	23519	14280	9239
36556	0	0	0	0	23218	44598	0	23218	14511	8707
36146	0	0	0	0	23628	44600	0	23628	14543	9085
36359	0	0	0	0	23415	44616	0	23415	14504	8911
36487	0	0	0	0	23287	44393	0	23287	14307	8980
36130	0	0	0	0	23644	44663	0	23644	14571	9073
35569	0	0	0	0	24205	44629	0	24205	14522	9683
36023	0	0	0	0	23751	44361	0	23751	14290	9461
36416	0	0	0	0	23358	44639	0	23358	14536	8822
37005	0	0	0	0	22769	44452	0	22769	14341	8428
36007	0	0	0	0	23767	44601	0	23767	14508	9259
35665	0	0	0	0	24109	44624	0	24109	14543	9566
36145	0	0	0	0	23629	44747	0	23629	14653	8976
36386	0	0	0	0	23388	44458	0	23388	14336	9052
35962	0	0	0	0	23812	44636	0	23812	14549	9263
35993	0	0	0	0	23781	44678	0	23781	14552	9229
36145	0	0	0	0	23629	44636	0	23629	14525	9104
36691	0	0	0	0	23083	44406	0	23083	14315	8768
35635	0	0	0	0	24139	44632	0	24139	14553	9586
36407	0	0	0	0	23367	44373	0	23367	14308	9059
36063	0	0	0	0	23711	44631	0	23711	14532	9179
36614	0	0	0	0	23160	44427	0	23160	14281	8879
36420	0	0	0	0	23354	44616	0	23354	14574	8780
36229	0	0	0	0	23545	44607	0	23545	14581	8964
36398	0	0	0	0	23376	44445	0	23376	14363	9013
36513	0	0	0	0	23261	44644	0	23261	14528	8733
36357	0	0	0	0	23417	44449	0	23417	14329	9088
36087	0	0	0	0	23687	44659	0	23687	14568	9119
36113	0	0	0	0	23661	44662	0	23661	14513	9148
35915	0	0	0	0	23859	44741	0	23859	14564	9295
35815	0	0	0	0	23959	44396	0	23959	14277	9682
36485	0	0	0	0	23289	44618	0	23289	14489	8800
36346	0	0	0	0	23428	44412	0	23428	14316	9112
36607	0	0	0	0	23167	44398	0	23167	14338	8829
35976	0	0	0	0	23798	44413	0	23798	14355	9443
35793	0	0	0	0	23981	44413	0	23981	14359	9622
36196	0	0	0	0	23578	44628	0	23578	14537	9041
35830	0	0	0	0	23944	44642	0	23944	14566	9378
35626	0	0	0	0	24148	44480	0	24148	14323	9825
36575	0	0	0	0	23199	44379	0	23199	14337	8862
36574	0	0	0	0	23200	44394	0	23200	14360	8840
36367	0	0	0	0	23407	44343	0	23407	14225	9182
35936	0	0	0	0	23838	44642	0	23838	14548	9290
35594	0	0	0	0	24180	44679	0	24180	14580	9600
36357	0	0	0	0	23417	44625	0	23417	14543	8874
36264	0	0	0	0	23510	44625	0	23510	14584	8926
36376	0	0	0	0	23398	44418	0	23398	14330	9068
36602	0	0	0	0	23172	44423	0	23172	14331	8841
35576	0	0	0	0	24198	44619	0	24198	14573	9625
36206	0	0	0	0	23568	44639	0	23568	14577	8991
36683	0	0	0	0	23091	44401	0	23091	14352	8739
36054	0	0	0	0	23720	44599	0	23720	14525	9195
36151	0	0	0	0	23623	44640	0	23623	14539	9084
36320	0	0	0	0	23454	44405	0	23454	14294	9160
36153	0	0	0	0	23621	44616	0	23621	14537	9084
36113	0	0	0	0	23661	44613	0	23661	14543	9118
36283	0	0	0	0	23491	44619	0	23491	14544	8947
37000	0	0	0	0	22774	44414	0	22774	14296	8478
35313	0	0	0	0	24461	44647	0	24461	14555	9906
36530	0	0	0	0	23244	44600	0	23244	14479	8765
36015	0	0	0	0	23759	44420	0	23759	14290	9469
36287	0	0	0	0	23487	44401	0	23487	14358	9129
35868	0	0	0	0	23906	44612	0	23906	14537	9369
36036	0	0	0	0	23738	44624	0	23738	14555	9183
36421	0	0	0	0	23353	44423	0	23353	14329	9024
36327	0	0	0	0	23447	44386	0	23447	14297	9150
36525	0	0	0	0	23249	44572	0	23249	14395	8854
36373	0	0	0	0	23401	44435	0	23401	14320	9081
36196	0	0	0	0	23578	44485	0	23578	14274	9304
36638	0	0	0	0	23136	44445	0	23136	14305	8831
36192	0	0	0	0	23582	44622	0	23582	14562	9020
36503	0	0	0	0	23271	44419	0	23271	14281	8990
35732	0	0	0	0	24042	44573	0	24042	14534	9508
36282	0	0	0	0	23492	44431	0	23492	14338	9154
36407	0	0	0	0	23367	44464	0	23367	14286	9081
36314	0	0	0	0	23460	44410	0	23460	14282	9178
35826	0	0	0	0	23948	44609	0	23948	14524	9424
36725	0	0	0	0	23049	44451	0	23049	14291	8758
36153	0	0	0	0	23621	44370	0	23621	14367	9254
35937	0	0	0	0	23837	44639	0	23837	14494	9343
36169	0	0	0	0	23605	44415	0	23605	14272	9333
36138	0	0	0	0	23636	44584	0	23636	14556	9080
36040	0	0	0	0	23734	44596	0	23734	14552	9182
35890	0	0	0	0	23884	44613	0	23884	14540	9344
36323	0	0	0	0	23451	44630	0	23451	14521	8930
35606	0	0	0	0	24168	44405	0	24168	14301	9867
36361	0	0	0	0	23413	44643	0	23413	14529	8884
36645	0	0	0	0	23129	44605	0	23129	14502	8627
37012	0	0	0	0	22762	44404	0	22762	14328	8434
36334	0	0	0	0	23440	44664	0	23440	14516	8924
35906	0	0	0	0	23868	44648	0	23868	14563	9305
36345	0	0	0	0	23429	44646	0	23429	14539	8890
35923	0	0	0	0	23851	44433	0	23851	14283	9568
36653	0	0	0	0	23121	44638	0	23121	14509	8612
35953	0	0	0	0	23821	44581	0	23821	14529	9292
36103	0	0	0	0	23671	44638	0	23671	14538	9133
35323	0	0	0	0	24451	44675	0	24451	14569	9882
36753	0	0	0	0	23021	44422	0	23021	14330	8691
36101	0	0	0	0	23673	44374	0	23673	14319	9354
36356	0	0	0	0	23418	44481	0	23418	14349	9069
36283	0	0	0	0	23491	44394	0	23491	14249	9242
36083	0	0	0	0	23691	44628	0	23691	14527	9164
36621	0	0	0	0	23153	44419	0	23153	14318	8835
36492	0	0	0	0	23282	44679	0	23282	14561	8721
36495	0	0	0	0	23279	44378	0	23279	14322	8957
36545	0	0	0	0	23229	44508	0	23229	14345	8884
36212	0	0	0	0	23562	44631	0	23562	14526	9036
36204	0	0	0	0	23570	44608	0	23570	14531	9039
36301	0	0	0	0	23473	44454	0	23473	14312	9161
35570	0	0	0	0	24204	44643	0	24204	14528	9676
35754	0	0	0	0	24020	44733	0	24020	14590	9430
36908	0	0	0	0	22866	44427	0	22866	14317	8549
36365	0	0	0	0	23409	44624	0	23409	14531	8878
36600	0	0	0	0	23174	44614	0	23174	14592	8582
36225	0	0	0	0	23549	44681	0	23549	14524	9025
36574	0	0	0	0	23200	44472	0	23200	14309	8891
36197	0	0	0	0	23577	44598	0	23577	14492	9085
36259	0	0	0	0	23515	44668	0	23515	14558	8957
36104	0	0	0	0	23670	44446	0	23670	14281	9389
36688	0	0	0	0	23086	44429	0	23086	14234	8852
36523	0	0	0	0	23251	44607	0	23251	14541	8710
35950	0	0	0	0	23824	44600	0	23824	14569	9255
36372	0	0	0	0	23402	44610	0	23402	14515	8887
36556	0	0	0	0	23218	44615	0	23218	14563	8655
36740	0	0	0	0	23034	44467	0	23034	14333	8701
36011	0	0	0	0	23763	44667	0	23763	14557	9206
36199	0	0	0	0	23575	44633	0	23575	14533	9042
36234	0	0	0	0	23540	44591	0	23540	14449	9091
35772	0	0	0	0	24002	44656	0	24002	14582	9420
36562	0	0	0	0	23212	44413	0	23212	14315	8897
35872	0	0	0	0	23902	44609	0	23902	14562	9340
35941	0	0	0	0	23833	44572	0	23833	14559	9274
