293	0	0	0	0	59481	0	0	59481	59481	0
272	0	0	0	0	59502	0	0	59502	59502	0
292	0	0	0	0	59482	0	0	59482	59482	0
402	0	0	0	0	59372	0	0	59372	59372	0
280	0	0	0	0	59494	0	0	59494	59494	0
262	0	0	0	0	59512	0	0	59512	59512	0
369	0	0	0	0	59405	0	0	59405	59405	0
274	0	0	0	0	59500	0	0	59500	59500	0
314	0	0	0	0	59460	0	0	59460	59460	0
310	0	0	0	0	59464	0	0	59464	59464	0
288	0	0	0	0	59486	0	0	59486	59486	0
292	0	0	0	0	59482	0	0	59482	59482	0
307	0	0	0	0	59467	0	0	59467	59467	0
273	0	0	0	0	59501	0	0	59501	59501	0
319	0	0	0	0	59455	0	0	59455	59455	0
275	0	0	0	0	59499	0	0	59499	59499	0
274	0	0	0	0	59500	0	0	59500	59500	0
295	0	0	0	0	59479	0	0	59479	59479	0
382	0	0	0	0	59392	0	0	59392	59392	0
277	0	0	0	0	59497	0	0	59497	59497	0
316	0	0	0	0	59458	0	0	59458	59458	0
391	0	0	0	0	59383	0	0	59383	59383	0
403	0	0	0	0	59371	0	0	59371	59371	0
293	0	0	0	0	59481	0	0	59481	59481	0
369	0	0	0	0	59405	0	0	59405	59405	0
388	0	0	0	0	59386	0	0	59386	59386	0
278	0	0	0	0	59496	0	0	59496	59496	0
381	0	0	0	0	59393	0	0	59393	59393	0
283	0	0	0	0	59491	0	0	59491	59491	0
282	0	0	0	0	59492	0	0	59492	59492	0
267	0	0	0	0	59507	0	0	59507	59507	0
296	0	0	0	0	59478	0	0	59478	59478	0
267	0	0	0	0	59507	0	0	59507	59507	0
387	0	0	0	0	59387	0	0	59387	59387	0
404	0	0	0	0	59370	0	0	59370	59370	0
291	0	0	0	0	59483	0	0	59483	59483	0
413	0	0	0	0	59361	0	0	59361	59361	0
282	0	0	0	0	59492	0	0	59492	59492	0
393	0	0	0	0	59381	0	0	59381	59381	0
396	0	0	0	0	59378	0	0	59378	59378	0
285	0	0	0	0	59489	0	0	59489	59489	0
411	0	0	0	0	59363	0	0	59363	59363	0
270	0	0	0	0	59504	0	0	59504	59504	0
391	0	0	0	0	59383	0	0	59383	59383	0
289	0	0	0	0	59485	0	0	59485	59485	0
280	0	0	0	0	59494	0	0	59494	59494	0
283	0	0	0	0	59491	0	0	59491	59491	0
286	0	0	0	0	59488	0	0	59488	59488	0
288	0	0	0	0	59486	0	0	59486	59486	0
417	0	0	0	0	59357	0	0	59357	59357	0
298	0	0	0	0	59476	0	0	59476	59476	0
382	0	0	0	0	59392	0	0	59392	59392	0
275	0	0	0	0	59499	0	0	59499	59499	0
396	0	0	0	0	59378	0	0	59378	59378	0
267	0	0	0	0	59507	0	0	59507	59507	0
280	0	0	0	0	59494	0	0	59494	59494	0
314	0	0	0	0	59460	0	0	59460	59460	0
307	0	0	0	0	59467	0	0	59467	59467	0
288	0	0	0	0	59486	0	0	59486	59486	0
270	0	0	0	0	59504	0	0	59504	59504	0
385	0	0	0	0	59389	0	0	59389	59389	0
293	0	0	0	0	59481	0	0	59481	59481	0
298	0	0	0	0	59476	0	0	59476	59476	0
277	0	0	0	0	59497	0	0	59497	59497	0
278	0	0	0	0	59496	0	0	59496	59496	0
291	0	0	0	0	59483	0	0	59483	59483	0
308	0	0	0	0	59466	0	0	59466	59466	0
315	0	0	0	0	59459	0	0	59459	59459	0
275	0	0	0	0	59499	0	0	59499	59499	0
294	0	0	0	0	59480	0	0	59480	59480	0
282	0	0	0	0	59492	0	0	59492	59492	0
299	0	0	0	0	59475	0	0	59475	59475	0
394	0	0	0	0	59380	0	0	59380	59380	0
390	0	0	0	0	59384	0	0	59384	59384	0
287	0	0	0	0	59487	0	0	59487	59487	0
292	0	0	0	0	59482	0	0	59482	59482	0
279	0	0	0	0	59495	0	0	59495	59495	0
279	0	0	0	0	59495	0	0	59495	59495	0
396	0	0	0	0	59378	0	0	59378	59378	0
309	0	0	0	0	59465	0	0	59465	59465	0
404	0	0	0	0	59370	0	0	59370	59370	0
270	0	0	0	0	59504	0	0	59504	59504	0
390	0	0	0	0	59384	0	0	59384	59384	0
288	0	0	0	0	59486	0	0	59486	59486	0
257	0	0	0	0	59517	0	0	59517	59517	0
284	0	0	0	0	59490	0	0	59490	59490	0
274	0	0	0	0	59500	0	0	59500	59500	0
367	0	0	0	0	59407	0	0	59407	59407	0
387	0	0	0	0	59387	0	0	59387	59387	0
286	0	0	0	0	59488	0	0	59488	59488	0
295	0	0	0	0	59479	0	0	59479	59479	0
397	0	0	0	0	59377	0	0	59377	59377	0
291	0	0	0	0	59483	0	0	59483	59483	0
288	0	0	0	0	59486	0	0	59486	59486	0
376	0	0	0	0	59398	0	0	59398	59398	0
402	0	0	0	0	59372	0	0	59372	59372	0
387	0	0	0	0	59387	0	0	59387	59387	0
282	0	0	0	0	59492	0	0	59492	59492	0
394	0	0	0	0	59380	0	0	59380	59380	0
298	0	0	0	0	59476	0	0	59476	59476	0
290	0	0	0	0	59484	0	0	59484	59484	0
295	0	0	0	0	59479	0	0	59479	59479	0
275	0	0	0	0	59499	0	0	59499	59499	0
277	0	0	0	0	59497	0	0	59497	59497	0
295	0	0	0	0	59479	0	0	59479	59479	0
285	0	0	0	0	59489	0	0	59489	59489	0
322	0	0	0	0	59452	0	0	59452	59452	0
397	0	0	0	0	59377	0	0	59377	59377	0
313	0	0	0	0	59461	0	0	59461	59461	0
422	0	0	0	0	59352	0	0	59352	59352	0
279	0	0	0	0	59495	0	0	59495	59495	0
290	0	0	0	0	59484	0	0	59484	59484	0
306	0	0	0	0	59468	0	0	59468	59468	0
372	0	0	0	0	59402	0	0	59402	59402	0
381	0	0	0	0	59393	0	0	59393	59393	0
277	0	0	0	0	59497	0	0	59497	59497	0
282	0	0	0	0	59492	0	0	59492	59492	0
282	0	0	0	0	59492	0	0	59492	59492	0
288	0	0	0	0	59486	0	0	59486	59486	0
277	0	0	0	0	59497	0	0	59497	59497	0
297	0	0	0	0	59477	0	0	59477	59477	0
328	0	0	0	0	59446	0	0	59446	59446	0
289	0	0	0	0	59485	0	0	59485	59485	0
282	0	0	0	0	59492	0	0	59492	59492	0
287	0	0	0	0	59487	0	0	59487	59487	0
290	0	0	0	0	59484	0	0	59484	59484	0
373	0	0	0	0	59401	0	0	59401	59401	0
257	0	0	0	0	59517	0	0	59517	59517	0
291	0	0	0	0	59483	0	0	59483	59483	0
409	0	0	0	0	59365	0	0	59365	59365	0
420	0	0	0	0	59354	0	0	59354	59354	0
292	0	0	0	0	59482	0	0	59482	59482	0
285	0	0	0	0	59489	0	0	59489	59489	0
299	0	0	0	0	59475	0	0	59475	59475	0
283	0	0	0	0	59491	0	0	59491	59491	0
276	0	0	0	0	59498	0	0	59498	59498	0
278	0	0	0	0	59496	0	0	59496	59496	0
294	0	0	0	0	59480	0	0	59480	59480	0
264	0	0	0	0	59510	0	0	59510	59510	0
402	0	0	0	0	59372	0	0	59372	59372	0
297	0	0	0	0	59477	0	0	59477	59477	0
295	0	0	0	0	59479	0	0	59479	59479	0
297	0	0	0	0	59477	0	0	59477	59477	0
280	0	0	0	0	59494	0	0	59494	59494	0
392	0	0	0	0	59382	0	0	59382	59382	0
291	0	0	0	0	59483	0	0	59483	59483	0
402	0	0	0	0	59372	0	0	59372	59372	0
308	0	0	0	0	59466	0	0	59466	59466	0
270	0	0	0	0	59504	0	0	59504	59504	0
284	0	0	0	0	59490	0	0	59490	59490	0
290	0	0	0	0	59484	0	0	59484	59484	0
389	0	0	0	0	59385	0	0	59385	59385	0
301	0	0	0	0	59473	0	0	59473	59473	0
387	0	0	0	0	59387	0	0	59387	59387	0
265	0	0	0	0	59509	0	0	59509	59509	0
282	0	0	0	0	59492	0	0	59492	59492	0
305	0	0	0	0	59469	0	0	59469	59469	0
299	0	0	0	0	59475	0	0	59475	59475	0
389	0	0	0	0	59385	0	0	59385	59385	0
282	0	0	0	0	59492	0	0	59492	59492	0
382	0	0	0	0	59392	0	0	59392	59392	0
300	0	0	0	0	59474	0	0	59474	59474	0
400	0	0	0	0	59374	0	0	59374	59374	0
280	0	0	0	0	59494	0	0	59494	59494	0
293	0	0	0	0	59481	0	0	59481	59481	0
412	0	0	0	0	59362	0	0	59362	59362	0
289	0	0	0	0	59485	0	0	59485	59485	0
300	0	0	0	0	59474	0	0	59474	59474	0
299	0	0	0	0	59475	0	0	59475	59475	0
293	0	0	0	0	59481	0	0	59481	59481	0
402	0	0	0	0	59372	0	0	59372	59372	0
367	0	0	0	0	59407	0	0	59407	59407	0
322	0	0	0	0	59452	0	0	59452	59452	0
281	0	0	0	0	59493	0	0	59493	59493	0
391	0	0	0	0	59383	0	0	59383	59383	0
402	0	0	0	0	59372	0	0	59372	59372	0
299	0	0	0	0	59475	0	0	59475	59475	0
298	0	0	0	0	59476	0	0	59476	59476	0
330	0	0	0	0	59444	0	0	59444	59444	0
289	0	0	0	0	59485	0	0	59485	59485	0
299	0	0	0	0	59475	0	0	59475	59475	0
283	0	0	0	0	59491	0	0	59491	59491	0
293	0	0	0	0	59481	0	0	59481	59481	0
282	0	0	0	0	59492	0	0	59492	59492	0
376	0	0	0	0	59398	0	0	59398	59398	0
303	0	0	0	0	59471	0	0	59471	59471	0
270	0	0	0	0	59504	0	0	59504	59504	0
282	0	0	0	0	59492	0	0	59492	59492	0
284	0	0	0	0	59490	0	0	59490	59490	0
402	0	0	0	0	59372	0	0	59372	59372	0
284	0	0	0	0	59490	0	0	59490	59490	0
269	0	0	0	0	59505	0	0	59505	59505	0
276	0	0	0	0	59498	0	0	59498	59498	0
294	0	0	0	0	59480	0	0	59480	59480	0
396	0	0	0	0	59378	0	0	59378	59378	0
306	0	0	0	0	59468	0	0	59468	59468	0
385	0	0	0	0	59389	0	0	59389	59389	0
415	0	0	0	0	59359	0	0	59359	59359	0
283	0	0	0	0	59491	0	0	59491	59491	0
283	0	0	0	0	59491	0	0	59491	59491	0
285	0	0	0	0	59489	0	0	59489	59489	0
296	0	0	0	0	59478	0	0	59478	59478	0
289	0	0	0	0	59485	0	0	59485	59485	0
291	0	0	0	0	59483	0	0	59483	59483	0
272	0	0	0	0	59502	0	0	59502	59502	0
289	0	0	0	0	59485	0	0	59485	59485	0
390	0	0	0	0	59384	0	0	59384	59384	0
282	0	0	0	0	59492	0	0	59492	59492	0
293	0	0	0	0	59481	0	0	59481	59481	0
392	0	0	0	0	59382	0	0	59382	59382	0
301	0	0	0	0	59473	0	0	59473	59473	0
290	0	0	0	0	59484	0	0	59484	59484	0
385	0	0	0	0	59389	0	0	59389	59389	0
395	0	0	0	0	59379	0	0	59379	59379	0
293	0	0	0	0	59481	0	0	59481	59481	0
270	0	0	0	0	59504	0	0	59504	59504	0
326	0	0	0	0	59448	0	0	59448	59448	0
287	0	0	0	0	59487	0	0	59487	59487	0
280	0	0	0	0	59494	0	0	59494	59494	0
258	0	0	0	0	59516	0	0	59516	59516	0
280	0	0	0	0	59494	0	0	59494	59494	0
313	0	0	0	0	59461	0	0	59461	59461	0
298	0	0	0	0	59476	0	0	59476	59476	0
294	0	0	0	0	59480	0	0	59480	59480	0
279	0	0	0	0	59495	0	0	59495	59495	0
269	0	0	0	0	59505	0	0	59505	59505	0
395	0	0	0	0	59379	0	0	59379	59379	0
294	0	0	0	0	59480	0	0	59480	59480	0
393	0	0	0	0	59381	0	0	59381	59381	0
289	0	0	0	0	59485	0	0	59485	59485	0
304	0	0	0	0	59470	0	0	59470	59470	0
281	0	0	0	0	59493	0	0	59493	59493	0
373	0	0	0	0	59401	0	0	59401	59401	0
276	0	0	0	0	59498	0	0	59498	59498	0
289	0	0	0	0	59485	0	0	59485	59485	0
302	0	0	0	0	59472	0	0	59472	59472	0
287	0	0	0	0	59487	0	0	59487	59487	0
288	0	0	0	0	59486	0	0	59486	59486	0
254	0	0	0	0	59520	0	0	59520	59520	0
269	0	0	0	0	59505	0	0	59505	59505	0
411	0	0	0	0	59363	0	0	59363	59363	0
316	0	0	0	0	59458	0	0	59458	59458	0
342	0	0	0	0	59432	0	0	59432	59432	0
280	0	0	0	0	59494	0	0	59494	59494	0
250	0	0	0	0	59524	0	0	59524	59524	0
297	0	0	0	0	59477	0	0	59477	59477	0
297	0	0	0	0	59477	0	0	59477	59477	0
422	0	0	0	0	59352	0	0	59352	59352	0
281	0	0	0	0	59493	0	0	59493	59493	0
313	0	0	0	0	59461	0	0	59461	59461	0
408	0	0	0	0	59366	0	0	59366	59366	0
292	0	0	0	0	59482	0	0	59482	59482	0
275	0	0	0	0	59499	0	0	59499	59499	0
382	0	0	0	0	59392	0	0	59392	59392	0
280	0	0	0	0	59494	0	0	59494	59494	0
276	0	0	0	0	59498	0	0	59498	59498	0
378	0	0	0	0	59396	0	0	59396	59396	0
302	0	0	0	0	59472	0	0	59472	59472	0
285	0	0	0	0	59489	0	0	59489	59489	0
289	0	0	0	0	59485	0	0	59485	59485	0
378	0	0	0	0	59396	0	0	59396	59396	0
258	0	0	0	0	59516	0	0	59516	59516	0
384	0	0	0	0	59390	0	0	59390	59390	0
377	0	0	0	0	59397	0	0	59397	59397	0
393	0	0	0	0	59381	0	0	59381	59381	0
386	0	0	0	0	59388	0	0	59388	59388	0
386	0	0	0	0	59388	0	0	59388	59388	0
288	0	0	0	0	59486	0	0	59486	59486	0
289	0	0	0	0	59485	0	0	59485	59485	0
279	0	0	0	0	59495	0	0	59495	59495	0
278	0	0	0	0	59496	0	0	59496	59496	0
285	0	0	0	0	59489	0	0	59489	59489	0
421	0	0	0	0	59353	0	0	59353	59353	0
300	0	0	0	0	59474	0	0	59474	59474	0
288	0	0	0	0	59486	0	0	59486	59486	0
303	0	0	0	0	59471	0	0	59471	59471	0
288	0	0	0	0	59486	0	0	59486	59486	0
378	0	0	0	0	59396	0	0	59396	59396	0
262	0	0	0	0	59512	0	0	59512	59512	0
287	0	0	0	0	59487	0	0	59487	59487	0
295	0	0	0	0	59479	0	0	59479	59479	0
399	0	0	0	0	59375	0	0	59375	59375	0
261	0	0	0	0	59513	0	0	59513	59513	0
410	0	0	0	0	59364	0	0	59364	59364	0
295	0	0	0	0	59479	0	0	59479	59479	0
320	0	0	0	0	59454	0	0	59454	59454	0
379	0	0	0	0	59395	0	0	59395	59395	0
289	0	0	0	0	59485	0	0	59485	59485	0
379	0	0	0	0	59395	0	0	59395	59395	0
307	0	0	0	0	59467	0	0	59467	59467	0
293	0	0	0	0	59481	0	0	59481	59481	0
269	0	0	0	0	59505	0	0	59505	59505	0
422	0	0	0	0	59352	0	0	59352	59352	0
309	0	0	0	0	59465	0	0	59465	59465	0
304	0	0	0	0	59470	0	0	59470	59470	0
386	0	0	0	0	59388	0	0	59388	59388	0
393	0	0	0	0	59381	0	0	59381	59381	0
309	0	0	0	0	59465	0	0	59465	59465	0
396	0	0	0	0	59378	0	0	59378	59378	0
278	0	0	0	0	59496	0	0	59496	59496	0
268	0	0	0	0	59506	0	0	59506	59506	0
286	0	0	0	0	59488	0	0	59488	59488	0
313	0	0	0	0	59461	0	0	59461	59461	0
286	0	0	0	0	59488	0	0	59488	59488	0
298	0	0	0	0	59476	0	0	59476	59476	0
283	0	0	0	0	59491	0	0	59491	59491	0
283	0	0	0	0	59491	0	0	59491	59491	0
297	0	0	0	0	59477	0	0	59477	59477	0
391	0	0	0	0	59383	0	0	59383	59383	0
294	0	0	0	0	59480	0	0	59480	59480	0
378	0	0	0	0	59396	0	0	59396	59396	0
284	0	0	0	0	59490	0	0	59490	59490	0
293	0	0	0	0	59481	0	0	59481	59481	0
301	0	0	0	0	59473	0	0	59473	59473	0
280	0	0	0	0	59494	0	0	59494	59494	0
273	0	0	0	0	59501	0	0	59501	59501	0
269	0	0	0	0	59505	0	0	59505	59505	0
400	0	0	0	0	59374	0	0	59374	59374	0
260	0	0	0	0	59514	0	0	59514	59514	0
312	0	0	0	0	59462	0	0	59462	59462	0
288	0	0	0	0	59486	0	0	59486	59486	0
382	0	0	0	0	59392	0	0	59392	59392	0
392	0	0	0	0	59382	0	0	59382	59382	0
259	0	0	0	0	59515	0	0	59515	59515	0
299	0	0	0	0	59475	0	0	59475	59475	0
286	0	0	0	0	59488	0	0	59488	59488	0
421	0	0	0	0	59353	0	0	59353	59353	0
275	0	0	0	0	59499	0	0	59499	59499	0
300	0	0	0	0	59474	0	0	59474	59474	0
403	0	0	0	0	59371	0	0	59371	59371	0
285	0	0	0	0	59489	0	0	59489	59489	0
280	0	0	0	0	59494	0	0	59494	59494	0
282	0	0	0	0	59492	0	0	59492	59492	0
275	0	0	0	0	59499	0	0	59499	59499	0
275	0	0	0	0	59499	0	0	59499	59499	0
383	0	0	0	0	59391	0	0	59391	59391	0
407	0	0	0	0	59367	0	0	59367	59367	0
288	0	0	0	0	59486	0	0	59486	59486	0
285	0	0	0	0	59489	0	0	59489	59489	0
379	0	0	0	0	59395	0	0	59395	59395	0
306	0	0	0	0	59468	0	0	59468	59468	0
403	0	0	0	0	59371	0	0	59371	59371	0
313	0	0	0	0	59461	0	0	59461	59461	0
393	0	0	0	0	59381	0	0	59381	59381	0
405	0	0	0	0	59369	0	0	59369	59369	0
267	0	0	0	0	59507	0	0	59507	59507	0
619	0	0	0	0	59155	0	0	59155	59155	0
401	0	0	0	0	59373	0	0	59373	59373	0
386	0	0	0	0	59388	0	0	59388	59388	0
295	0	0	0	0	59479	0	0	59479	59479	0
274	0	0	0	0	59500	0	0	59500	59500	0
400	0	0	0	0	59374	0	0	59374	59374	0
413	0	0	0	0	59361	0	0	59361	59361	0
281	0	0	0	0	59493	0	0	59493	59493	0
381	0	0	0	0	59393	0	0	59393	59393	0
374	0	0	0	0	59400	0	0	59400	59400	0
283	0	0	0	0	59491	0	0	59491	59491	0
295	0	0	0	0	59479	0	0	59479	59479	0
264	0	0	0	0	59510	0	0	59510	59510	0
316	0	0	0	0	59458	0	0	59458	59458	0
290	0	0	0	0	59484	0	0	59484	59484	0
279	0	0	0	0	59495	0	0	59495	59495	0
277	0	0	0	0	59497	0	0	59497	59497	0
282	0	0	0	0	59492	0	0	59492	59492	0
305	0	0	0	0	59469	0	0	59469	59469	0
265	0	0	0	0	59509	0	0	59509	59509	0
280	0	0	0	0	59494	0	0	59494	59494	0
298	0	0	0	0	59476	0	0	59476	59476	0
306	0	0	0	0	59468	0	0	59468	59468	0
403	0	0	0	0	59371	0	0	59371	59371	0
296	0	0	0	0	59478	0	0	59478	59478	0
287	0	0	0	0	59487	0	0	59487	59487	0
277	0	0	0	0	59497	0	0	59497	59497	0
308	0	0	0	0	59466	0	0	59466	59466	0
390	0	0	0	0	59384	0	0	59384	59384	0
305	0	0	0	0	59469	0	0	59469	59469	0
265	0	0	0	0	59509	0	0	59509	59509	0
416	0	0	0	0	59358	0	0	59358	59358	0
273	0	0	0	0	59501	0	0	59501	59501	0
294	0	0	0	0	59480	0	0	59480	59480	0
298	0	0	0	0	59476	0	0	59476	59476	0
306	0	0	0	0	59468	0	0	59468	59468	0
371	0	0	0	0	59403	0	0	59403	59403	0
292	0	0	0	0	59482	0	0	59482	59482	0
302	0	0	0	0	59472	0	0	59472	59472	0
317	0	0	0	0	59457	0	0	59457	59457	0
309	0	0	0	0	59465	0	0	59465	59465	0
293	0	0	0	0	59481	0	0	59481	59481	0
319	0	0	0	0	59455	0	0	59455	59455	0
288	0	0	0	0	59486	0	0	59486	59486	0
281	0	0	0	0	59493	0	0	59493	59493	0
251	0	0	0	0	59523	0	0	59523	59523	0
309	0	0	0	0	59465	0	0	59465	59465	0
372	0	0	0	0	59402	0	0	59402	59402	0
291	0	0	0	0	59483	0	0	59483	59483	0
398	0	0	0	0	59376	0	0	59376	59376	0
293	0	0	0	0	59481	0	0	59481	59481	0
290	0	0	0	0	59484	0	0	59484	59484	0
417	0	0	0	0	59357	0	0	59357	59357	0
288	0	0	0	0	59486	0	0	59486	59486	0
299	0	0	0	0	59475	0	0	59475	59475	0
284	0	0	0	0	59490	0	0	59490	59490	0
277	0	0	0	0	59497	0	0	59497	59497	0
292	0	0	0	0	59482	0	0	59482	59482	0
286	0	0	0	0	59488	0	0	59488	59488	0
385	0	0	0	0	59389	0	0	59389	59389	0
275	0	0	0	0	59499	0	0	59499	59499	0
283	0	0	0	0	59491	0	0	59491	59491	0
389	0	0	0	0	59385	0	0	59385	59385	0
294	0	0	0	0	59480	0	0	59480	59480	0
272	0	0	0	0	59502	0	0	59502	59502	0
404	0	0	0	0	59370	0	0	59370	59370	0
259	0	0	0	0	59515	0	0	59515	59515	0
407	0	0	0	0	59367	0	0	59367	59367	0
308	0	0	0	0	59466	0	0	59466	59466	0
290	0	0	0	0	59484	0	0	59484	59484	0
294	0	0	0	0	59480	0	0	59480	59480	0
293	0	0	0	0	59481	0	0	59481	59481	0
294	0	0	0	0	59480	0	0	59480	59480	0
412	0	0	0	0	59362	0	0	59362	59362	0
308	0	0	0	0	59466	0	0	59466	59466	0
303	0	0	0	0	59471	0	0	59471	59471	0
289	0	0	0	0	59485	0	0	59485	59485	0
391	0	0	0	0	59383	0	0	59383	59383	0
387	0	0	0	0	59387	0	0	59387	59387	0
284	0	0	0	0	59490	0	0	59490	59490	0
285	0	0	0	0	59489	0	0	59489	59489	0
287	0	0	0	0	59487	0	0	59487	59487	0
312	0	0	0	0	59462	0	0	59462	59462	0
262	0	0	0	0	59512	0	0	59512	59512	0
281	0	0	0	0	59493	0	0	59493	59493	0
312	0	0	0	0	59462	0	0	59462	59462	0
392	0	0	0	0	59382	0	0	59382	59382	0
326	0	0	0	0	59448	0	0	59448	59448	0
295	0	0	0	0	59479	0	0	59479	59479	0
286	0	0	0	0	59488	0	0	59488	59488	0
305	0	0	0	0	59469	0	0	59469	59469	0
303	0	0	0	0	59471	0	0	59471	59471	0
390	0	0	0	0	59384	0	0	59384	59384	0
262	0	0	0	0	59512	0	0	59512	59512	0
269	0	0	0	0	59505	0	0	59505	59505	0
362	0	0	0	0	59412	0	0	59412	59412	0
318	0	0	0	0	59456	0	0	59456	59456	0
288	0	0	0	0	59486	0	0	59486	59486	0
291	0	0	0	0	59483	0	0	59483	59483	0
396	0	0	0	0	59378	0	0	59378	59378	0
376	0	0	0	0	59398	0	0	59398	59398	0
432	0	0	0	0	59342	0	0	59342	59342	0
387	0	0	0	0	59387	0	0	59387	59387	0
267	0	0	0	0	59507	0	0	59507	59507	0
372	0	0	0	0	59402	0	0	59402	59402	0
303	0	0	0	0	59471	0	0	59471	59471	0
396	0	0	0	0	59378	0	0	59378	59378	0
286	0	0	0	0	59488	0	0	59488	59488	0
400	0	0	0	0	59374	0	0	59374	59374	0
324	0	0	0	0	59450	0	0	59450	59450	0
303	0	0	0	0	59471	0	0	59471	59471	0
308	0	0	0	0	59466	0	0	59466	59466	0
393	0	0	0	0	59381	0	0	59381	59381	0
256	0	0	0	0	59518	0	0	59518	59518	0
253	0	0	0	0	59521	0	0	59521	59521	0
282	0	0	0	0	59492	0	0	59492	59492	0
376	0	0	0	0	59398	0	0	59398	59398	0
264	0	0	0	0	59510	0	0	59510	59510	0
271	0	0	0	0	59503	0	0	59503	59503	0
286	0	0	0	0	59488	0	0	59488	59488	0
404	0	0	0	0	59370	0	0	59370	59370	0
281	0	0	0	0	59493	0	0	59493	59493	0
396	0	0	0	0	59378	0	0	59378	59378	0
299	0	0	0	0	59475	0	0	59475	59475	0
394	0	0	0	0	59380	0	0	59380	59380	0
299	0	0	0	0	59475	0	0	59475	59475	0
303	0	0	0	0	59471	0	0	59471	59471	0
293	0	0	0	0	59481	0	0	59481	59481	0
381	0	0	0	0	59393	0	0	59393	59393	0
273	0	0	0	0	59501	0	0	59501	59501	0
286	0	0	0	0	59488	0	0	59488	59488	0
301	0	0	0	0	59473	0	0	59473	59473	0
287	0	0	0	0	59487	0	0	59487	59487	0
307	0	0	0	0	59467	0	0	59467	59467	0
397	0	0	0	0	59377	0	0	59377	59377	0
284	0	0	0	0	59490	0	0	59490	59490	0
285	0	0	0	0	59489	0	0	59489	59489	0
276	0	0	0	0	59498	0	0	59498	59498	0
414	0	0	0	0	59360	0	0	59360	59360	0
295	0	0	0	0	59479	0	0	59479	59479	0
413	0	0	0	0	59361	0	0	59361	59361	0
378	0	0	0	0	59396	0	0	59396	59396	0
298	0	0	0	0	59476	0	0	59476	59476	0
299	0	0	0	0	59475	0	0	59475	59475	0
295	0	0	0	0	59479	0	0	59479	59479	0
284	0	0	0	0	59490	0	0	59490	59490	0
286	0	0	0	0	59488	0	0	59488	59488	0
275	0	0	0	0	59499	0	0	59499	59499	0
387	0	0	0	0	59387	0	0	59387	59387	0
412	0	0	0	0	59362	0	0	59362	59362	0
294	0	0	0	0	59480	0	0	59480	59480	0
293	0	0	0	0	59481	0	0	59481	59481	0
286	0	0	0	0	59488	0	0	59488	59488	0
297	0	0	0	0	59477	0	0	59477	59477	0
