36205	0	0	0	0	23569	44611	0	23569	14508	9061
36437	0	0	0	0	23337	44626	0	23337	14536	8801
36020	0	0	0	0	23754	44645	0	23754	14537	9217
36002	0	0	0	0	23772	44634	0	23772	14505	9267
36529	0	0	0	0	23245	44631	0	23245	14531	8714
36267	0	0	0	0	23507	44629	0	23507	14553	8954
36508	0	0	0	0	23266	44622	0	23266	14539	8727
35977	0	0	0	0	23797	44611	0	23797	14540	9257
36073	0	0	0	0	23701	44635	0	23701	14529	9172
36270	0	0	0	0	23504	44392	0	23504	14281	9223
36261	0	0	0	0	23513	44419	0	23513	14343	9170
36310	0	0	0	0	23464	44662	0	23464	14531	8933
36366	0	0	0	0	23408	44440	0	23408	14323	9085
36638	0	0	0	0	23136	44392	0	23136	14368	8768
36288	0	0	0	0	23486	44413	0	23486	14230	9256
36606	0	0	0	0	23168	44590	0	23168	14525	8643
35695	0	0	0	0	24079	44654	0	24079	14576	9503
36437	0	0	0	0	23337	44374	0	23337	14280	9057
36681	0	0	0	0	23093	44525	0	23093	14331	8762
36234	0	0	0	0	23540	44374	0	23540	14333	9207
36419	0	0	0	0	23355	44383	0	23355	14307	9048
36480	0	0	0	0	23294	44406	0	23294	14336	8958
36290	0	0	0	0	23484	44613	0	23484	14545	8939
36366	0	0	0	0	23408	44623	0	23408	14511	8897
36176	0	0	0	0	23598	44618	0	23598	14577	9021
36294	0	0	0	0	23480	44340	0	23480	14341	9139
36758	0	0	0	0	23016	44403	0	23016	14295	8721
36617	0	0	0	0	23157	44617	0	23157	14520	8637
36467	0	0	0	0	23307	44603	0	23307	14517	8790
36123	0	0	0	0	23651	44666	0	23651	14511	9140
36163	0	0	0	0	23611	44609	0	23611	14554	9057
36549	0	0	0	0	23225	44398	0	23225	14297	8928
36619	0	0	0	0	23155	44612	0	23155	14547	8608
35981	0	0	0	0	23793	44687	0	23793	14554	9239
36324	0	0	0	0	23450	44395	0	23450	14322	9128
36286	0	0	0	0	23488	44609	0	23488	14578	8910
35898	0	0	0	0	23876	44658	0	23876	14495	9381
36721	0	0	0	0	23053	44454	0	23053	14294	8759
36123	0	0	0	0	23651	44762	0	23651	14654	8997
36334	0	0	0	0	23440	44599	0	23440	14532	8908
35890	0	0	0	0	23884	44645	0	23884	14554	9330
36398	0	0	0	0	23376	44411	0	23376	14346	9030
36491	0	0	0	0	23283	44419	0	23283	14305	8978
36422	0	0	0	0	23352	44347	0	23352	14303	9049
35706	0	0	0	0	24068	44630	0	24068	14522	9546
36539	0	0	0	0	23235	44620	0	23235	14506	8729
36121	0	0	0	0	23653	44664	0	23653	14561	9092
35953	0	0	0	0	23821	44747	0	23821	14556	9265
36185	0	0	0	0	23589	44626	0	23589	14530	9059
36398	0	0	0	0	23376	44369	0	23376	14345	9031
36498	0	0	0	0	23276	44451	0	23276	14325	8951
36228	0	0	0	0	23546	44618	0	23546	14530	9016
35819	0	0	0	0	23955	44633	0	23955	14550	9405
36451	0	0	0	0	23323	44601	0	23323	14526	8797
36531	0	0	0	0	23243	44596	0	23243	14507	8736
36351	0	0	0	0	23423	44588	0	23423	14525	8898
36176	0	0	0	0	23598	44612	0	23598	14525	9073
36274	0	0	0	0	23500	44639	0	23500	14541	8959
36119	0	0	0	0	23655	44470	0	23655	14322	9333
35857	0	0	0	0	23917	44651	0	23917	14557	9360
36578	0	0	0	0	23196	44637	0	23196	14545	8651
36111	0	0	0	0	23663	44650	0	23663	14540	9123
36131	0	0	0	0	23643	44615	0	23643	14547	9096
36477	0	0	0	0	23297	44651	0	23297	14577	8720
36028	0	0	0	0	23746	44649	0	23746	14571	9175
36704	0	0	0	0	23070	44420	0	23070	14265	8805
36195	0	0	0	0	23579	44615	0	23579	14503	9076
36396	0	0	0	0	23378	44612	0	23378	14573	8805
36261	0	0	0	0	23513	44442	0	23513	14367	9146
36252	0	0	0	0	23522	44668	0	23522	14498	9024
36863	0	0	0	0	22911	44378	0	22911	14351	8560
36079	0	0	0	0	23695	44642	0	23695	14569	9126
36163	0	0	0	0	23611	44625	0	23611	14536	9075
36282	0	0	0	0	23492	44636	0	23492	14534	8958
36268	0	0	0	0	23506	44668	0	23506	14547	8959
35924	0	0	0	0	23850	44628	0	23850	14492	9358
36400	0	0	0	0	23374	44654	0	23374	14542	8832
36202	0	0	0	0	23572	44607	0	23572	14511	9061
35907	0	0	0	0	23867	44757	0	23867	14671	9196
36167	0	0	0	0	23607	44613	0	23607	14522	9085
36659	0	0	0	0	23115	44381	0	23115	14370	8745
36331	0	0	0	0	23443	44465	0	23443	14303	9140
36399	0	0	0	0	23375	44645	0	23375	14538	8837
35996	0	0	0	0	23778	44664	0	23778	14509	9269
36890	0	0	0	0	22884	44410	0	22884	14309	8575
36383	0	0	0	0	23391	44678	0	23391	14557	8834
36000	0	0	0	0	23774	44615	0	23774	14532	9242
36411	0	0	0	0	23363	44620	0	23363	14506	8857
36459	0	0	0	0	23315	44640	0	23315	14551	8764
36614	0	0	0	0	23160	44413	0	23160	14325	8835
35854	0	0	0	0	23920	44582	0	23920	14501	9419
35970	0	0	0	0	23804	44759	0	23804	14624	9180
36409	0	0	0	0	23365	44409	0	23365	14335	9030
36507	0	0	0	0	23267	44611	0	23267	14548	8719
35754	0	0	0	0	24020	44631	0	24020	14557	9463
36531	0	0	0	0	23243	44576	0	23243	14514	8729
36139	0	0	0	0	23635	44601	0	23635	14570	9065
35915	0	0	0	0	23859	44597	0	23859	14532	9327
36483	0	0	0	0	23291	44443	0	23291	14314	8977
36511	0	0	0	0	23263	44611	0	23263	14514	8749
36782	0	0	0	0	22992	44404	0	22992	14295	8697
35807	0	0	0	0	23967	44601	0	23967	14589	9378
36229	0	0	0	0	23545	44619	0	23545	14577	8968
35986	0	0	0	0	23788	44583	0	23788	14561	9227
35979	0	0	0	0	23795	44635	0	23795	14489	9306
36560	0	0	0	0	23214	44483	0	23214	14304	8910
36080	0	0	0	0	23694	44620	0	23694	14589	9105
36187	0	0	0	0	23587	44621	0	23587	14518	9069
35963	0	0	0	0	23811	44383	0	23811	14300	9511
36113	0	0	0	0	23661	44631	0	23661	14514	9147
36556	0	0	0	0	23218	44645	0	23218	14542	8676
36566	0	0	0	0	23208	44609	0	23208	14507	8701
36131	0	0	0	0	23643	44574	0	23643	14539	9104
36626	0	0	0	0	23148	44458	0	23148	14324	8824
36029	0	0	0	0	23745	44611	0	23745	14551	9194
35915	0	0	0	0	23859	44660	0	23859	14528	9331
36039	0	0	0	0	23735	44594	0	23735	14546	9189
36435	0	0	0	0	23339	44438	0	23339	14388	8951
36486	0	0	0	0	23288	44443	0	23288	14332	8956
36499	0	0	0	0	23275	44474	0	23275	14281	8994
36033	0	0	0	0	23741	44648	0	23741	14569	9172
36324	0	0	0	0	23450	44612	0	23450	14561	8889
36120	0	0	0	0	23654	44629	0	23654	14506	9148
36259	0	0	0	0	23515	44383	0	23515	14276	9239
35659	0	0	0	0	24115	44607	0	24115	14533	9582
35984	0	0	0	0	23790	44681	0	23790	14528	9262
36162	0	0	0	0	23612	44438	0	23612	14291	9321
36839	0	0	0	0	22935	44389	0	22935	14315	8620
36145	0	0	0	0	23629	44720	0	23629	14567	9062
36462	0	0	0	0	23312	44648	0	23312	14540	8772
36908	0	0	0	0	22866	44438	0	22866	14305	8561
36320	0	0	0	0	23454	44450	0	23454	14271	9183
35915	0	0	0	0	23859	44644	0	23859	14555	9304
36623	0	0	0	0	23151	44406	0	23151	14348	8803
35803	0	0	0	0	23971	44617	0	23971	14555	9416
36014	0	0	0	0	23760	44608	0	23760	14528	9232
36213	0	0	0	0	23561	44460	0	23561	14341	9220
36038	0	0	0	0	23736	44367	0	23736	14310	9426
36157	0	0	0	0	23617	44601	0	23617	14540	9077
36083	0	0	0	0	23691	44622	0	23691	14539	9152
36511	0	0	0	0	23263	44620	0	23263	14526	8737
36542	0	0	0	0	23232	44410	0	23232	14312	8920
36799	0	0	0	0	22975	44432	0	22975	14334	8641
36647	0	0	0	0	23127	44400	0	23127	14341	8786
36266	0	0	0	0	23508	44686	0	23508	14567	8941
36458	0	0	0	0	23316	44635	0	23316	14550	8766
36517	0	0	0	0	23257	44428	0	23257	14294	8963
36292	0	0	0	0	23482	44628	0	23482	14578	8904
36385	0	0	0	0	23389	44417	0	23389	14338	9051
36759	0	0	0	0	23015	44427	0	23015	14282	8733
36382	0	0	0	0	23392	44560	0	23392	14508	8884
36409	0	0	0	0	23365	44652	0	23365	14544	8821
36248	0	0	0	0	23526	44613	0	23526	14534	8992
36176	0	0	0	0	23598	44621	0	23598	14541	9057
35737	0	0	0	0	24037	44648	0	24037	14557	9480
36193	0	0	0	0	23581	44631	0	23581	14489	9092
36269	0	0	0	0	23505	44613	0	23505	14542	8963
35880	0	0	0	0	23894	44678	0	23894	14527	9367
36130	0	0	0	0	23644	44656	0	23644	14570	9074
35794	0	0	0	0	23980	44608	0	23980	14514	9466
36326	0	0	0	0	23448	44420	0	23448	14319	9129
36159	0	0	0	0	23615	44600	0	23615	14501	9114
35822	0	0	0	0	23952	44626	0	23952	14523	9429
36318	0	0	0	0	23456	44422	0	23456	14325	9131
35931	0	0	0	0	23843	44604	0	23843	14525	9318
36574	0	0	0	0	23200	44433	0	23200	14331	8869
36194	0	0	0	0	23580	44567	0	23580	14510	9070
35966	0	0	0	0	23808	44614	0	23808	14566	9242
36257	0	0	0	0	23517	44668	0	23517	14540	8977
36278	0	0	0	0	23496	44654	0	23496	14535	8961
36675	0	0	0	0	23099	44432	0	23099	14368	8731
36080	0	0	0	0	23694	44592	0	23694	14541	9153
35985	0	0	0	0	23789	44636	0	23789	14502	9287
36849	0	0	0	0	22925	44638	0	22925	14543	8382
35967	0	0	0	0	23807	44394	0	23807	14322	9485
36056	0	0	0	0	23718	44591	0	23718	14542	9176
35498	0	0	0	0	24276	44588	0	24276	14559	9717
36186	0	0	0	0	23588	44670	0	23588	14552	9036
36319	0	0	0	0	23455	44530	0	23455	14341	9114
36264	0	0	0	0	23510	44409	0	23510	14308	9202
36546	0	0	0	0	23228	44427	0	23228	14281	8947
36638	0	0	0	0	23136	44413	0	23136	14319	8817
36139	0	0	0	0	23635	44645	0	23635	14538	9097
36308	0	0	0	0	23466	44426	0	23466	14339	9127
36194	0	0	0	0	23580	44652	0	23580	14520	9060
36491	0	0	0	0	23283	44471	0	23283	14307	8976
35905	0	0	0	0	23869	44567	0	23869	14507	9362
36407	0	0	0	0	23367	44488	0	23367	14334	9033
36067	0	0	0	0	23707	44633	0	23707	14537	9170
35972	0	0	0	0	23802	44734	0	23802	14628	9174
36397	0	0	0	0	23377	44519	0	23377	14317	9060
36655	0	0	0	0	23119	44386	0	23119	14297	8822
36284	0	0	0	0	23490	44679	0	23490	14544	8946
36603	0	0	0	0	23171	44605	0	23171	14531	8640
36740	0	0	0	0	23034	44403	0	23034	14300	8734
36283	0	0	0	0	23491	44593	0	23491	14545	8946
35821	0	0	0	0	23953	44612	0	23953	14523	9430
36042	0	0	0	0	23732	44650	0	23732	14538	9194
36180	0	0	0	0	23594	44694	0	23594	14578	9016
35858	0	0	0	0	23916	44635	0	23916	14540	9376
36279	0	0	0	0	23495	44483	0	23495	14319	9176
36446	0	0	0	0	23328	44617	0	23328	14549	8779
36132	0	0	0	0	23642	44413	0	23642	14277	9365
36066	0	0	0	0	23708	44568	0	23708	14483	9225
36285	0	0	0	0	23489	44442	0	23489	14328	9161
36736	0	0	0	0	23038	44615	0	23038	14570	8468
35707	0	0	0	0	24067	44631	0	24067	14618	9449
36514	0	0	0	0	23260	44604	0	23260	14505	8755
36818	0	0	0	0	22956	44458	0	22956	14290	8666
36652	0	0	0	0	23122	44401	0	23122	14319	8803
36340	0	0	0	0	23434	44468	0	23434	14334	9100
36029	0	0	0	0	23745	44640	0	23745	14530	9215
36575	0	0	0	0	23199	44599	0	23199	14519	8680
36933	0	0	0	0	22841	44401	0	22841	14317	8524
36792	0	0	0	0	22982	44503	0	22982	14331	8651
35919	0	0	0	0	23855	44638	0	23855	14537	9318
36131	0	0	0	0	23643	44598	0	23643	14512	9131
36218	0	0	0	0	23556	44637	0	23556	14563	8993
36479	0	0	0	0	23295	44364	0	23295	14312	8983
36576	0	0	0	0	23198	44489	0	23198	14334	8864
36229	0	0	0	0	23545	44598	0	23545	14503	9042
36667	0	0	0	0	23107	44430	0	23107	14373	8734
35840	0	0	0	0	23934	44630	0	23934	14534	9400
36237	0	0	0	0	23537	44648	0	23537	14542	8995
35905	0	0	0	0	23869	44450	0	23869	14380	9489
36541	0	0	0	0	23233	44408	0	23233	14322	8911
36790	0	0	0	0	22984	44656	0	22984	14579	8405
35850	0	0	0	0	23924	44568	0	23924	14391	9533
36315	0	0	0	0	23459	44637	0	23459	14540	8919
36324	0	0	0	0	23450	44628	0	23450	14526	8924
35961	0	0	0	0	23813	44626	0	23813	14550	9263
35868	0	0	0	0	23906	44720	0	23906	14591	9315
36388	0	0	0	0	23386	44630	0	23386	14569	8817
36311	0	0	0	0	23463	44625	0	23463	14540	8923
36102	0	0	0	0	23672	44660	0	23672	14562	9110
36794	0	0	0	0	22980	44476	0	22980	14363	8617
36544	0	0	0	0	23230	44609	0	23230	14558	8672
36494	0	0	0	0	23280	44398	0	23280	14299	8981
36339	0	0	0	0	23435	44625	0	23435	14537	8898
36301	0	0	0	0	23473	44612	0	23473	14543	8930
36368	0	0	0	0	23406	44352	0	23406	14273	9133
36479	0	0	0	0	23295	44409	0	23295	14336	8959
36329	0	0	0	0	23445	44608	0	23445	14531	8914
36265	0	0	0	0	23509	44605	0	23509	14572	8937
36423	0	0	0	0	23351	44614	0	23351	14578	8773
36075	0	0	0	0	23699	44426	0	23699	14312	9387
36694	0	0	0	0	23080	44408	0	23080	14318	8762
36120	0	0	0	0	23654	44424	0	23654	14318	9336
35792	0	0	0	0	23982	44628	0	23982	14504	9478
36129	0	0	0	0	23645	44668	0	23645	14566	9079
36620	0	0	0	0	23154	44435	0	23154	14314	8840
36177	0	0	0	0	23597	44614	0	23597	14547	9050
36283	0	0	0	0	23491	44634	0	23491	14578	8913
35988	0	0	0	0	23786	44713	0	23786	14584	9202
35949	0	0	0	0	23825	44613	0	23825	14541	9284
36210	0	0	0	0	23564	44628	0	23564	14518	9046
36213	0	0	0	0	23561	44366	0	23561	14353	9208
36654	0	0	0	0	23120	44364	0	23120	14255	8865
36128	0	0	0	0	23646	44392	0	23646	14302	9344
35840	0	0	0	0	23934	44656	0	23934	14564	9370
36413	0	0	0	0	23361	44389	0	23361	14333	9028
36299	0	0	0	0	23475	44617	0	23475	14511	8964
36411	0	0	0	0	23363	44638	0	23363	14543	8820
36209	0	0	0	0	23565	44622	0	23565	14500	9065
36239	0	0	0	0	23535	44643	0	23535	14535	9000
36432	0	0	0	0	23342	44418	0	23342	14288	9054
36412	0	0	0	0	23362	44675	0	23362	14579	8783
36200	0	0	0	0	23574	44647	0	23574	14556	9018
36233	0	0	0	0	23541	44652	0	23541	14528	9013
36360	0	0	0	0	23414	44371	0	23414	14294	9120
36145	0	0	0	0	23629	44605	0	23629	14540	9089
36020	0	0	0	0	23754	44595	0	23754	14534	9220
36056	0	0	0	0	23718	44381	0	23718	14312	9406
35832	0	0	0	0	23942	44624	0	23942	14557	9385
36351	0	0	0	0	23423	44624	0	23423	14571	8852
36504	0	0	0	0	23270	44494	0	23270	14351	8919
35819	0	0	0	0	23955	44637	0	23955	14527	9428
36353	0	0	0	0	23421	44508	0	23421	14320	9101
36156	0	0	0	0	23618	44661	0	23618	14552	9066
36223	0	0	0	0	23551	44592	0	23551	14527	9024
36025	0	0	0	0	23749	44661	0	23749	14550	9199
36199	0	0	0	0	23575	44596	0	23575	14548	9027
36231	0	0	0	0	23543	44624	0	23543	14527	9016
36553	0	0	0	0	23221	44666	0	23221	14550	8671
36560	0	0	0	0	23214	44378	0	23214	14274	8940
36226	0	0	0	0	23548	44646	0	23548	14519	9029
36572	0	0	0	0	23202	44606	0	23202	14525	8677
36478	0	0	0	0	23296	44641	0	23296	14525	8771
36217	0	0	0	0	23557	44596	0	23557	14539	9018
36368	0	0	0	0	23406	44624	0	23406	14584	8822
36039	0	0	0	0	23735	44618	0	23735	14531	9204
35887	0	0	0	0	23887	44696	0	23887	14535	9352
36104	0	0	0	0	23670	44423	0	23670	14341	9329
35861	0	0	0	0	23913	44640	0	23913	14560	9353
36099	0	0	0	0	23675	44599	0	23675	14545	9130
36485	0	0	0	0	23289	44627	0	23289	14527	8762
36365	0	0	0	0	23409	44504	0	23409	14402	9007
36311	0	0	0	0	23463	44392	0	23463	14324	9139
36742	0	0	0	0	23032	44414	0	23032	14297	8735
36296	0	0	0	0	23478	44615	0	23478	14546	8932
36539	0	0	0	0	23235	44670	0	23235	14544	8691
36332	0	0	0	0	23442	44465	0	23442	14291	9151
36021	0	0	0	0	23753	44775	0	23753	14622	9131
36185	0	0	0	0	23589	44449	0	23589	14311	9278
36307	0	0	0	0	23467	44618	0	23467	14513	8954
36546	0	0	0	0	23228	44390	0	23228	14244	8984
36367	0	0	0	0	23407	44660	0	23407	14557	8850
36448	0	0	0	0	23326	44449	0	23326	14329	8997
36667	0	0	0	0	23107	44484	0	23107	14345	8762
36205	0	0	0	0	23569	44635	0	23569	14559	9010
35894	0	0	0	0	23880	44616	0	23880	14540	9340
35962	0	0	0	0	23812	44603	0	23812	14570	9242
36253	0	0	0	0	23521	44385	0	23521	14358	9163
36848	0	0	0	0	22926	44590	0	22926	14509	8417
36292	0	0	0	0	23482	44631	0	23482	14538	8944
36504	0	0	0	0	23270	44627	0	23270	14526	8744
35779	0	0	0	0	23995	44645	0	23995	14522	9473
36085	0	0	0	0	23689	44612	0	23689	14541	9148
36810	0	0	0	0	22964	44434	0	22964	14364	8600
35942	0	0	0	0	23832	44603	0	23832	14550	9282
36526	0	0	0	0	23248	44618	0	23248	14553	8695
35963	0	0	0	0	23811	44682	0	23811	14613	9198
36344	0	0	0	0	23430	44438	0	23430	14285	9145
36053	0	0	0	0	23721	44591	0	23721	14526	9195
36147	0	0	0	0	23627	44574	0	23627	14505	9122
36569	0	0	0	0	23205	44639	0	23205	14563	8642
36044	0	0	0	0	23730	44658	0	23730	14514	9216
36254	0	0	0	0	23520	44690	0	23520	14550	8970
36061	0	0	0	0	23713	44479	0	23713	14342	9371
36588	0	0	0	0	23186	44450	0	23186	14276	8910
35893	0	0	0	0	23881	44727	0	23881	14598	9283
36102	0	0	0	0	23672	44604	0	23672	14532	9140
36383	0	0	0	0	23391	44454	0	23391	14286	9105
36068	0	0	0	0	23706	44630	0	23706	14553	9153
35911	0	0	0	0	23863	44616	0	23863	14573	9290
36075	0	0	0	0	23699	44470	0	23699	14347	9352
36432	0	0	0	0	23342	44406	0	23342	14311	9031
36486	0	0	0	0	23288	44628	0	23288	14560	8728
35749	0	0	0	0	24025	44597	0	24025	14510	9515
36342	0	0	0	0	23432	44595	0	23432	14541	8891
36330	0	0	0	0	23444	44613	0	23444	14524	8920
36849	0	0	0	0	22925	44460	0	22925	14356	8569
36157	0	0	0	0	23617	44370	0	23617	14276	9341
36407	0	0	0	0	23367	44511	0	23367	14315	9052
36999	0	0	0	0	22775	44415	0	22775	14353	8422
36121	0	0	0	0	23653	44415	0	23653	14313	9340
36058	0	0	0	0	23716	44645	0	23716	14539	9177
36164	0	0	0	0	23610	44644	0	23610	14542	9068
36515	0	0	0	0	23259	44672	0	23259	14538	8721
36551	0	0	0	0	23223	44646	0	23223	14577	8646
36238	0	0	0	0	23536	44617	0	23536	14509	9027
35899	0	0	0	0	23875	44606	0	23875	14526	9349
36286	0	0	0	0	23488	44396	0	23488	14296	9192
36016	0	0	0	0	23758	44619	0	23758	14511	9247
35992	0	0	0	0	23782	44695	0	23782	14556	9226
36852	0	0	0	0	22922	44427	0	22922	14305	8617
36162	0	0	0	0	23612	44629	0	23612	14543	9069
36772	0	0	0	0	23002	44534	0	23002	14345	8657
36235	0	0	0	0	23539	44700	0	23539	14577	8962
36527	0	0	0	0	23247	44629	0	23247	14542	8705
36438	0	0	0	0	23336	44430	0	23336	14334	9002
36472	0	0	0	0	23302	44363	0	23302	14309	8993
35945	0	0	0	0	23829	44588	0	23829	14493	9336
36750	0	0	0	0	23024	44396	0	23024	14312	8712
36008	0	0	0	0	23766	44633	0	23766	14565	9201
36007	0	0	0	0	23767	44647	0	23767	14535	9232
36429	0	0	0	0	23345	44607	0	23345	14527	8818
36552	0	0	0	0	23222	44446	0	23222	14361	8861
36069	0	0	0	0	23705	44457	0	23705	14300	9405
36648	0	0	0	0	23126	44599	0	23126	14494	8632
36575	0	0	0	0	23199	44393	0	23199	14349	8850
36195	0	0	0	0	23579	44390	0	23579	14272	9307
35796	0	0	0	0	23978	44647	0	23978	14556	9422
36371	0	0	0	0	23403	44651	0	23403	14573	8830
35999	0	0	0	0	23775	44428	0	23775	14295	9480
36344	0	0	0	0	23430	44599	0	23430	14498	8932
36276	0	0	0	0	23498	44599	0	23498	14458	9040
35859	0	0	0	0	23915	44644	0	23915	14575	9340
36357	0	0	0	0	23417	44610	0	23417	14540	8877
35878	0	0	0	0	23896	44692	0	23896	14622	9274
36271	0	0	0	0	23503	44592	0	23503	14498	9005
36139	0	0	0	0	23635	44612	0	23635	14544	9091
35976	0	0	0	0	23798	44616	0	23798	14515	9283
36201	0	0	0	0	23573	44600	0	23573	14518	9055
36418	0	0	0	0	23356	44656	0	23356	14577	8779
36159	0	0	0	0	23615	44630	0	23615	14575	9040
36400	0	0	0	0	23374	44429	0	23374	14290	9084
36047	0	0	0	0	23727	44697	0	23727	14575	9152
36583	0	0	0	0	23191	44616	0	23191	14515	8676
36354	0	0	0	0	23420	44672	0	23420	14538	8882
36726	0	0	0	0	23048	44401	0	23048	14355	8693
36234	0	0	0	0	23540	44631	0	23540	14604	8936
36808	0	0	0	0	22966	44593	0	22966	14524	8442
36266	0	0	0	0	23508	44456	0	23508	14320	9188
36835	0	0	0	0	22939	44360	0	22939	14279	8660
36369	0	0	0	0	23405	44439	0	23405	14339	9066
36797	0	0	0	0	22977	44660	0	22977	14506	8471
35956	0	0	0	0	23818	44621	0	23818	14498	9320
36575	0	0	0	0	23199	44725	0	23199	14591	8608
36100	0	0	0	0	23674	44637	0	23674	14526	9148
36111	0	0	0	0	23663	44460	0	23663	14349	9314
36867	0	0	0	0	22907	44433	0	22907	14329	8578
36357	0	0	0	0	23417	44635	0	23417	14545	8872
36406	0	0	0	0	23368	44637	0	23368	14542	8826
35814	0	0	0	0	23960	44634	0	23960	14543	9417
36074	0	0	0	0	23700	44588	0	23700	14544	9156
36547	0	0	0	0	23227	44630	0	23227	14552	8675
35922	0	0	0	0	23852	44660	0	23852	14584	9268
36672	0	0	0	0	23102	44621	0	23102	14566	8536
35744	0	0	0	0	24030	44618	0	24030	14540	9490
36171	0	0	0	0	23603	44482	0	23603	14338	9265
35959	0	0	0	0	23815	44617	0	23815	14564	9251
36069	0	0	0	0	23705	44385	0	23705	14354	9351
35995	0	0	0	0	23779	44647	0	23779	14588	9191
36090	0	0	0	0	23684	44419	0	23684	14317	9367
36715	0	0	0	0	23059	44498	0	23059	14322	8737
36333	0	0	0	0	23441	44449	0	23441	14340	9101
36225	0	0	0	0	23549	44507	0	23549	14385	9164
36051	0	0	0	0	23723	44610	0	23723	14545	9178
36044	0	0	0	0	23730	44639	0	23730	14518	9212
36799	0	0	0	0	22975	44512	0	22975	14329	8646
36168	0	0	0	0	23606	44608	0	23606	14522	9084
36044	0	0	0	0	23730	44638	0	23730	14540	9190
36715	0	0	0	0	23059	44410	0	23059	14337	8722
36028	0	0	0	0	23746	44612	0	23746	14525	9221
36027	0	0	0	0	23747	44613	0	23747	14516	9231
35763	0	0	0	0	24011	44600	0	24011	14543	9468
36508	0	0	0	0	23266	44502	0	23266	14292	8974
36744	0	0	0	0	23030	44407	0	23030	14262	8768
36520	0	0	0	0	23254	44394	0	23254	14320	8934
36724	0	0	0	0	23050	44437	0	23050	14302	8748
35921	0	0	0	0	23853	44645	0	23853	14566	9287
36072	0	0	0	0	23702	44614	0	23702	14515	9187
36013	0	0	0	0	23761	44454	0	23761	14335	9426
36195	0	0	0	0	23579	44641	0	23579	14528	9051
37003	0	0	0	0	22771	44451	0	22771	14282	8489
36182	0	0	0	0	23592	44474	0	23592	14301	9291
35860	0	0	0	0	23914	44657	0	23914	14558	9356
36643	0	0	0	0	23131	44483	0	23131	14379	8752
36391	0	0	0	0	23383	44602	0	23383	14481	8902
36872	0	0	0	0	22902	44615	0	22902	14582	8320
36409	0	0	0	0	23365	44458	0	23365	14344	9021
36338	0	0	0	0	23436	44777	0	23436	14632	8804
36298	0	0	0	0	23476	44440	0	23476	14359	9117
36539	0	0	0	0	23235	44629	0	23235	14517	8718
36100	0	0	0	0	23674	44610	0	23674	14541	9133
36511	0	0	0	0	23263	44616	0	23263	14563	8700
35898	0	0	0	0	23876	44673	0	23876	14508	9368
36571	0	0	0	0	23203	44454	0	23203	14268	8935
35876	0	0	0	0	23898	44664	0	23898	14603	9295
36403	0	0	0	0	23371	44404	0	23371	14353	9018
36373	0	0	0	0	23401	44624	0	23401	14529	8872
36061	0	0	0	0	23713	44604	0	23713	14521	9192
36621	0	0	0	0	23153	44530	0	23153	14333	8820
36036	0	0	0	0	23738	44660	0	23738	14557	9181
36345	0	0	0	0	23429	44630	0	23429	14542	8887
36343	0	0	0	0	23431	44660	0	23431	14585	8846
36138	0	0	0	0	23636	44404	0	23636	14359	9277
36099	0	0	0	0	23675	44596	0	23675	14562	9113
36541	0	0	0	0	23233	44649	0	23233	14569	8664
36158	0	0	0	0	23616	44608	0	23616	14510	9106
36274	0	0	0	0	23500	44623	0	23500	14526	8974
36230	0	0	0	0	23544	44602	0	23544	14509	9035
36273	0	0	0	0	23501	44484	0	23501	14333	9168
36222	0	0	0	0	23552	44408	0	23552	14317	9235
36098	0	0	0	0	23676	44615	0	23676	14568	9108
36156	0	0	0	0	23618	44585	0	23618	14529	9089
36119	0	0	0	0	23655	44657	0	23655	14556	9099
36113	0	0	0	0	23661	44632	0	23661	14554	9107
36115	0	0	0	0	23659	44656	0	23659	14519	9140
35907	0	0	0	0	23867	44734	0	23867	14594	9273
36036	0	0	0	0	23738	44618	0	23738	14527	9211
36269	0	0	0	0	23505	44448	0	23505	14302	9203
36424	0	0	0	0	23350	44641	0	23350	14554	8796
36446	0	0	0	0	23328	44721	0	23328	14530	8798
36780	0	0	0	0	22994	44372	0	22994	14327	8667
35838	0	0	0	0	23936	44608	0	23936	14517	9419
36081	0	0	0	0	23693	44694	0	23693	14553	9140
36205	0	0	0	0	23569	44409	0	23569	14314	9255
36292	0	0	0	0	23482	44616	0	23482	14532	8950
36277	0	0	0	0	23497	44643	0	23497	14522	8975
36539	0	0	0	0	23235	44583	0	23235	14529	8706
36530	0	0	0	0	23244	44360	0	23244	14298	8946
36192	0	0	0	0	23582	44593	0	23582	14517	9065
35978	0	0	0	0	23796	44602	0	23796	14518	9278
36118	0	0	0	0	23656	44638	0	23656	14501	9155
36467	0	0	0	0	23307	44517	0	23307	14311	8996
36361	0	0	0	0	23413	44638	0	23413	14438	8975
36267	0	0	0	0	23507	44456	0	23507	14294	9213
36658	0	0	0	0	23116	44474	0	23116	14383	8733
36490	0	0	0	0	23284	44568	0	23284	14482	8802
36251	0	0	0	0	23523	44600	0	23523	14534	8989
36235	0	0	0	0	23539	44421	0	23539	14356	9183
36278	0	0	0	0	23496	44381	0	23496	14331	9165
36397	0	0	0	0	23377	44630	0	23377	14533	8844
36173	0	0	0	0	23601	44696	0	23601	14526	9075
35728	0	0	0	0	24046	44644	0	24046	14577	9469
36170	0	0	0	0	23604	44464	0	23604	14318	9286
36495	0	0	0	0	23279	44418	0	23279	14329	8950
36522	0	0	0	0	23252	44381	0	23252	14342	8910
