50001	0	0	0	0	9773	58902	0	9773	3	9770
49548	0	0	0	0	10226	59390	0	10226	3	10223
49888	0	0	0	0	9886	58609	0	9886	3	9883
49744	0	0	0	0	10030	58949	0	10030	3	10027
50257	0	0	0	0	9517	59048	0	9517	3	9514
49842	0	0	0	0	9932	58776	0	9932	3	9929
50771	0	0	0	0	9003	59082	0	9003	3	9000
50623	0	0	0	0	9151	59088	0	9151	3	9148
49891	0	0	0	0	9883	59039	0	9883	3	9880
50784	0	0	0	0	8990	59079	0	8990	3	8987
49862	0	0	0	0	9912	59059	0	9912	3	9909
49909	0	0	0	0	9865	59066	0	9865	3	9862
50104	0	0	0	0	9670	59080	0	9670	3	9667
49753	0	0	0	0	10021	59095	0	10021	3	10018
50396	0	0	0	0	9378	58716	0	9378	3	9375
49351	0	0	0	0	10423	59089	0	10423	3	10420
49288	0	0	0	0	10486	58720	0	10486	3	10483
49869	0	0	0	0	9905	59027	0	9905	3	9902
49735	0	0	0	0	10039	59013	0	10039	3	10036
50228	0	0	0	0	9546	59023	0	9546	3	9543
49564	0	0	0	0	10210	59053	0	10210	3	10207
50655	0	0	0	0	9119	59291	0	9119	3	9116
49697	0	0	0	0	10077	58975	0	10077	3	10074
50317	0	0	0	0	9457	58904	0	9457	3	9454
50525	0	0	0	0	9249	59013	0	9249	3	9246
49705	0	0	0	0	10069	58692	0	10069	3	10066
49729	0	0	0	0	10045	59045	0	10045	3	10042
49954	0	0	0	0	9820	58677	0	9820	3	9817
49983	0	0	0	0	9791	59151	0	9791	3	9788
50177	0	0	0	0	9597	59025	0	9597	3	9594
50647	0	0	0	0	9127	59141	0	9127	3	9124
49906	0	0	0	0	9868	59042	0	9868	3	9865
50206	0	0	0	0	9568	58884	0	9568	3	9565
50114	0	0	0	0	9660	58894	0	9660	3	9657
49529	0	0	0	0	10245	58609	0	10245	3	10242
49683	0	0	0	0	10091	59066	0	10091	3	10088
49446	0	0	0	0	10328	58809	0	10328	3	10325
50095	0	0	0	0	9679	58782	0	9679	3	9676
49163	0	0	0	0	10611	58749	0	10611	3	10608
49593	0	0	0	0	10181	59067	0	10181	3	10178
50001	0	0	0	0	9773	59014	0	9773	3	9770
50595	0	0	0	0	9179	59048	0	9179	3	9176
49875	0	0	0	0	9899	59072	0	9899	3	9896
50568	0	0	0	0	9206	59003	0	9206	3	9203
50354	0	0	0	0	9420	58866	0	9420	3	9417
50316	0	0	0	0	9458	58814	0	9458	3	9455
49608	0	0	0	0	10166	58709	0	10166	3	10163
49321	0	0	0	0	10453	58766	0	10453	3	10450
50212	0	0	0	0	9562	59025	0	9562	3	9559
50400	0	0	0	0	9374	58751	0	9374	3	9371
49826	0	0	0	0	9948	58788	0	9948	3	9945
50502	0	0	0	0	9272	59071	0	9272	3	9269
49875	0	0	0	0	9899	58772	0	9899	3	9896
49366	0	0	0	0	10408	58695	0	10408	3	10405
49324	0	0	0	0	10450	59133	0	10450	3	10447
49146	0	0	0	0	10628	59101	0	10628	3	10625
49422	0	0	0	0	10352	58915	0	10352	3	10349
49817	0	0	0	0	9957	59041	0	9957	3	9954
50764	0	0	0	0	9010	59034	0	9010	3	9007
49907	0	0	0	0	9867	58943	0	9867	3	9864
50683	0	0	0	0	9091	58999	0	9091	3	9088
50163	0	0	0	0	9611	59072	0	9611	3	9608
49732	0	0	0	0	10042	59046	0	10042	3	10039
49660	0	0	0	0	10114	59089	0	10114	3	10111
50072	0	0	0	0	9702	59027	0	9702	3	9699
50167	0	0	0	0	9607	58803	0	9607	3	9604
49736	0	0	0	0	10038	59068	0	10038	3	10035
49502	0	0	0	0	10272	58688	0	10272	3	10269
50171	0	0	0	0	9603	59072	0	9603	3	9600
49619	0	0	0	0	10155	58822	0	10155	3	10152
49741	0	0	0	0	10033	59008	0	10033	3	10030
49778	0	0	0	0	9996	58809	0	9996	3	9993
50583	0	0	0	0	9191	58747	0	9191	3	9188
50234	0	0	0	0	9540	59112	0	9540	3	9537
50130	0	0	0	0	9644	59021	0	9644	3	9641
50836	0	0	0	0	8938	59129	0	8938	3	8935
50080	0	0	0	0	9694	58954	0	9694	3	9691
49968	0	0	0	0	9806	59064	0	9806	3	9803
49186	0	0	0	0	10588	59037	0	10588	3	10585
50274	0	0	0	0	9500	58922	0	9500	3	9497
49176	0	0	0	0	10598	59116	0	10598	3	10595
49140	0	0	0	0	10634	59080	0	10634	3	10631
50374	0	0	0	0	9400	59068	0	9400	3	9397
49607	0	0	0	0	10167	58663	0	10167	3	10164
49154	0	0	0	0	10620	59045	0	10620	3	10617
49607	0	0	0	0	10167	58746	0	10167	3	10164
49704	0	0	0	0	10070	59085	0	10070	3	10067
49798	0	0	0	0	9976	58696	0	9976	3	9973
49468	0	0	0	0	10306	59072	0	10306	3	10303
49663	0	0	0	0	10111	59148	0	10111	3	10108
49886	0	0	0	0	9888	58941	0	9888	3	9885
49513	0	0	0	0	10261	58914	0	10261	3	10258
49680	0	0	0	0	10094	58895	0	10094	3	10091
49480	0	0	0	0	10294	58741	0	10294	3	10291
50530	0	0	0	0	9244	58748	0	9244	3	9241
50058	0	0	0	0	9716	58665	0	9716	3	9713
49808	0	0	0	0	9966	59203	0	9966	3	9963
49818	0	0	0	0	9956	59051	0	9956	3	9953
50105	0	0	0	0	9669	58843	0	9669	3	9666
50361	0	0	0	0	9413	59029	0	9413	3	9410
50224	0	0	0	0	9550	58877	0	9550	3	9547
49840	0	0	0	0	9934	58779	0	9934	3	9931
50423	0	0	0	0	9351	58887	0	9351	3	9348
49719	0	0	0	0	10055	58938	0	10055	3	10052
49358	0	0	0	0	10416	59227	0	10416	3	10413
49307	0	0	0	0	10467	58686	0	10467	3	10464
50203	0	0	0	0	9571	59055	0	9571	3	9568
49002	0	0	0	0	10772	59071	0	10772	3	10769
49852	0	0	0	0	9922	59030	0	9922	3	9919
50131	0	0	0	0	9643	59047	0	9643	3	9640
49544	0	0	0	0	10230	59067	0	10230	3	10227
49239	0	0	0	0	10535	59132	0	10535	3	10532
49835	0	0	0	0	9939	58958	0	9939	3	9936
49772	0	0	0	0	10002	58979	0	10002	3	9999
49609	0	0	0	0	10165	59047	0	10165	3	10162
49742	0	0	0	0	10032	59001	0	10032	3	10029
49490	0	0	0	0	10284	58773	0	10284	3	10281
49565	0	0	0	0	10209	58814	0	10209	3	10206
49627	0	0	0	0	10147	59066	0	10147	3	10144
49427	0	0	0	0	10347	59002	0	10347	3	10344
50023	0	0	0	0	9751	59080	0	9751	3	9748
50070	0	0	0	0	9704	59027	0	9704	3	9701
50325	0	0	0	0	9449	58694	0	9449	3	9446
49782	0	0	0	0	9992	58862	0	9992	3	9989
50427	0	0	0	0	9347	58862	0	9347	3	9344
49921	0	0	0	0	9853	59083	0	9853	3	9850
50060	0	0	0	0	9714	58714	0	9714	3	9711
50414	0	0	0	0	9360	58936	0	9360	3	9357
49811	0	0	0	0	9963	58843	0	9963	3	9960
49046	0	0	0	0	10728	58631	0	10728	3	10725
50267	0	0	0	0	9507	58855	0	9507	3	9504
49007	0	0	0	0	10767	59027	0	10767	3	10764
50450	0	0	0	0	9324	58673	0	9324	3	9321
49792	0	0	0	0	9982	59050	0	9982	3	9979
50508	0	0	0	0	9266	58904	0	9266	3	9263
49761	0	0	0	0	10013	59086	0	10013	3	10010
50220	0	0	0	0	9554	59110	0	9554	3	9551
49899	0	0	0	0	9875	58820	0	9875	3	9872
49598	0	0	0	0	10176	59014	0	10176	3	10173
49305	0	0	0	0	10469	59020	0	10469	3	10466
49643	0	0	0	0	10131	59090	0	10131	3	10128
49821	0	0	0	0	9953	58913	0	9953	3	9950
50101	0	0	0	0	9673	59053	0	9673	3	9670
50006	0	0	0	0	9768	58740	0	9768	3	9765
49831	0	0	0	0	9943	59043	0	9943	3	9940
49336	0	0	0	0	10438	59037	0	10438	3	10435
50037	0	0	0	0	9737	58692	0	9737	3	9734
50082	0	0	0	0	9692	58134	0	9692	3	9689
50477	0	0	0	0	9297	59012	0	9297	3	9294
49663	0	0	0	0	10111	58730	0	10111	3	10108
49711	0	0	0	0	10063	58850	0	10063	3	10060
50024	0	0	0	0	9750	59080	0	9750	3	9747
49916	0	0	0	0	9858	59045	0	9858	3	9855
49728	0	0	0	0	10046	58771	0	10046	3	10043
50103	0	0	0	0	9671	59065	0	9671	3	9668
49737	0	0	0	0	10037	58834	0	10037	3	10034
49937	0	0	0	0	9837	59021	0	9837	3	9834
49355	0	0	0	0	10419	58628	0	10419	3	10416
50205	0	0	0	0	9569	59082	0	9569	3	9566
50495	0	0	0	0	9279	58793	0	9279	3	9276
49841	0	0	0	0	9933	58705	0	9933	3	9930
48908	0	0	0	0	10866	59084	0	10866	3	10863
50552	0	0	0	0	9222	59081	0	9222	3	9219
50107	0	0	0	0	9667	58863	0	9667	3	9664
49852	0	0	0	0	9922	59070	0	9922	3	9919
49876	0	0	0	0	9898	58984	0	9898	3	9895
49548	0	0	0	0	10226	59122	0	10226	3	10223
49535	0	0	0	0	10239	58848	0	10239	3	10236
49614	0	0	0	0	10160	58673	0	10160	3	10157
49553	0	0	0	0	10221	59012	0	10221	3	10218
50082	0	0	0	0	9692	59020	0	9692	3	9689
49465	0	0	0	0	10309	59100	0	10309	3	10306
49620	0	0	0	0	10154	58697	0	10154	3	10151
50117	0	0	0	0	9657	59066	0	9657	3	9654
50123	0	0	0	0	9651	58750	0	9651	3	9648
50487	0	0	0	0	9287	58828	0	9287	3	9284
49840	0	0	0	0	9934	59020	0	9934	3	9931
49715	0	0	0	0	10059	59041	0	10059	3	10056
50448	0	0	0	0	9326	59063	0	9326	3	9323
50088	0	0	0	0	9686	59026	0	9686	3	9683
50283	0	0	0	0	9491	58916	0	9491	3	9488
50050	0	0	0	0	9724	58803	0	9724	3	9721
49922	0	0	0	0	9852	59070	0	9852	3	9849
49547	0	0	0	0	10227	59179	0	10227	3	10224
49677	0	0	0	0	10097	58996	0	10097	3	10094
48815	0	0	0	0	10959	58991	0	10959	3	10956
49001	0	0	0	0	10773	59078	0	10773	3	10770
49683	0	0	0	0	10091	59086	0	10091	3	10088
49762	0	0	0	0	10012	58962	0	10012	3	10009
50110	0	0	0	0	9664	59098	0	9664	3	9661
49781	0	0	0	0	9993	59123	0	9993	3	9990
50525	0	0	0	0	9249	59033	0	9249	3	9246
50212	0	0	0	0	9562	58604	0	9562	3	9559
49437	0	0	0	0	10337	58689	0	10337	3	10334
50523	0	0	0	0	9251	58725	0	9251	3	9248
50346	0	0	0	0	9428	59001	0	9428	3	9425
49822	0	0	0	0	9952	58892	0	9952	3	9949
50036	0	0	0	0	9738	59064	0	9738	3	9735
50368	0	0	0	0	9406	59019	0	9406	3	9403
49587	0	0	0	0	10187	58832	0	10187	3	10184
49528	0	0	0	0	10246	59012	0	10246	3	10243
49470	0	0	0	0	10304	59056	0	10304	3	10301
50616	0	0	0	0	9158	59005	0	9158	3	9155
50137	0	0	0	0	9637	58847	0	9637	3	9634
50145	0	0	0	0	9629	59062	0	9629	3	9626
49455	0	0	0	0	10319	58675	0	10319	3	10316
49817	0	0	0	0	9957	59074	0	9957	3	9954
49301	0	0	0	0	10473	58926	0	10473	3	10470
50173	0	0	0	0	9601	58952	0	9601	3	9598
50095	0	0	0	0	9679	58746	0	9679	3	9676
49962	0	0	0	0	9812	59122	0	9812	3	9809
49581	0	0	0	0	10193	59017	0	10193	3	10190
49430	0	0	0	0	10344	59107	0	10344	3	10341
50411	0	0	0	0	9363	58834	0	9363	3	9360
48875	0	0	0	0	10899	59148	0	10899	3	10896
50085	0	0	0	0	9689	58635	0	9689	3	9686
50745	0	0	0	0	9029	59118	0	9029	3	9026
49925	0	0	0	0	9849	58642	0	9849	3	9846
50172	0	0	0	0	9602	59121	0	9602	3	9599
50470	0	0	0	0	9304	59039	0	9304	3	9301
50094	0	0	0	0	9680	58647	0	9680	3	9677
49476	0	0	0	0	10298	59056	0	10298	3	10295
49473	0	0	0	0	10301	58811	0	10301	3	10298
49846	0	0	0	0	9928	58999	0	9928	3	9925
49624	0	0	0	0	10150	58894	0	10150	3	10147
49827	0	0	0	0	9947	58996	0	9947	3	9944
49892	0	0	0	0	9882	59010	0	9882	3	9879
49982	0	0	0	0	9792	59041	0	9792	3	9789
49696	0	0	0	0	10078	59090	0	10078	3	10075
50361	0	0	0	0	9413	59140	0	9413	3	9410
49841	0	0	0	0	9933	58992	0	9933	3	9930
49813	0	0	0	0	9961	59005	0	9961	3	9958
50141	0	0	0	0	9633	59044	0	9633	3	9630
50145	0	0	0	0	9629	59012	0	9629	3	9626
49859	0	0	0	0	9915	58904	0	9915	3	9912
49424	0	0	0	0	10350	58781	0	10350	3	10347
49911	0	0	0	0	9863	58880	0	9863	3	9860
49745	0	0	0	0	10029	58782	0	10029	3	10026
49518	0	0	0	0	10256	58667	0	10256	3	10253
49726	0	0	0	0	10048	59009	0	10048	3	10045
49672	0	0	0	0	10102	58770	0	10102	3	10099
49870	0	0	0	0	9904	58734	0	9904	3	9901
49589	0	0	0	0	10185	59039	0	10185	3	10182
49697	0	0	0	0	10077	59362	0	10077	3	10074
49894	0	0	0	0	9880	59123	0	9880	3	9877
50180	0	0	0	0	9594	59031	0	9594	3	9591
49388	0	0	0	0	10386	59102	0	10386	3	10383
50236	0	0	0	0	9538	59115	0	9538	3	9535
49857	0	0	0	0	9917	59075	0	9917	3	9914
50384	0	0	0	0	9390	59195	0	9390	3	9387
50328	0	0	0	0	9446	58736	0	9446	3	9443
50205	0	0	0	0	9569	59018	0	9569	3	9566
49849	0	0	0	0	9925	58710	0	9925	3	9922
50899	0	0	0	0	8875	59011	0	8875	3	8872
49773	0	0	0	0	10001	58638	0	10001	3	9998
50292	0	0	0	0	9482	57786	0	9482	3	9479
50445	0	0	0	0	9329	58825	0	9329	3	9326
49996	0	0	0	0	9778	59071	0	9778	3	9775
49638	0	0	0	0	10136	59021	0	10136	3	10133
49623	0	0	0	0	10151	59078	0	10151	3	10148
49604	0	0	0	0	10170	59058	0	10170	3	10167
50642	0	0	0	0	9132	58775	0	9132	3	9129
50433	0	0	0	0	9341	58885	0	9341	3	9338
49478	0	0	0	0	10296	57986	0	10296	3	10293
50039	0	0	0	0	9735	58720	0	9735	3	9732
49454	0	0	0	0	10320	58827	0	10320	3	10317
50474	0	0	0	0	9300	58725	0	9300	3	9297
49672	0	0	0	0	10102	59088	0	10102	3	10099
49362	0	0	0	0	10412	59108	0	10412	3	10409
48709	0	0	0	0	11065	59030	0	11065	3	11062
49742	0	0	0	0	10032	58634	0	10032	3	10029
49345	0	0	0	0	10429	58736	0	10429	3	10426
49770	0	0	0	0	10004	58785	0	10004	3	10001
50147	0	0	0	0	9627	58730	0	9627	3	9624
50260	0	0	0	0	9514	59000	0	9514	3	9511
49639	0	0	0	0	10135	59097	0	10135	3	10132
50228	0	0	0	0	9546	58720	0	9546	3	9543
49968	0	0	0	0	9806	58600	0	9806	3	9803
49745	0	0	0	0	10029	59073	0	10029	3	10026
49710	0	0	0	0	10064	58727	0	10064	3	10061
50303	0	0	0	0	9471	59046	0	9471	3	9468
49792	0	0	0	0	9982	59072	0	9982	3	9979
50490	0	0	0	0	9284	59017	0	9284	3	9281
49852	0	0	0	0	9922	58907	0	9922	3	9919
49776	0	0	0	0	9998	58769	0	9998	3	9995
49551	0	0	0	0	10223	58928	0	10223	3	10220
50398	0	0	0	0	9376	58108	0	9376	3	9373
49158	0	0	0	0	10616	59096	0	10616	3	10613
49834	0	0	0	0	9940	59060	0	9940	3	9937
48954	0	0	0	0	10820	58916	0	10820	3	10817
50669	0	0	0	0	9105	58641	0	9105	3	9102
50285	0	0	0	0	9489	58655	0	9489	3	9486
50584	0	0	0	0	9190	58862	0	9190	3	9187
50580	0	0	0	0	9194	59081	0	9194	3	9191
50346	0	0	0	0	9428	58902	0	9428	3	9425
50006	0	0	0	0	9768	59076	0	9768	3	9765
49525	0	0	0	0	10249	59053	0	10249	3	10246
50921	0	0	0	0	8853	58822	0	8853	3	8850
50206	0	0	0	0	9568	58839	0	9568	3	9565
50131	0	0	0	0	9643	58853	0	9643	3	9640
49548	0	0	0	0	10226	58745	0	10226	3	10223
49869	0	0	0	0	9905	59094	0	9905	3	9902
50255	0	0	0	0	9519	58742	0	9519	3	9516
49649	0	0	0	0	10125	59041	0	10125	3	10122
48977	0	0	0	0	10797	59000	0	10797	3	10794
49627	0	0	0	0	10147	59009	0	10147	3	10144
49833	0	0	0	0	9941	58757	0	9941	3	9938
49943	0	0	0	0	9831	58033	0	9831	3	9828
50541	0	0	0	0	9233	59052	0	9233	3	9230
49321	0	0	0	0	10453	59103	0	10453	3	10450
50017	0	0	0	0	9757	58887	0	9757	3	9754
49783	0	0	0	0	9991	59106	0	9991	3	9988
48970	0	0	0	0	10804	59011	0	10804	3	10801
49847	0	0	0	0	9927	58927	0	9927	3	9924
48573	0	0	0	0	11201	59021	0	11201	3	11198
50208	0	0	0	0	9566	58666	0	9566	3	9563
50117	0	0	0	0	9657	58911	0	9657	3	9654
50202	0	0	0	0	9572	58741	0	9572	3	9569
49347	0	0	0	0	10427	59063	0	10427	3	10424
49221	0	0	0	0	10553	59012	0	10553	3	10550
49635	0	0	0	0	10139	58722	0	10139	3	10136
50155	0	0	0	0	9619	58180	0	9619	3	9616
49348	0	0	0	0	10426	59127	0	10426	3	10423
49728	0	0	0	0	10046	59058	0	10046	3	10043
49644	0	0	0	0	10130	59089	0	10130	3	10127
49724	0	0	0	0	10050	59064	0	10050	3	10047
50472	0	0	0	0	9302	58790	0	9302	3	9299
48896	0	0	0	0	10878	59040	0	10878	3	10875
49594	0	0	0	0	10180	59039	0	10180	3	10177
50040	0	0	0	0	9734	58800	0	9734	3	9731
50039	0	0	0	0	9735	59039	0	9735	3	9732
50034	0	0	0	0	9740	59001	0	9740	3	9737
50007	0	0	0	0	9767	58604	0	9767	3	9764
49761	0	0	0	0	10013	59076	0	10013	3	10010
50029	0	0	0	0	9745	59037	0	9745	3	9742
50198	0	0	0	0	9576	58704	0	9576	3	9573
50367	0	0	0	0	9407	58858	0	9407	3	9404
50077	0	0	0	0	9697	59112	0	9697	3	9694
50518	0	0	0	0	9256	58558	0	9256	3	9253
50022	0	0	0	0	9752	58836	0	9752	3	9749
49251	0	0	0	0	10523	59170	0	10523	3	10520
48885	0	0	0	0	10889	58891	0	10889	3	10886
50012	0	0	0	0	9762	58864	0	9762	3	9759
50263	0	0	0	0	9511	58745	0	9511	3	9508
49552	0	0	0	0	10222	58968	0	10222	3	10219
50092	0	0	0	0	9682	58686	0	9682	3	9679
49707	0	0	0	0	10067	59050	0	10067	3	10064
50273	0	0	0	0	9501	59059	0	9501	3	9498
49582	0	0	0	0	10192	59035	0	10192	3	10189
49894	0	0	0	0	9880	58704	0	9880	3	9877
49270	0	0	0	0	10504	58634	0	10504	3	10501
49532	0	0	0	0	10242	59136	0	10242	3	10239
49838	0	0	0	0	9936	58750	0	9936	3	9933
49936	0	0	0	0	9838	58924	0	9838	3	9835
50386	0	0	0	0	9388	59055	0	9388	3	9385
49940	0	0	0	0	9834	58996	0	9834	3	9831
49821	0	0	0	0	9953	58721	0	9953	3	9950
49554	0	0	0	0	10220	58835	0	10220	3	10217
49630	0	0	0	0	10144	58987	0	10144	3	10141
50082	0	0	0	0	9692	58938	0	9692	3	9689
50043	0	0	0	0	9731	59064	0	9731	3	9728
50857	0	0	0	0	8917	59086	0	8917	3	8914
49680	0	0	0	0	10094	59010	0	10094	3	10091
50080	0	0	0	0	9694	58769	0	9694	3	9691
49923	0	0	0	0	9851	58640	0	9851	3	9848
49835	0	0	0	0	9939	58630	0	9939	3	9936
50436	0	0	0	0	9338	58941	0	9338	3	9335
49424	0	0	0	0	10350	59039	0	10350	3	10347
50010	0	0	0	0	9764	58785	0	9764	3	9761
49719	0	0	0	0	10055	58761	0	10055	3	10052
50317	0	0	0	0	9457	58742	0	9457	3	9454
51031	0	0	0	0	8743	58798	0	8743	3	8740
50085	0	0	0	0	9689	58630	0	9689	3	9686
49595	0	0	0	0	10179	58990	0	10179	3	10176
49169	0	0	0	0	10605	58767	0	10605	3	10602
50483	0	0	0	0	9291	59010	0	9291	3	9288
49934	0	0	0	0	9840	59160	0	9840	3	9837
50308	0	0	0	0	9466	58716	0	9466	3	9463
49378	0	0	0	0	10396	58745	0	10396	3	10393
49879	0	0	0	0	9895	59007	0	9895	3	9892
49962	0	0	0	0	9812	59130	0	9812	3	9809
50169	0	0	0	0	9605	59030	0	9605	3	9602
50599	0	0	0	0	9175	58668	0	9175	3	9172
50735	0	0	0	0	9039	58970	0	9039	3	9036
49891	0	0	0	0	9883	59029	0	9883	3	9880
49824	0	0	0	0	9950	58735	0	9950	3	9947
50567	0	0	0	0	9207	58713	0	9207	3	9204
50029	0	0	0	0	9745	58724	0	9745	3	9742
49785	0	0	0	0	9989	58636	0	9989	3	9986
50193	0	0	0	0	9581	57851	0	9581	3	9578
49640	0	0	0	0	10134	58817	0	10134	3	10131
49775	0	0	0	0	9999	58967	0	9999	3	9996
50259	0	0	0	0	9515	59009	0	9515	3	9512
49640	0	0	0	0	10134	58731	0	10134	3	10131
49974	0	0	0	0	9800	59054	0	9800	3	9797
49909	0	0	0	0	9865	59162	0	9865	3	9862
50134	0	0	0	0	9640	59138	0	9640	3	9637
49419	0	0	0	0	10355	58738	0	10355	3	10352
49846	0	0	0	0	9928	59007	0	9928	3	9925
49942	0	0	0	0	9832	59111	0	9832	3	9829
50057	0	0	0	0	9717	59075	0	9717	3	9714
49821	0	0	0	0	9953	58703	0	9953	3	9950
49423	0	0	0	0	10351	59054	0	10351	3	10348
49240	0	0	0	0	10534	59114	0	10534	3	10531
49868	0	0	0	0	9906	58961	0	9906	3	9903
50528	0	0	0	0	9246	58815	0	9246	3	9243
50520	0	0	0	0	9254	58682	0	9254	3	9251
50516	0	0	0	0	9258	58801	0	9258	3	9255
49173	0	0	0	0	10601	59129	0	10601	3	10598
49789	0	0	0	0	9985	59071	0	9985	3	9982
49354	0	0	0	0	10420	58905	0	10420	3	10417
49652	0	0	0	0	10122	59088	0	10122	3	10119
49521	0	0	0	0	10253	59085	0	10253	3	10250
50381	0	0	0	0	9393	59016	0	9393	3	9390
49657	0	0	0	0	10117	58717	0	10117	3	10114
49930	0	0	0	0	9844	59077	0	9844	3	9841
49561	0	0	0	0	10213	59128	0	10213	3	10210
50183	0	0	0	0	9591	58785	0	9591	3	9588
50012	0	0	0	0	9762	59144	0	9762	3	9759
49982	0	0	0	0	9792	59038	0	9792	3	9789
50269	0	0	0	0	9505	59073	0	9505	3	9502
49604	0	0	0	0	10170	58988	0	10170	3	10167
50073	0	0	0	0	9701	59064	0	9701	3	9698
49368	0	0	0	0	10406	58700	0	10406	3	10403
49949	0	0	0	0	9825	59071	0	9825	3	9822
50117	0	0	0	0	9657	58727	0	9657	3	9654
49558	0	0	0	0	10216	58994	0	10216	3	10213
50018	0	0	0	0	9756	59059	0	9756	3	9753
49511	0	0	0	0	10263	58983	0	10263	3	10260
49721	0	0	0	0	10053	58689	0	10053	3	10050
49736	0	0	0	0	10038	59166	0	10038	3	10035
50196	0	0	0	0	9578	59083	0	9578	3	9575
50084	0	0	0	0	9690	59000	0	9690	3	9687
49384	0	0	0	0	10390	59061	0	10390	3	10387
50362	0	0	0	0	9412	58919	0	9412	3	9409
49526	0	0	0	0	10248	58990	0	10248	3	10245
50257	0	0	0	0	9517	59054	0	9517	3	9514
49755	0	0	0	0	10019	58504	0	10019	3	10016
50431	0	0	0	0	9343	58984	0	9343	3	9340
50238	0	0	0	0	9536	58797	0	9536	3	9533
49496	0	0	0	0	10278	58713	0	10278	3	10275
49859	0	0	0	0	9915	58664	0	9915	3	9912
50919	0	0	0	0	8855	59080	0	8855	3	8852
49358	0	0	0	0	10416	59063	0	10416	3	10413
49626	0	0	0	0	10148	59138	0	10148	3	10145
50415	0	0	0	0	9359	58996	0	9359	3	9356
49832	0	0	0	0	9942	59074	0	9942	3	9939
50175	0	0	0	0	9599	58778	0	9599	3	9596
50082	0	0	0	0	9692	58815	0	9692	3	9689
50787	0	0	0	0	8987	58976	0	8987	3	8984
49816	0	0	0	0	9958	58774	0	9958	3	9955
49350	0	0	0	0	10424	58632	0	10424	3	10421
50298	0	0	0	0	9476	59019	0	9476	3	9473
49920	0	0	0	0	9854	58646	0	9854	3	9851
50074	0	0	0	0	9700	58684	0	9700	3	9697
49933	0	0	0	0	9841	58837	0	9841	3	9838
49849	0	0	0	0	9925	59119	0	9925	3	9922
50367	0	0	0	0	9407	58490	0	9407	3	9404
49680	0	0	0	0	10094	58662	0	10094	3	10091
49890	0	0	0	0	9884	59135	0	9884	3	9881
49167	0	0	0	0	10607	58842	0	10607	3	10604
50735	0	0	0	0	9039	59069	0	9039	3	9036
50248	0	0	0	0	9526	59050	0	9526	3	9523
50655	0	0	0	0	9119	58593	0	9119	3	9116
50105	0	0	0	0	9669	58757	0	9669	3	9666
50497	0	0	0	0	9277	59026	0	9277	3	9274
50950	0	0	0	0	8824	58746	0	8824	3	8821
49941	0	0	0	0	9833	59058	0	9833	3	9830
49605	0	0	0	0	10169	59113	0	10169	3	10166
50229	0	0	0	0	9545	59115	0	9545	3	9542
50169	0	0	0	0	9605	58980	0	9605	3	9602
49813	0	0	0	0	9961	58959	0	9961	3	9958
49570	0	0	0	0	10204	59085	0	10204	3	10201
49639	0	0	0	0	10135	58692	0	10135	3	10132
50010	0	0	0	0	9764	58974	0	9764	3	9761
49643	0	0	0	0	10131	58608	0	10131	3	10128
50142	0	0	0	0	9632	59005	0	9632	3	9629
49480	0	0	0	0	10294	59020	0	10294	3	10291
49713	0	0	0	0	10061	59014	0	10061	3	10058
49883	0	0	0	0	9891	58563	0	9891	3	9888
49457	0	0	0	0	10317	58751	0	10317	3	10314
50312	0	0	0	0	9462	58836	0	9462	3	9459
49683	0	0	0	0	10091	58865	0	10091	3	10088
49495	0	0	0	0	10279	58986	0	10279	3	10276
49914	0	0	0	0	9860	58960	0	9860	3	9857
49560	0	0	0	0	10214	58797	0	10214	3	10211
49402	0	0	0	0	10372	58714	0	10372	3	10369
49842	0	0	0	0	9932	59013	0	9932	3	9929
49396	0	0	0	0	10378	59120	0	10378	3	10375
49971	0	0	0	0	9803	59010	0	9803	3	9800
49966	0	0	0	0	9808	59022	0	9808	3	9805
49347	0	0	0	0	10427	58767	0	10427	3	10424
49352	0	0	0	0	10422	59045	0	10422	3	10419
49940	0	0	0	0	9834	58659	0	9834	3	9831
50428	0	0	0	0	9346	58900	0	9346	3	9343
49724	0	0	0	0	10050	59118	0	10050	3	10047
49878	0	0	0	0	9896	58977	0	9896	3	9893
50038	0	0	0	0	9736	59077	0	9736	3	9733
50208	0	0	0	0	9566	59059	0	9566	3	9563
50250	0	0	0	0	9524	59226	0	9524	3	9521
