59763	0	0	0	0	11	34249	34249	11	3	8
59327	0	0	0	0	447	51679	51679	447	3	444
59740	0	0	0	0	34	34039	34039	34	3	31
59771	0	0	0	0	3	33233	33233	3	3	0
59333	0	0	0	0	441	55564	55564	441	3	438
59204	0	0	0	0	570	53266	53266	570	3	567
59767	0	0	0	0	7	33460	33460	7	3	4
59239	0	0	0	0	535	56763	56763	535	3	532
59410	0	0	0	0	364	51911	51911	364	3	361
59102	0	0	0	0	672	57129	57129	672	3	669
59547	0	0	0	0	227	40563	40563	227	3	224
59756	0	0	0	0	18	33047	33047	18	3	15
59768	0	0	0	0	6	34191	34191	6	3	3
59159	0	0	0	0	615	57451	57451	615	3	612
59334	0	0	0	0	440	50640	50640	440	3	437
59277	0	0	0	0	497	56025	56025	497	3	494
59728	0	0	0	0	46	34336	34336	46	3	43
59012	0	0	0	0	762	57059	57059	762	3	759
59719	0	0	0	0	55	37406	37406	55	3	52
59362	0	0	0	0	412	53921	53921	412	3	409
59745	0	0	0	0	29	33409	33409	29	3	26
59741	0	0	0	0	33	37811	37811	33	3	30
59096	0	0	0	0	678	56897	56897	678	3	675
59049	0	0	0	0	725	56864	56864	725	3	722
59763	0	0	0	0	11	35742	35742	11	3	8
59747	0	0	0	0	27	35406	35406	27	3	24
59740	0	0	0	0	34	33537	33537	34	3	31
59748	0	0	0	0	26	37248	37248	26	3	23
59768	0	0	0	0	6	34203	34203	6	3	3
59770	0	0	0	0	4	33068	33068	4	3	1
59736	0	0	0	0	38	35887	35887	38	3	35
59725	0	0	0	0	49	36141	36141	49	3	46
59760	0	0	0	0	14	33910	33910	14	3	11
58875	0	0	0	0	899	56839	56839	899	3	896
59728	0	0	0	0	46	38943	38943	46	3	43
59747	0	0	0	0	27	36556	36556	27	3	24
59324	0	0	0	0	450	49843	49843	450	3	447
59155	0	0	0	0	619	57459	57459	619	3	616
59172	0	0	0	0	602	57153	57153	602	3	599
59766	0	0	0	0	8	33054	33054	8	3	5
59299	0	0	0	0	475	56900	56900	475	3	472
59250	0	0	0	0	524	56670	56670	524	3	521
59145	0	0	0	0	629	55845	55845	629	3	626
59759	0	0	0	0	15	35695	35695	15	3	12
59756	0	0	0	0	18	33886	33886	18	3	15
59757	0	0	0	0	17	33403	33403	17	3	14
59549	0	0	0	0	225	43213	43213	225	3	222
59755	0	0	0	0	19	36221	36221	19	3	16
59744	0	0	0	0	30	35432	35432	30	3	27
59743	0	0	0	0	31	35863	35863	31	3	28
59751	0	0	0	0	23	35916	35916	23	3	20
59144	0	0	0	0	630	56617	56617	630	3	627
59157	0	0	0	0	617	57111	57111	617	3	614
59071	0	0	0	0	703	56398	56398	703	3	700
59766	0	0	0	0	8	33407	33407	8	3	5
59749	0	0	0	0	25	36125	36125	25	3	22
59764	0	0	0	0	10	34236	34236	10	3	7
59291	0	0	0	0	483	54750	54750	483	3	480
59123	0	0	0	0	651	56395	56395	651	3	648
59725	0	0	0	0	49	34865	34865	49	3	46
59768	0	0	0	0	6	33611	33611	6	3	3
59462	0	0	0	0	312	53140	53140	312	3	309
59545	0	0	0	0	229	43675	43675	229	3	226
59750	0	0	0	0	24	35371	35371	24	3	21
59762	0	0	0	0	12	35679	35679	12	3	9
59771	0	0	0	0	3	33069	33069	3	3	0
59754	0	0	0	0	20	36483	36483	20	3	17
59026	0	0	0	0	748	56805	56805	748	3	745
59527	0	0	0	0	247	44584	44584	247	3	244
59286	0	0	0	0	488	51694	51694	488	3	485
59437	0	0	0	0	337	50202	50202	337	3	334
59760	0	0	0	0	14	33609	33609	14	3	11
59717	0	0	0	0	57	35546	35546	57	3	54
59288	0	0	0	0	486	50862	50862	486	3	483
59742	0	0	0	0	32	34772	34772	32	3	29
59761	0	0	0	0	13	35953	35953	13	3	10
59753	0	0	0	0	21	36022	36022	21	3	18
59735	0	0	0	0	39	38141	38141	39	3	36
59746	0	0	0	0	28	34761	34761	28	3	25
59745	0	0	0	0	29	36028	36028	29	3	26
59758	0	0	0	0	16	34883	34883	16	3	13
59734	0	0	0	0	40	38225	38225	40	3	37
59544	0	0	0	0	230	45394	45394	230	3	227
59755	0	0	0	0	19	35285	35285	19	3	16
59765	0	0	0	0	9	34711	34711	9	3	6
59592	0	0	0	0	182	44430	44430	182	3	179
59752	0	0	0	0	22	33606	33606	22	3	19
59727	0	0	0	0	47	35715	35715	47	3	44
59527	0	0	0	0	247	45355	45355	247	3	244
59107	0	0	0	0	667	57186	57186	667	3	664
59159	0	0	0	0	615	56522	56522	615	3	612
59732	0	0	0	0	42	38402	38402	42	3	39
59606	0	0	0	0	168	42092	42092	168	3	165
59493	0	0	0	0	281	45396	45396	281	3	278
59543	0	0	0	0	231	42062	42062	231	3	228
59732	0	0	0	0	42	34688	34688	42	3	39
59750	0	0	0	0	24	34061	34061	24	3	21
59024	0	0	0	0	750	56882	56882	750	3	747
59090	0	0	0	0	684	57745	57745	684	3	681
59176	0	0	0	0	598	56340	56340	598	3	595
59095	0	0	0	0	679	56987	56987	679	3	676
59745	0	0	0	0	29	37307	37307	29	3	26
59736	0	0	0	0	38	35400	35400	38	3	35
59718	0	0	0	0	56	37326	37326	56	3	53
59746	0	0	0	0	28	34455	34455	28	3	25
58992	0	0	0	0	782	53398	53398	782	3	779
59764	0	0	0	0	10	33451	33451	10	3	7
59036	0	0	0	0	738	56095	56095	738	3	735
59748	0	0	0	0	26	34871	34871	26	3	23
59142	0	0	0	0	632	56040	56040	632	3	629
59739	0	0	0	0	35	39180	39180	35	3	32
59744	0	0	0	0	30	36370	36370	30	3	27
59741	0	0	0	0	33	36599	36599	33	3	30
59205	0	0	0	0	569	57402	57402	569	3	566
59469	0	0	0	0	305	45150	45150	305	3	302
59272	0	0	0	0	502	55237	55237	502	3	499
59514	0	0	0	0	260	43554	43554	260	3	257
59752	0	0	0	0	22	35686	35686	22	3	19
59747	0	0	0	0	27	35839	35839	27	3	24
59735	0	0	0	0	39	35582	35582	39	3	36
59767	0	0	0	0	7	34825	34825	7	3	4
59758	0	0	0	0	16	36134	36134	16	3	13
59732	0	0	0	0	42	35848	35848	42	3	39
59747	0	0	0	0	27	34852	34852	27	3	24
59460	0	0	0	0	314	51589	51589	314	3	311
59204	0	0	0	0	570	57864	57864	570	3	567
59285	0	0	0	0	489	56874	56874	489	3	486
59164	0	0	0	0	610	56898	56898	610	3	607
59007	0	0	0	0	767	56323	56323	767	3	764
59762	0	0	0	0	12	34263	34263	12	3	9
59212	0	0	0	0	562	56914	56914	562	3	559
59750	0	0	0	0	24	35357	35357	24	3	21
59354	0	0	0	0	420	57157	57157	420	3	417
59267	0	0	0	0	507	56839	56839	507	3	504
59100	0	0	0	0	674	56877	56877	674	3	671
59026	0	0	0	0	748	57336	57336	748	3	745
59733	0	0	0	0	41	35280	35280	41	3	38
59754	0	0	0	0	20	35873	35873	20	3	17
59033	0	0	0	0	741	56401	56401	741	3	738
59250	0	0	0	0	524	50359	50359	524	3	521
59751	0	0	0	0	23	34078	34078	23	3	20
59205	0	0	0	0	569	56302	56302	569	3	566
59726	0	0	0	0	48	35743	35743	48	3	45
59164	0	0	0	0	610	56457	56457	610	3	607
59061	0	0	0	0	713	57072	57072	713	3	710
59744	0	0	0	0	30	34528	34528	30	3	27
59418	0	0	0	0	356	51104	51104	356	3	353
59195	0	0	0	0	579	56183	56183	579	3	576
59339	0	0	0	0	435	53558	53558	435	3	432
59771	0	0	0	0	3	32930	32930	3	3	0
59755	0	0	0	0	19	37567	37567	19	3	16
59743	0	0	0	0	31	36342	36342	31	3	28
59340	0	0	0	0	434	51231	51231	434	3	431
59756	0	0	0	0	18	34627	34627	18	3	15
59748	0	0	0	0	26	34261	34261	26	3	23
59100	0	0	0	0	674	56066	56066	674	3	671
59012	0	0	0	0	762	56997	56997	762	3	759
59764	0	0	0	0	10	35717	35717	10	3	7
59746	0	0	0	0	28	37169	37169	28	3	25
59762	0	0	0	0	12	35446	35446	12	3	9
59248	0	0	0	0	526	56181	56181	526	3	523
58973	0	0	0	0	801	56941	56941	801	3	798
59748	0	0	0	0	26	36462	36462	26	3	23
59255	0	0	0	0	519	56248	56248	519	3	516
59730	0	0	0	0	44	35857	35857	44	3	41
59739	0	0	0	0	35	34381	34381	35	3	32
59742	0	0	0	0	32	35475	35475	32	3	29
59712	0	0	0	0	62	35901	35901	62	3	59
59249	0	0	0	0	525	57204	57204	525	3	522
59765	0	0	0	0	9	33057	33057	9	3	6
59742	0	0	0	0	32	36587	36587	32	3	29
59753	0	0	0	0	21	33403	33403	21	3	18
59765	0	0	0	0	9	33647	33647	9	3	6
59755	0	0	0	0	19	36247	36247	19	3	16
59759	0	0	0	0	15	32756	32756	15	3	12
59751	0	0	0	0	23	35722	35722	23	3	20
59340	0	0	0	0	434	51535	51535	434	3	431
59478	0	0	0	0	296	51644	51644	296	3	293
59178	0	0	0	0	596	57174	57174	596	3	593
59735	0	0	0	0	39	39468	39468	39	3	36
59770	0	0	0	0	4	33822	33822	4	3	1
59733	0	0	0	0	41	35261	35261	41	3	38
59732	0	0	0	0	42	36358	36358	42	3	39
59153	0	0	0	0	621	55605	55605	621	3	618
59726	0	0	0	0	48	36966	36966	48	3	45
59118	0	0	0	0	656	57538	57538	656	3	653
59761	0	0	0	0	13	34693	34693	13	3	10
59118	0	0	0	0	656	56309	56309	656	3	653
59759	0	0	0	0	15	34936	34936	15	3	12
59740	0	0	0	0	34	34327	34327	34	3	31
59379	0	0	0	0	395	49619	49619	395	3	392
59521	0	0	0	0	253	44305	44305	253	3	250
59159	0	0	0	0	615	53751	53751	615	3	612
59160	0	0	0	0	614	55406	55406	614	3	611
59207	0	0	0	0	567	55471	55471	567	3	564
59492	0	0	0	0	282	43330	43330	282	3	279
59129	0	0	0	0	645	57293	57293	645	3	642
59199	0	0	0	0	575	55825	55825	575	3	572
58977	0	0	0	0	797	56834	56834	797	3	794
59262	0	0	0	0	512	57193	57193	512	3	509
59272	0	0	0	0	502	54187	54187	502	3	499
58978	0	0	0	0	796	57452	57452	796	3	793
59745	0	0	0	0	29	36071	36071	29	3	26
59118	0	0	0	0	656	56938	56938	656	3	653
59765	0	0	0	0	9	34100	34100	9	3	6
59438	0	0	0	0	336	51939	51939	336	3	333
59094	0	0	0	0	680	56955	56955	680	3	677
59765	0	0	0	0	9	32470	32470	9	3	6
59718	0	0	0	0	56	37304	37304	56	3	53
59732	0	0	0	0	42	36195	36195	42	3	39
59754	0	0	0	0	20	35778	35778	20	3	17
59189	0	0	0	0	585	57527	57527	585	3	582
59312	0	0	0	0	462	54839	54839	462	3	459
59114	0	0	0	0	660	56675	56675	660	3	657
59100	0	0	0	0	674	56235	56235	674	3	671
59754	0	0	0	0	20	35005	35005	20	3	17
59759	0	0	0	0	15	35672	35672	15	3	12
59607	0	0	0	0	167	44175	44175	167	3	164
59093	0	0	0	0	681	57182	57182	681	3	678
59745	0	0	0	0	29	35082	35082	29	3	26
59763	0	0	0	0	11	33031	33031	11	3	8
59746	0	0	0	0	28	34976	34976	28	3	25
59491	0	0	0	0	283	52327	52327	283	3	280
59329	0	0	0	0	445	53042	53042	445	3	442
59714	0	0	0	0	60	38061	38061	60	3	57
59157	0	0	0	0	617	56093	56093	617	3	614
59354	0	0	0	0	420	50060	50060	420	3	417
59274	0	0	0	0	500	55777	55777	500	3	497
59008	0	0	0	0	766	57514	57514	766	3	763
59329	0	0	0	0	445	53944	53944	445	3	442
59769	0	0	0	0	5	33440	33440	5	3	2
59391	0	0	0	0	383	49987	49987	383	3	380
59500	0	0	0	0	274	43823	43823	274	3	271
59455	0	0	0	0	319	47467	47467	319	3	316
59718	0	0	0	0	56	34571	34571	56	3	53
59124	0	0	0	0	650	56688	56688	650	3	647
59735	0	0	0	0	39	34461	34461	39	3	36
59124	0	0	0	0	650	57087	57087	650	3	647
59738	0	0	0	0	36	37716	37716	36	3	33
59743	0	0	0	0	31	35485	35485	31	3	28
59766	0	0	0	0	8	32520	32520	8	3	5
59280	0	0	0	0	494	54806	54806	494	3	491
59756	0	0	0	0	18	33947	33947	18	3	15
59761	0	0	0	0	13	32978	32978	13	3	10
59244	0	0	0	0	530	55860	55860	530	3	527
59706	0	0	0	0	68	34867	34867	68	3	65
59178	0	0	0	0	596	56819	56819	596	3	593
59742	0	0	0	0	32	34835	34835	32	3	29
59229	0	0	0	0	545	55953	55953	545	3	542
59167	0	0	0	0	607	56149	56149	607	3	604
59769	0	0	0	0	5	33347	33347	5	3	2
59731	0	0	0	0	43	36906	36906	43	3	40
58971	0	0	0	0	803	57224	57224	803	3	800
59768	0	0	0	0	6	34055	34055	6	3	3
59426	0	0	0	0	348	52933	52933	348	3	345
59735	0	0	0	0	39	35876	35876	39	3	36
59023	0	0	0	0	751	57142	57142	751	3	748
59747	0	0	0	0	27	37318	37318	27	3	24
59738	0	0	0	0	36	37783	37783	36	3	33
59753	0	0	0	0	21	36766	36766	21	3	18
59702	0	0	0	0	72	38944	38944	72	3	69
59739	0	0	0	0	35	34694	34694	35	3	32
59742	0	0	0	0	32	34729	34729	32	3	29
59268	0	0	0	0	506	53303	53303	506	3	503
59123	0	0	0	0	651	55226	55226	651	3	648
59101	0	0	0	0	673	56983	56983	673	3	670
59723	0	0	0	0	51	33114	33114	51	3	48
59755	0	0	0	0	19	33463	33463	19	3	16
59765	0	0	0	0	9	35082	35082	9	3	6
58964	0	0	0	0	810	56426	56426	810	3	807
59755	0	0	0	0	19	35750	35750	19	3	16
59322	0	0	0	0	452	56074	56074	452	3	449
59050	0	0	0	0	724	57270	57270	724	3	721
59741	0	0	0	0	33	37666	37666	33	3	30
59442	0	0	0	0	332	46319	46319	332	3	329
59762	0	0	0	0	12	35050	35050	12	3	9
59746	0	0	0	0	28	35791	35791	28	3	25
59192	0	0	0	0	582	56966	56966	582	3	579
59741	0	0	0	0	33	35753	35753	33	3	30
59399	0	0	0	0	375	49838	49838	375	3	372
59524	0	0	0	0	250	40222	40222	250	3	247
59769	0	0	0	0	5	34193	34193	5	3	2
59747	0	0	0	0	27	33549	33549	27	3	24
59739	0	0	0	0	35	35341	35341	35	3	32
59751	0	0	0	0	23	34054	34054	23	3	20
59006	0	0	0	0	768	56753	56753	768	3	765
59234	0	0	0	0	540	56054	56054	540	3	537
59149	0	0	0	0	625	55420	55420	625	3	622
59752	0	0	0	0	22	35853	35853	22	3	19
58977	0	0	0	0	797	56457	56457	797	3	794
59382	0	0	0	0	392	53022	53022	392	3	389
59752	0	0	0	0	22	34303	34303	22	3	19
59763	0	0	0	0	11	33342	33342	11	3	8
59765	0	0	0	0	9	33281	33281	9	3	6
59740	0	0	0	0	34	35674	35674	34	3	31
59712	0	0	0	0	62	39632	39632	62	3	59
59117	0	0	0	0	657	57219	57219	657	3	654
59758	0	0	0	0	16	34458	34458	16	3	13
59420	0	0	0	0	354	52300	52300	354	3	351
59186	0	0	0	0	588	53614	53614	588	3	585
59763	0	0	0	0	11	33308	33308	11	3	8
59154	0	0	0	0	620	57217	57217	620	3	617
59298	0	0	0	0	476	57222	57222	476	3	473
59756	0	0	0	0	18	33003	33003	18	3	15
59236	0	0	0	0	538	55936	55936	538	3	535
59060	0	0	0	0	714	56707	56707	714	3	711
59701	0	0	0	0	73	34812	34812	73	3	70
59146	0	0	0	0	628	57336	57336	628	3	625
59278	0	0	0	0	496	52786	52786	496	3	493
59720	0	0	0	0	54	37627	37627	54	3	51
59729	0	0	0	0	45	33605	33605	45	3	42
59705	0	0	0	0	69	36609	36609	69	3	66
59256	0	0	0	0	518	56717	56717	518	3	515
59425	0	0	0	0	349	54275	54275	349	3	346
59766	0	0	0	0	8	33236	33236	8	3	5
59734	0	0	0	0	40	36756	36756	40	3	37
59756	0	0	0	0	18	33174	33174	18	3	15
59766	0	0	0	0	8	34381	34381	8	3	5
59731	0	0	0	0	43	36729	36729	43	3	40
59753	0	0	0	0	21	34241	34241	21	3	18
59763	0	0	0	0	11	35505	35505	11	3	8
59721	0	0	0	0	53	36305	36305	53	3	50
59748	0	0	0	0	26	34631	34631	26	3	23
59171	0	0	0	0	603	56553	56553	603	3	600
59747	0	0	0	0	27	36562	36562	27	3	24
59735	0	0	0	0	39	35868	35868	39	3	36
59256	0	0	0	0	518	56702	56702	518	3	515
59710	0	0	0	0	64	36465	36465	64	3	61
59335	0	0	0	0	439	52443	52443	439	3	436
59752	0	0	0	0	22	33031	33031	22	3	19
59733	0	0	0	0	41	35043	35043	41	3	38
59089	0	0	0	0	685	57262	57262	685	3	682
59756	0	0	0	0	18	35189	35189	18	3	15
59765	0	0	0	0	9	33728	33728	9	3	6
59525	0	0	0	0	249	52605	52605	249	3	246
59750	0	0	0	0	24	34670	34670	24	3	21
59212	0	0	0	0	562	51008	51008	562	3	559
59216	0	0	0	0	558	56435	56435	558	3	555
58979	0	0	0	0	795	57378	57378	795	3	792
59752	0	0	0	0	22	36734	36734	22	3	19
59749	0	0	0	0	25	36743	36743	25	3	22
59288	0	0	0	0	486	54729	54729	486	3	483
59768	0	0	0	0	6	34965	34965	6	3	3
59767	0	0	0	0	7	32515	32515	7	3	4
59753	0	0	0	0	21	35136	35136	21	3	18
59751	0	0	0	0	23	37760	37760	23	3	20
59163	0	0	0	0	611	57476	57476	611	3	608
59594	0	0	0	0	180	43214	43214	180	3	177
59376	0	0	0	0	398	53921	53921	398	3	395
59764	0	0	0	0	10	33848	33848	10	3	7
59748	0	0	0	0	26	33185	33185	26	3	23
59751	0	0	0	0	23	35476	35476	23	3	20
59768	0	0	0	0	6	33563	33563	6	3	3
59761	0	0	0	0	13	33139	33139	13	3	10
59742	0	0	0	0	32	33806	33806	32	3	29
59269	0	0	0	0	505	54229	54229	505	3	502
59132	0	0	0	0	642	57116	57116	642	3	639
59212	0	0	0	0	562	54652	54652	562	3	559
59747	0	0	0	0	27	36014	36014	27	3	24
58984	0	0	0	0	790	57137	57137	790	3	787
59551	0	0	0	0	223	48869	48869	223	3	220
59755	0	0	0	0	19	35718	35718	19	3	16
59762	0	0	0	0	12	33170	33170	12	3	9
59553	0	0	0	0	221	43727	43727	221	3	218
59753	0	0	0	0	21	34580	34580	21	3	18
59229	0	0	0	0	545	57232	57232	545	3	542
59737	0	0	0	0	37	40087	40087	37	3	34
59398	0	0	0	0	376	43225	43225	376	3	373
59687	0	0	0	0	87	34642	34642	87	3	84
59761	0	0	0	0	13	33803	33803	13	3	10
59760	0	0	0	0	14	36654	36654	14	3	11
59202	0	0	0	0	572	55893	55893	572	3	569
59203	0	0	0	0	571	54722	54722	571	3	568
59104	0	0	0	0	670	57082	57082	670	3	667
59768	0	0	0	0	6	33233	33233	6	3	3
59549	0	0	0	0	225	42462	42462	225	3	222
59754	0	0	0	0	20	34524	34524	20	3	17
59738	0	0	0	0	36	36141	36141	36	3	33
59730	0	0	0	0	44	33829	33829	44	3	41
59198	0	0	0	0	576	57009	57009	576	3	573
59148	0	0	0	0	626	57301	57301	626	3	623
59171	0	0	0	0	603	53306	53306	603	3	600
59282	0	0	0	0	492	56692	56692	492	3	489
59269	0	0	0	0	505	56530	56530	505	3	502
59726	0	0	0	0	48	37116	37116	48	3	45
59227	0	0	0	0	547	53727	53727	547	3	544
59248	0	0	0	0	526	54265	54265	526	3	523
59734	0	0	0	0	40	37273	37273	40	3	37
59752	0	0	0	0	22	36009	36009	22	3	19
59764	0	0	0	0	10	32834	32834	10	3	7
59313	0	0	0	0	461	56864	56864	461	3	458
59446	0	0	0	0	328	52647	52647	328	3	325
59733	0	0	0	0	41	37255	37255	41	3	38
59360	0	0	0	0	414	53189	53189	414	3	411
59693	0	0	0	0	81	38976	38976	81	3	78
59769	0	0	0	0	5	33286	33286	5	3	2
59752	0	0	0	0	22	34265	34265	22	3	19
59754	0	0	0	0	20	37373	37373	20	3	17
59205	0	0	0	0	569	55664	55664	569	3	566
59752	0	0	0	0	22	34429	34429	22	3	19
59128	0	0	0	0	646	57753	57753	646	3	643
59720	0	0	0	0	54	36884	36884	54	3	51
59423	0	0	0	0	351	51522	51522	351	3	348
59135	0	0	0	0	639	57725	57725	639	3	636
59381	0	0	0	0	393	46440	46440	393	3	390
59746	0	0	0	0	28	37167	37167	28	3	25
59225	0	0	0	0	549	56539	56539	549	3	546
59205	0	0	0	0	569	56253	56253	569	3	566
59135	0	0	0	0	639	56976	56976	639	3	636
59728	0	0	0	0	46	34150	34150	46	3	43
59382	0	0	0	0	392	53001	53001	392	3	389
59160	0	0	0	0	614	53817	53817	614	3	611
59213	0	0	0	0	561	54193	54193	561	3	558
59104	0	0	0	0	670	56576	56576	670	3	667
59738	0	0	0	0	36	36851	36851	36	3	33
59731	0	0	0	0	43	34434	34434	43	3	40
59758	0	0	0	0	16	33890	33890	16	3	13
59745	0	0	0	0	29	37289	37289	29	3	26
59757	0	0	0	0	17	33641	33641	17	3	14
59759	0	0	0	0	15	35593	35593	15	3	12
59722	0	0	0	0	52	36423	36423	52	3	49
59489	0	0	0	0	285	50153	50153	285	3	282
59758	0	0	0	0	16	34882	34882	16	3	13
59744	0	0	0	0	30	35992	35992	30	3	27
59760	0	0	0	0	14	33599	33599	14	3	11
59751	0	0	0	0	23	33051	33051	23	3	20
59760	0	0	0	0	14	33752	33752	14	3	11
59708	0	0	0	0	66	34733	34733	66	3	63
59356	0	0	0	0	418	52416	52416	418	3	415
59758	0	0	0	0	16	34292	34292	16	3	13
59762	0	0	0	0	12	34385	34385	12	3	9
59742	0	0	0	0	32	34860	34860	32	3	29
59088	0	0	0	0	686	57712	57712	686	3	683
59064	0	0	0	0	710	55790	55790	710	3	707
59748	0	0	0	0	26	35148	35148	26	3	23
59738	0	0	0	0	36	36740	36740	36	3	33
59395	0	0	0	0	379	47785	47785	379	3	376
59745	0	0	0	0	29	33443	33443	29	3	26
59762	0	0	0	0	12	36498	36498	12	3	9
59753	0	0	0	0	21	33820	33820	21	3	18
59281	0	0	0	0	493	49656	49656	493	3	490
59437	0	0	0	0	337	51948	51948	337	3	334
59747	0	0	0	0	27	35792	35792	27	3	24
59764	0	0	0	0	10	34130	34130	10	3	7
59106	0	0	0	0	668	55602	55602	668	3	665
59758	0	0	0	0	16	33481	33481	16	3	13
59140	0	0	0	0	634	58436	58436	634	3	631
59765	0	0	0	0	9	32979	32979	9	3	6
59194	0	0	0	0	580	57445	57445	580	3	577
59747	0	0	0	0	27	36451	36451	27	3	24
59739	0	0	0	0	35	33631	33631	35	3	32
59040	0	0	0	0	734	57024	57024	734	3	731
59747	0	0	0	0	27	33219	33219	27	3	24
59230	0	0	0	0	544	52826	52826	544	3	541
59203	0	0	0	0	571	56736	56736	571	3	568
59555	0	0	0	0	219	47474	47474	219	3	216
59734	0	0	0	0	40	36575	36575	40	3	37
59073	0	0	0	0	701	56945	56945	701	3	698
59459	0	0	0	0	315	53709	53709	315	3	312
59128	0	0	0	0	646	53699	53699	646	3	643
59474	0	0	0	0	300	43825	43825	300	3	297
59337	0	0	0	0	437	54510	54510	437	3	434
59712	0	0	0	0	62	34531	34531	62	3	59
59767	0	0	0	0	7	35449	35449	7	3	4
59757	0	0	0	0	17	34224	34224	17	3	14
59163	0	0	0	0	611	53858	53858	611	3	608
59154	0	0	0	0	620	56709	56709	620	3	617
59006	0	0	0	0	768	57057	57057	768	3	765
59168	0	0	0	0	606	55267	55267	606	3	603
59739	0	0	0	0	35	36493	36493	35	3	32
59766	0	0	0	0	8	34545	34545	8	3	5
59215	0	0	0	0	559	56716	56716	559	3	556
59108	0	0	0	0	666	56924	56924	666	3	663
59108	0	0	0	0	666	56929	56929	666	3	663
59162	0	0	0	0	612	57086	57086	612	3	609
59738	0	0	0	0	36	33628	33628	36	3	33
59493	0	0	0	0	281	44236	44236	281	3	278
59757	0	0	0	0	17	36433	36433	17	3	14
59199	0	0	0	0	575	56798	56798	575	3	572
59210	0	0	0	0	564	56083	56083	564	3	561
59075	0	0	0	0	699	57334	57334	699	3	696
59744	0	0	0	0	30	37440	37440	30	3	27
59695	0	0	0	0	79	35397	35397	79	3	76
59750	0	0	0	0	24	34307	34307	24	3	21
59713	0	0	0	0	61	34983	34983	61	3	58
59282	0	0	0	0	492	54576	54576	492	3	489
59748	0	0	0	0	26	35124	35124	26	3	23
59359	0	0	0	0	415	56174	56174	415	3	412
58993	0	0	0	0	781	57356	57356	781	3	778
59066	0	0	0	0	708	56593	56593	708	3	705
59757	0	0	0	0	17	34308	34308	17	3	14
59750	0	0	0	0	24	37520	37520	24	3	21
59334	0	0	0	0	440	55708	55708	440	3	437
59126	0	0	0	0	648	56123	56123	648	3	645
59751	0	0	0	0	23	34667	34667	23	3	20
59752	0	0	0	0	22	35939	35939	22	3	19
59752	0	0	0	0	22	35668	35668	22	3	19
59736	0	0	0	0	38	33454	33454	38	3	35
59239	0	0	0	0	535	56559	56559	535	3	532
59758	0	0	0	0	16	35329	35329	16	3	13
