49709	0	0	0	0	10065	58788	0	10065	3	10062
49838	0	0	0	0	9936	59073	0	9936	3	9933
49071	0	0	0	0	10703	58705	0	10703	3	10700
49561	0	0	0	0	10213	58615	0	10213	3	10210
49228	0	0	0	0	10546	59052	0	10546	3	10543
49204	0	0	0	0	10570	58746	0	10570	3	10567
49189	0	0	0	0	10585	59029	0	10585	3	10582
49858	0	0	0	0	9916	59102	0	9916	3	9913
49961	0	0	0	0	9813	59364	0	9813	3	9810
50067	0	0	0	0	9707	59048	0	9707	3	9704
49351	0	0	0	0	10423	58655	0	10423	3	10420
49330	0	0	0	0	10444	59094	0	10444	3	10441
49691	0	0	0	0	10083	59072	0	10083	3	10080
49567	0	0	0	0	10207	59036	0	10207	3	10204
49834	0	0	0	0	9940	58890	0	9940	3	9937
49428	0	0	0	0	10346	59053	0	10346	3	10343
49763	0	0	0	0	10011	59036	0	10011	3	10008
49579	0	0	0	0	10195	59101	0	10195	3	10192
49499	0	0	0	0	10275	58858	0	10275	3	10272
49771	0	0	0	0	10003	59024	0	10003	3	10000
49759	0	0	0	0	10015	58928	0	10015	3	10012
49785	0	0	0	0	9989	59159	0	9989	3	9986
49280	0	0	0	0	10494	58972	0	10494	3	10491
49849	0	0	0	0	9925	58764	0	9925	3	9922
49255	0	0	0	0	10519	59072	0	10519	3	10516
49555	0	0	0	0	10219	58908	0	10219	3	10216
49678	0	0	0	0	10096	58939	0	10096	3	10093
49585	0	0	0	0	10189	59090	0	10189	3	10186
49507	0	0	0	0	10267	58208	0	10267	3	10264
49678	0	0	0	0	10096	59071	0	10096	3	10093
50096	0	0	0	0	9678	59103	0	9678	3	9675
49743	0	0	0	0	10031	58850	0	10031	3	10028
49756	0	0	0	0	10018	59115	0	10018	3	10015
49527	0	0	0	0	10247	59102	0	10247	3	10244
50255	0	0	0	0	9519	59056	0	9519	3	9516
49732	0	0	0	0	10042	59057	0	10042	3	10039
49605	0	0	0	0	10169	58754	0	10169	3	10166
49503	0	0	0	0	10271	59029	0	10271	3	10268
49163	0	0	0	0	10611	59133	0	10611	3	10608
49463	0	0	0	0	10311	58784	0	10311	3	10308
49569	0	0	0	0	10205	59191	0	10205	3	10202
50165	0	0	0	0	9609	58942	0	9609	3	9606
49743	0	0	0	0	10031	59086	0	10031	3	10028
49818	0	0	0	0	9956	59119	0	9956	3	9953
49766	0	0	0	0	10008	58816	0	10008	3	10005
49715	0	0	0	0	10059	58877	0	10059	3	10056
50105	0	0	0	0	9669	59078	0	9669	3	9666
49493	0	0	0	0	10281	58814	0	10281	3	10278
49201	0	0	0	0	10573	58820	0	10573	3	10570
49412	0	0	0	0	10362	59006	0	10362	3	10359
49394	0	0	0	0	10380	59047	0	10380	3	10377
50147	0	0	0	0	9627	58972	0	9627	3	9624
49342	0	0	0	0	10432	58942	0	10432	3	10429
48997	0	0	0	0	10777	58883	0	10777	3	10774
50013	0	0	0	0	9761	58604	0	9761	3	9758
49666	0	0	0	0	10108	59059	0	10108	3	10105
49343	0	0	0	0	10431	58989	0	10431	3	10428
49531	0	0	0	0	10243	59037	0	10243	3	10240
49286	0	0	0	0	10488	59101	0	10488	3	10485
49407	0	0	0	0	10367	58706	0	10367	3	10364
49379	0	0	0	0	10395	58926	0	10395	3	10392
49795	0	0	0	0	9979	59041	0	9979	3	9976
49820	0	0	0	0	9954	59120	0	9954	3	9951
49365	0	0	0	0	10409	59064	0	10409	3	10406
49552	0	0	0	0	10222	58907	0	10222	3	10219
49712	0	0	0	0	10062	58631	0	10062	3	10059
50500	0	0	0	0	9274	59081	0	9274	3	9271
49902	0	0	0	0	9872	58875	0	9872	3	9869
49441	0	0	0	0	10333	59000	0	10333	3	10330
49444	0	0	0	0	10330	58888	0	10330	3	10327
49992	0	0	0	0	9782	59117	0	9782	3	9779
49551	0	0	0	0	10223	59057	0	10223	3	10220
49907	0	0	0	0	9867	59044	0	9867	3	9864
49610	0	0	0	0	10164	59071	0	10164	3	10161
49737	0	0	0	0	10037	59050	0	10037	3	10034
49544	0	0	0	0	10230	58844	0	10230	3	10227
49395	0	0	0	0	10379	59101	0	10379	3	10376
49041	0	0	0	0	10733	59091	0	10733	3	10730
50117	0	0	0	0	9657	58968	0	9657	3	9654
50472	0	0	0	0	9302	59051	0	9302	3	9299
49769	0	0	0	0	10005	59121	0	10005	3	10002
49857	0	0	0	0	9917	59074	0	9917	3	9914
49273	0	0	0	0	10501	58809	0	10501	3	10498
49630	0	0	0	0	10144	59030	0	10144	3	10141
48828	0	0	0	0	10946	59076	0	10946	3	10943
49133	0	0	0	0	10641	59012	0	10641	3	10638
49656	0	0	0	0	10118	58841	0	10118	3	10115
49898	0	0	0	0	9876	58748	0	9876	3	9873
49937	0	0	0	0	9837	58964	0	9837	3	9834
49451	0	0	0	0	10323	59033	0	10323	3	10320
49465	0	0	0	0	10309	58999	0	10309	3	10306
49404	0	0	0	0	10370	59059	0	10370	3	10367
49644	0	0	0	0	10130	59076	0	10130	3	10127
49481	0	0	0	0	10293	59085	0	10293	3	10290
49179	0	0	0	0	10595	59100	0	10595	3	10592
49329	0	0	0	0	10445	58708	0	10445	3	10442
49702	0	0	0	0	10072	59026	0	10072	3	10069
49436	0	0	0	0	10338	59187	0	10338	3	10335
49618	0	0	0	0	10156	58925	0	10156	3	10153
49287	0	0	0	0	10487	58851	0	10487	3	10484
49609	0	0	0	0	10165	58910	0	10165	3	10162
49530	0	0	0	0	10244	59116	0	10244	3	10241
49837	0	0	0	0	9937	59044	0	9937	3	9934
48883	0	0	0	0	10891	58838	0	10891	3	10888
49698	0	0	0	0	10076	58947	0	10076	3	10073
49787	0	0	0	0	9987	59080	0	9987	3	9984
49856	0	0	0	0	9918	58944	0	9918	3	9915
49575	0	0	0	0	10199	58784	0	10199	3	10196
49073	0	0	0	0	10701	58803	0	10701	3	10698
49992	0	0	0	0	9782	59042	0	9782	3	9779
49643	0	0	0	0	10131	59090	0	10131	3	10128
49906	0	0	0	0	9868	58818	0	9868	3	9865
49096	0	0	0	0	10678	59031	0	10678	3	10675
49894	0	0	0	0	9880	58769	0	9880	3	9877
49434	0	0	0	0	10340	58789	0	10340	3	10337
49750	0	0	0	0	10024	58886	0	10024	3	10021
49414	0	0	0	0	10360	59087	0	10360	3	10357
49531	0	0	0	0	10243	59030	0	10243	3	10240
49690	0	0	0	0	10084	59078	0	10084	3	10081
49078	0	0	0	0	10696	59096	0	10696	3	10693
49831	0	0	0	0	9943	58658	0	9943	3	9940
49515	0	0	0	0	10259	59028	0	10259	3	10256
49347	0	0	0	0	10427	59076	0	10427	3	10424
49623	0	0	0	0	10151	59120	0	10151	3	10148
49386	0	0	0	0	10388	59010	0	10388	3	10385
49440	0	0	0	0	10334	58522	0	10334	3	10331
49874	0	0	0	0	9900	59181	0	9900	3	9897
49322	0	0	0	0	10452	59051	0	10452	3	10449
49363	0	0	0	0	10411	58791	0	10411	3	10408
49392	0	0	0	0	10382	58864	0	10382	3	10379
49270	0	0	0	0	10504	58827	0	10504	3	10501
49365	0	0	0	0	10409	59041	0	10409	3	10406
49158	0	0	0	0	10616	59035	0	10616	3	10613
49064	0	0	0	0	10710	59050	0	10710	3	10707
49616	0	0	0	0	10158	59114	0	10158	3	10155
49362	0	0	0	0	10412	58996	0	10412	3	10409
49699	0	0	0	0	10075	58928	0	10075	3	10072
50114	0	0	0	0	9660	58866	0	9660	3	9657
49424	0	0	0	0	10350	59012	0	10350	3	10347
49553	0	0	0	0	10221	58606	0	10221	3	10218
49358	0	0	0	0	10416	58785	0	10416	3	10413
49598	0	0	0	0	10176	58996	0	10176	3	10173
49713	0	0	0	0	10061	59046	0	10061	3	10058
49769	0	0	0	0	10005	58828	0	10005	3	10002
49790	0	0	0	0	9984	58837	0	9984	3	9981
49993	0	0	0	0	9781	59069	0	9781	3	9778
48973	0	0	0	0	10801	58841	0	10801	3	10798
50118	0	0	0	0	9656	59090	0	9656	3	9653
49750	0	0	0	0	10024	58900	0	10024	3	10021
48956	0	0	0	0	10818	59062	0	10818	3	10815
49220	0	0	0	0	10554	58951	0	10554	3	10551
49647	0	0	0	0	10127	59067	0	10127	3	10124
49245	0	0	0	0	10529	59108	0	10529	3	10526
49847	0	0	0	0	9927	58864	0	9927	3	9924
49229	0	0	0	0	10545	59030	0	10545	3	10542
49623	0	0	0	0	10151	59039	0	10151	3	10148
49719	0	0	0	0	10055	59028	0	10055	3	10052
49160	0	0	0	0	10614	59080	0	10614	3	10611
49554	0	0	0	0	10220	59135	0	10220	3	10217
49093	0	0	0	0	10681	58909	0	10681	3	10678
49631	0	0	0	0	10143	58890	0	10143	3	10140
49616	0	0	0	0	10158	59094	0	10158	3	10155
49579	0	0	0	0	10195	59025	0	10195	3	10192
49952	0	0	0	0	9822	58720	0	9822	3	9819
49115	0	0	0	0	10659	58976	0	10659	3	10656
49927	0	0	0	0	9847	58968	0	9847	3	9844
49278	0	0	0	0	10496	59051	0	10496	3	10493
49665	0	0	0	0	10109	59051	0	10109	3	10106
49493	0	0	0	0	10281	59010	0	10281	3	10278
49452	0	0	0	0	10322	59032	0	10322	3	10319
49509	0	0	0	0	10265	58866	0	10265	3	10262
50138	0	0	0	0	9636	59100	0	9636	3	9633
49668	0	0	0	0	10106	58848	0	10106	3	10103
49273	0	0	0	0	10501	58982	0	10501	3	10498
49596	0	0	0	0	10178	58791	0	10178	3	10175
49999	0	0	0	0	9775	58693	0	9775	3	9772
49647	0	0	0	0	10127	59161	0	10127	3	10124
49556	0	0	0	0	10218	59051	0	10218	3	10215
49704	0	0	0	0	10070	59110	0	10070	3	10067
49706	0	0	0	0	10068	58903	0	10068	3	10065
49229	0	0	0	0	10545	59099	0	10545	3	10542
50362	0	0	0	0	9412	58792	0	9412	3	9409
49745	0	0	0	0	10029	59009	0	10029	3	10026
49445	0	0	0	0	10329	58906	0	10329	3	10326
49744	0	0	0	0	10030	58978	0	10030	3	10027
49529	0	0	0	0	10245	59091	0	10245	3	10242
49601	0	0	0	0	10173	58967	0	10173	3	10170
49587	0	0	0	0	10187	58780	0	10187	3	10184
49047	0	0	0	0	10727	59087	0	10727	3	10724
49850	0	0	0	0	9924	58987	0	9924	3	9921
49290	0	0	0	0	10484	58998	0	10484	3	10481
49320	0	0	0	0	10454	58675	0	10454	3	10451
49779	0	0	0	0	9995	58714	0	9995	3	9992
49577	0	0	0	0	10197	59033	0	10197	3	10194
49675	0	0	0	0	10099	58828	0	10099	3	10096
49694	0	0	0	0	10080	59025	0	10080	3	10077
48813	0	0	0	0	10961	59163	0	10961	3	10958
49393	0	0	0	0	10381	59071	0	10381	3	10378
49190	0	0	0	0	10584	59101	0	10584	3	10581
49720	0	0	0	0	10054	59168	0	10054	3	10051
50019	0	0	0	0	9755	59059	0	9755	3	9752
50174	0	0	0	0	9600	58714	0	9600	3	9597
50166	0	0	0	0	9608	58932	0	9608	3	9605
49995	0	0	0	0	9779	58807	0	9779	3	9776
49406	0	0	0	0	10368	59371	0	10368	3	10365
49735	0	0	0	0	10039	58926	0	10039	3	10036
49615	0	0	0	0	10159	59022	0	10159	3	10156
50071	0	0	0	0	9703	59132	0	9703	3	9700
50041	0	0	0	0	9733	59073	0	9733	3	9730
49884	0	0	0	0	9890	59119	0	9890	3	9887
49988	0	0	0	0	9786	59076	0	9786	3	9783
50039	0	0	0	0	9735	59069	0	9735	3	9732
49556	0	0	0	0	10218	59067	0	10218	3	10215
49871	0	0	0	0	9903	58921	0	9903	3	9900
50204	0	0	0	0	9570	59156	0	9570	3	9567
49063	0	0	0	0	10711	59042	0	10711	3	10708
49785	0	0	0	0	9989	59016	0	9989	3	9986
49009	0	0	0	0	10765	59068	0	10765	3	10762
49591	0	0	0	0	10183	58918	0	10183	3	10180
50115	0	0	0	0	9659	59106	0	9659	3	9656
49557	0	0	0	0	10217	58822	0	10217	3	10214
49531	0	0	0	0	10243	58972	0	10243	3	10240
49273	0	0	0	0	10501	59096	0	10501	3	10498
49531	0	0	0	0	10243	58868	0	10243	3	10240
49952	0	0	0	0	9822	59069	0	9822	3	9819
49319	0	0	0	0	10455	59058	0	10455	3	10452
49284	0	0	0	0	10490	59037	0	10490	3	10487
49806	0	0	0	0	9968	59044	0	9968	3	9965
49519	0	0	0	0	10255	58953	0	10255	3	10252
49605	0	0	0	0	10169	59061	0	10169	3	10166
49943	0	0	0	0	9831	59018	0	9831	3	9828
49423	0	0	0	0	10351	59052	0	10351	3	10348
49187	0	0	0	0	10587	59031	0	10587	3	10584
49602	0	0	0	0	10172	59037	0	10172	3	10169
49875	0	0	0	0	9899	58784	0	9899	3	9896
49574	0	0	0	0	10200	58810	0	10200	3	10197
49112	0	0	0	0	10662	59105	0	10662	3	10659
49255	0	0	0	0	10519	58808	0	10519	3	10516
49697	0	0	0	0	10077	58954	0	10077	3	10074
49659	0	0	0	0	10115	59120	0	10115	3	10112
49792	0	0	0	0	9982	59198	0	9982	3	9979
49921	0	0	0	0	9853	58770	0	9853	3	9850
49773	0	0	0	0	10001	59075	0	10001	3	9998
49617	0	0	0	0	10157	59134	0	10157	3	10154
49317	0	0	0	0	10457	58946	0	10457	3	10454
50253	0	0	0	0	9521	58937	0	9521	3	9518
49329	0	0	0	0	10445	58735	0	10445	3	10442
49771	0	0	0	0	10003	59061	0	10003	3	10000
49157	0	0	0	0	10617	58788	0	10617	3	10614
49577	0	0	0	0	10197	59111	0	10197	3	10194
49349	0	0	0	0	10425	58940	0	10425	3	10422
49639	0	0	0	0	10135	58967	0	10135	3	10132
50239	0	0	0	0	9535	58685	0	9535	3	9532
49397	0	0	0	0	10377	58744	0	10377	3	10374
49818	0	0	0	0	9956	58855	0	9956	3	9953
49523	0	0	0	0	10251	58803	0	10251	3	10248
49601	0	0	0	0	10173	58704	0	10173	3	10170
49778	0	0	0	0	9996	59054	0	9996	3	9993
49340	0	0	0	0	10434	58920	0	10434	3	10431
49698	0	0	0	0	10076	59162	0	10076	3	10073
49694	0	0	0	0	10080	58957	0	10080	3	10077
50305	0	0	0	0	9469	58805	0	9469	3	9466
49864	0	0	0	0	9910	59013	0	9910	3	9907
50103	0	0	0	0	9671	58854	0	9671	3	9668
49484	0	0	0	0	10290	59102	0	10290	3	10287
49584	0	0	0	0	10190	58895	0	10190	3	10187
49541	0	0	0	0	10233	58957	0	10233	3	10230
49649	0	0	0	0	10125	59087	0	10125	3	10122
49846	0	0	0	0	9928	59178	0	9928	3	9925
49513	0	0	0	0	10261	59081	0	10261	3	10258
49482	0	0	0	0	10292	59057	0	10292	3	10289
49888	0	0	0	0	9886	59066	0	9886	3	9883
49153	0	0	0	0	10621	58943	0	10621	3	10618
49677	0	0	0	0	10097	59014	0	10097	3	10094
49978	0	0	0	0	9796	58966	0	9796	3	9793
49607	0	0	0	0	10167	59082	0	10167	3	10164
49817	0	0	0	0	9957	58756	0	9957	3	9954
50003	0	0	0	0	9771	58983	0	9771	3	9768
49796	0	0	0	0	9978	58927	0	9978	3	9975
49487	0	0	0	0	10287	58968	0	10287	3	10284
50022	0	0	0	0	9752	59104	0	9752	3	9749
48980	0	0	0	0	10794	59110	0	10794	3	10791
49574	0	0	0	0	10200	59011	0	10200	3	10197
49880	0	0	0	0	9894	59076	0	9894	3	9891
49306	0	0	0	0	10468	58926	0	10468	3	10465
49002	0	0	0	0	10772	58994	0	10772	3	10769
49698	0	0	0	0	10076	58852	0	10076	3	10073
49807	0	0	0	0	9967	58973	0	9967	3	9964
49496	0	0	0	0	10278	59099	0	10278	3	10275
49895	0	0	0	0	9879	59048	0	9879	3	9876
49577	0	0	0	0	10197	59081	0	10197	3	10194
49431	0	0	0	0	10343	59018	0	10343	3	10340
49905	0	0	0	0	9869	59003	0	9869	3	9866
50108	0	0	0	0	9666	58996	0	9666	3	9663
50065	0	0	0	0	9709	58939	0	9709	3	9706
49712	0	0	0	0	10062	58661	0	10062	3	10059
49629	0	0	0	0	10145	58958	0	10145	3	10142
48878	0	0	0	0	10896	59160	0	10896	3	10893
49657	0	0	0	0	10117	58949	0	10117	3	10114
49219	0	0	0	0	10555	58900	0	10555	3	10552
49892	0	0	0	0	9882	58965	0	9882	3	9879
49908	0	0	0	0	9866	59059	0	9866	3	9863
49674	0	0	0	0	10100	58936	0	10100	3	10097
49783	0	0	0	0	9991	58727	0	9991	3	9988
49405	0	0	0	0	10369	59048	0	10369	3	10366
49082	0	0	0	0	10692	59121	0	10692	3	10689
50030	0	0	0	0	9744	59400	0	9744	3	9741
49514	0	0	0	0	10260	59061	0	10260	3	10257
49849	0	0	0	0	9925	59086	0	9925	3	9922
49443	0	0	0	0	10331	58970	0	10331	3	10328
49685	0	0	0	0	10089	58724	0	10089	3	10086
49715	0	0	0	0	10059	58649	0	10059	3	10056
49743	0	0	0	0	10031	59045	0	10031	3	10028
49372	0	0	0	0	10402	59058	0	10402	3	10399
49451	0	0	0	0	10323	59115	0	10323	3	10320
49625	0	0	0	0	10149	58742	0	10149	3	10146
49860	0	0	0	0	9914	59060	0	9914	3	9911
49257	0	0	0	0	10517	58978	0	10517	3	10514
50169	0	0	0	0	9605	59043	0	9605	3	9602
49948	0	0	0	0	9826	59051	0	9826	3	9823
49460	0	0	0	0	10314	59119	0	10314	3	10311
49217	0	0	0	0	10557	59407	0	10557	3	10554
49628	0	0	0	0	10146	58771	0	10146	3	10143
49803	0	0	0	0	9971	58818	0	9971	3	9968
49406	0	0	0	0	10368	59127	0	10368	3	10365
49555	0	0	0	0	10219	58998	0	10219	3	10216
49143	0	0	0	0	10631	59070	0	10631	3	10628
49314	0	0	0	0	10460	58691	0	10460	3	10457
48918	0	0	0	0	10856	59080	0	10856	3	10853
49611	0	0	0	0	10163	58801	0	10163	3	10160
49341	0	0	0	0	10433	59053	0	10433	3	10430
49989	0	0	0	0	9785	58857	0	9785	3	9782
49574	0	0	0	0	10200	59084	0	10200	3	10197
50042	0	0	0	0	9732	58982	0	9732	3	9729
50047	0	0	0	0	9727	59050	0	9727	3	9724
49803	0	0	0	0	9971	58781	0	9971	3	9968
49733	0	0	0	0	10041	59061	0	10041	3	10038
49692	0	0	0	0	10082	59116	0	10082	3	10079
49624	0	0	0	0	10150	58642	0	10150	3	10147
49456	0	0	0	0	10318	58704	0	10318	3	10315
49519	0	0	0	0	10255	58845	0	10255	3	10252
49414	0	0	0	0	10360	59095	0	10360	3	10357
49723	0	0	0	0	10051	59088	0	10051	3	10048
49479	0	0	0	0	10295	58628	0	10295	3	10292
49177	0	0	0	0	10597	58978	0	10597	3	10594
50488	0	0	0	0	9286	58758	0	9286	3	9283
49604	0	0	0	0	10170	59143	0	10170	3	10167
49698	0	0	0	0	10076	59068	0	10076	3	10073
49420	0	0	0	0	10354	59035	0	10354	3	10351
50269	0	0	0	0	9505	59408	0	9505	3	9502
49077	0	0	0	0	10697	59049	0	10697	3	10694
49549	0	0	0	0	10225	59134	0	10225	3	10222
49772	0	0	0	0	10002	59087	0	10002	3	9999
49871	0	0	0	0	9903	59060	0	9903	3	9900
50166	0	0	0	0	9608	59026	0	9608	3	9605
49561	0	0	0	0	10213	59045	0	10213	3	10210
49576	0	0	0	0	10198	58819	0	10198	3	10195
49185	0	0	0	0	10589	59091	0	10589	3	10586
49869	0	0	0	0	9905	59031	0	9905	3	9902
49885	0	0	0	0	9889	58987	0	9889	3	9886
49754	0	0	0	0	10020	59165	0	10020	3	10017
49717	0	0	0	0	10057	59065	0	10057	3	10054
49692	0	0	0	0	10082	58852	0	10082	3	10079
50024	0	0	0	0	9750	58629	0	9750	3	9747
49863	0	0	0	0	9911	58982	0	9911	3	9908
49463	0	0	0	0	10311	58978	0	10311	3	10308
49944	0	0	0	0	9830	59142	0	9830	3	9827
49884	0	0	0	0	9890	58968	0	9890	3	9887
49982	0	0	0	0	9792	59116	0	9792	3	9789
49761	0	0	0	0	10013	59060	0	10013	3	10010
49194	0	0	0	0	10580	59085	0	10580	3	10577
49208	0	0	0	0	10566	58824	0	10566	3	10563
49834	0	0	0	0	9940	59119	0	9940	3	9937
50262	0	0	0	0	9512	59041	0	9512	3	9509
49455	0	0	0	0	10319	59039	0	10319	3	10316
49739	0	0	0	0	10035	58926	0	10035	3	10032
49492	0	0	0	0	10282	58657	0	10282	3	10279
49730	0	0	0	0	10044	58731	0	10044	3	10041
49430	0	0	0	0	10344	59062	0	10344	3	10341
49782	0	0	0	0	9992	59025	0	9992	3	9989
49560	0	0	0	0	10214	59030	0	10214	3	10211
49996	0	0	0	0	9778	58884	0	9778	3	9775
49758	0	0	0	0	10016	59128	0	10016	3	10013
49636	0	0	0	0	10138	58974	0	10138	3	10135
49566	0	0	0	0	10208	59155	0	10208	3	10205
48638	0	0	0	0	11136	59122	0	11136	3	11133
49640	0	0	0	0	10134	58804	0	10134	3	10131
49392	0	0	0	0	10382	58940	0	10382	3	10379
49380	0	0	0	0	10394	59192	0	10394	3	10391
49542	0	0	0	0	10232	58947	0	10232	3	10229
49165	0	0	0	0	10609	59023	0	10609	3	10606
50385	0	0	0	0	9389	58764	0	9389	3	9386
49758	0	0	0	0	10016	59057	0	10016	3	10013
49329	0	0	0	0	10445	58782	0	10445	3	10442
49812	0	0	0	0	9962	58891	0	9962	3	9959
49861	0	0	0	0	9913	59130	0	9913	3	9910
49732	0	0	0	0	10042	59115	0	10042	3	10039
49853	0	0	0	0	9921	59206	0	9921	3	9918
50002	0	0	0	0	9772	58786	0	9772	3	9769
50139	0	0	0	0	9635	59052	0	9635	3	9632
49713	0	0	0	0	10061	58826	0	10061	3	10058
49484	0	0	0	0	10290	59000	0	10290	3	10287
49783	0	0	0	0	9991	59072	0	9991	3	9988
49903	0	0	0	0	9871	58690	0	9871	3	9868
49959	0	0	0	0	9815	59068	0	9815	3	9812
49550	0	0	0	0	10224	59057	0	10224	3	10221
49374	0	0	0	0	10400	59093	0	10400	3	10397
49221	0	0	0	0	10553	59029	0	10553	3	10550
49047	0	0	0	0	10727	59084	0	10727	3	10724
49171	0	0	0	0	10603	59090	0	10603	3	10600
49497	0	0	0	0	10277	58914	0	10277	3	10274
49560	0	0	0	0	10214	59120	0	10214	3	10211
49717	0	0	0	0	10057	58762	0	10057	3	10054
49715	0	0	0	0	10059	59083	0	10059	3	10056
49439	0	0	0	0	10335	59066	0	10335	3	10332
49425	0	0	0	0	10349	59093	0	10349	3	10346
49488	0	0	0	0	10286	59051	0	10286	3	10283
49617	0	0	0	0	10157	59075	0	10157	3	10154
49468	0	0	0	0	10306	59103	0	10306	3	10303
49489	0	0	0	0	10285	58717	0	10285	3	10282
49787	0	0	0	0	9987	59145	0	9987	3	9984
49372	0	0	0	0	10402	58940	0	10402	3	10399
49203	0	0	0	0	10571	59093	0	10571	3	10568
49801	0	0	0	0	9973	58762	0	9973	3	9970
49384	0	0	0	0	10390	58853	0	10390	3	10387
49786	0	0	0	0	9988	59019	0	9988	3	9985
50013	0	0	0	0	9761	58996	0	9761	3	9758
49246	0	0	0	0	10528	59097	0	10528	3	10525
49673	0	0	0	0	10101	58884	0	10101	3	10098
49614	0	0	0	0	10160	58684	0	10160	3	10157
49611	0	0	0	0	10163	59348	0	10163	3	10160
49775	0	0	0	0	9999	58635	0	9999	3	9996
49711	0	0	0	0	10063	58838	0	10063	3	10060
49961	0	0	0	0	9813	59109	0	9813	3	9810
49705	0	0	0	0	10069	58854	0	10069	3	10066
50017	0	0	0	0	9757	59055	0	9757	3	9754
49507	0	0	0	0	10267	59070	0	10267	3	10264
49439	0	0	0	0	10335	59038	0	10335	3	10332
49574	0	0	0	0	10200	59007	0	10200	3	10197
49448	0	0	0	0	10326	58793	0	10326	3	10323
49496	0	0	0	0	10278	58809	0	10278	3	10275
49145	0	0	0	0	10629	58897	0	10629	3	10626
50023	0	0	0	0	9751	58750	0	9751	3	9748
49283	0	0	0	0	10491	58929	0	10491	3	10488
50573	0	0	0	0	9201	58891	0	9201	3	9198
49462	0	0	0	0	10312	59026	0	10312	3	10309
50008	0	0	0	0	9766	59136	0	9766	3	9763
50134	0	0	0	0	9640	59142	0	9640	3	9637
49128	0	0	0	0	10646	59012	0	10646	3	10643
49249	0	0	0	0	10525	58772	0	10525	3	10522
49755	0	0	0	0	10019	58997	0	10019	3	10016
49863	0	0	0	0	9911	58818	0	9911	3	9908
49878	0	0	0	0	9896	58965	0	9896	3	9893
49873	0	0	0	0	9901	58737	0	9901	3	9898
49478	0	0	0	0	10296	59147	0	10296	3	10293
49339	0	0	0	0	10435	59212	0	10435	3	10432
49837	0	0	0	0	9937	58817	0	9937	3	9934
49594	0	0	0	0	10180	59165	0	10180	3	10177
49139	0	0	0	0	10635	59005	0	10635	3	10632
49536	0	0	0	0	10238	59126	0	10238	3	10235
49532	0	0	0	0	10242	59122	0	10242	3	10239
49844	0	0	0	0	9930	58923	0	9930	3	9927
49540	0	0	0	0	10234	59085	0	10234	3	10231
49728	0	0	0	0	10046	59070	0	10046	3	10043
50024	0	0	0	0	9750	59008	0	9750	3	9747
49395	0	0	0	0	10379	59031	0	10379	3	10376
49981	0	0	0	0	9793	58973	0	9793	3	9790
49640	0	0	0	0	10134	58999	0	10134	3	10131
49998	0	0	0	0	9776	59137	0	9776	3	9773
49573	0	0	0	0	10201	59078	0	10201	3	10198
49832	0	0	0	0	9942	58742	0	9942	3	9939
49910	0	0	0	0	9864	58955	0	9864	3	9861
49164	0	0	0	0	10610	59139	0	10610	3	10607
49597	0	0	0	0	10177	58998	0	10177	3	10174
49531	0	0	0	0	10243	59057	0	10243	3	10240
49633	0	0	0	0	10141	58783	0	10141	3	10138
49908	0	0	0	0	9866	59059	0	9866	3	9863
49695	0	0	0	0	10079	58778	0	10079	3	10076
50002	0	0	0	0	9772	58862	0	9772	3	9769
49139	0	0	0	0	10635	59103	0	10635	3	10632
49030	0	0	0	0	10744	59048	0	10744	3	10741
49814	0	0	0	0	9960	59080	0	9960	3	9957
49800	0	0	0	0	9974	58916	0	9974	3	9971
50202	0	0	0	0	9572	59136	0	9572	3	9569
49551	0	0	0	0	10223	59005	0	10223	3	10220
49350	0	0	0	0	10424	58669	0	10424	3	10421
49969	0	0	0	0	9805	58877	0	9805	3	9802
49836	0	0	0	0	9938	59034	0	9938	3	9935
49429	0	0	0	0	10345	58932	0	10345	3	10342
49339	0	0	0	0	10435	59064	0	10435	3	10432
49369	0	0	0	0	10405	58960	0	10405	3	10402
49340	0	0	0	0	10434	59032	0	10434	3	10431
49813	0	0	0	0	9961	58975	0	9961	3	9958
49269	0	0	0	0	10505	59078	0	10505	3	10502
49296	0	0	0	0	10478	59128	0	10478	3	10475
49016	0	0	0	0	10758	59062	0	10758	3	10755
49763	0	0	0	0	10011	59053	0	10011	3	10008
50283	0	0	0	0	9491	59059	0	9491	3	9488
50060	0	0	0	0	9714	58849	0	9714	3	9711
49457	0	0	0	0	10317	58776	0	10317	3	10314
