50559	0	0	0	0	9215	57175	0	9215	1868	7347
50495	0	0	0	0	9279	57187	0	9279	1942	7337
50240	0	0	0	0	9534	57159	0	9534	1903	7631
51237	0	0	0	0	8537	57136	0	8537	1867	6670
51122	0	0	0	0	8652	57133	0	8652	1790	6862
50725	0	0	0	0	9049	57273	0	9049	1878	7171
50704	0	0	0	0	9070	57265	0	9070	1882	7188
50560	0	0	0	0	9214	57245	0	9214	1913	7301
50424	0	0	0	0	9350	57314	0	9350	1844	7506
50419	0	0	0	0	9355	57383	0	9355	1787	7568
50084	0	0	0	0	9690	57109	0	9690	1891	7799
50498	0	0	0	0	9276	57126	0	9276	1896	7380
50581	0	0	0	0	9193	57248	0	9193	1941	7252
50589	0	0	0	0	9185	57226	0	9185	1830	7355
50652	0	0	0	0	9122	57350	0	9122	1812	7310
50511	0	0	0	0	9263	57135	0	9263	1814	7449
50556	0	0	0	0	9218	57128	0	9218	1793	7425
50633	0	0	0	0	9141	57179	0	9141	1804	7337
50761	0	0	0	0	9013	57245	0	9013	1863	7150
51290	0	0	0	0	8484	57285	0	8484	1848	6636
50346	0	0	0	0	9428	57129	0	9428	1914	7514
50749	0	0	0	0	9025	57491	0	9025	1760	7265
51419	0	0	0	0	8355	57164	0	8355	1860	6495
50700	0	0	0	0	9074	57278	0	9074	1858	7216
51074	0	0	0	0	8700	57285	0	8700	1904	6796
50031	0	0	0	0	9743	57112	0	9743	1859	7884
51457	0	0	0	0	8317	57288	0	8317	1796	6521
50401	0	0	0	0	9373	57393	0	9373	1788	7585
50747	0	0	0	0	9027	57119	0	9027	1870	7157
50364	0	0	0	0	9410	57169	0	9410	1769	7641
50471	0	0	0	0	9303	57193	0	9303	1877	7426
50985	0	0	0	0	8789	57367	0	8789	1783	7006
50828	0	0	0	0	8946	57337	0	8946	1907	7039
51145	0	0	0	0	8629	57435	0	8629	1784	6845
51358	0	0	0	0	8416	57330	0	8416	1833	6583
50709	0	0	0	0	9065	57036	0	9065	1839	7226
51266	0	0	0	0	8508	57140	0	8508	1852	6656
51023	0	0	0	0	8751	57103	0	8751	1829	6922
50064	0	0	0	0	9710	57284	0	9710	1848	7862
50619	0	0	0	0	9155	57254	0	9155	1850	7305
51151	0	0	0	0	8623	57068	0	8623	1878	6745
50162	0	0	0	0	9612	57166	0	9612	1850	7762
50836	0	0	0	0	8938	57356	0	8938	1906	7032
50953	0	0	0	0	8821	57273	0	8821	1774	7047
50530	0	0	0	0	9244	57183	0	9244	1945	7299
51011	0	0	0	0	8763	57233	0	8763	1887	6876
50338	0	0	0	0	9436	57141	0	9436	1920	7516
51012	0	0	0	0	8762	57339	0	8762	1821	6941
50456	0	0	0	0	9318	57268	0	9318	1895	7423
50463	0	0	0	0	9311	57352	0	9311	1816	7495
50962	0	0	0	0	8812	57371	0	8812	1809	7003
50608	0	0	0	0	9166	57100	0	9166	1781	7385
51072	0	0	0	0	8702	57235	0	8702	1856	6846
50520	0	0	0	0	9254	57385	0	9254	1829	7425
50856	0	0	0	0	8918	57420	0	8918	1847	7071
50468	0	0	0	0	9306	57109	0	9306	1846	7460
50687	0	0	0	0	9087	57295	0	9087	1833	7254
50540	0	0	0	0	9234	57103	0	9234	1863	7371
50954	0	0	0	0	8820	57118	0	8820	1856	6964
50948	0	0	0	0	8826	57326	0	8826	1769	7057
50454	0	0	0	0	9320	57208	0	9320	1808	7512
50874	0	0	0	0	8900	57230	0	8900	1822	7078
50779	0	0	0	0	8995	57269	0	8995	1874	7121
51152	0	0	0	0	8622	57324	0	8622	1821	6801
51125	0	0	0	0	8649	57260	0	8649	1837	6812
50540	0	0	0	0	9234	57157	0	9234	1915	7319
50795	0	0	0	0	8979	57344	0	8979	1841	7138
50412	0	0	0	0	9362	57232	0	9362	1932	7430
51000	0	0	0	0	8774	57395	0	8774	1812	6962
51030	0	0	0	0	8744	57319	0	8744	1751	6993
50583	0	0	0	0	9191	57254	0	9191	1904	7287
51331	0	0	0	0	8443	57323	0	8443	1855	6588
50831	0	0	0	0	8943	57304	0	8943	1897	7046
50372	0	0	0	0	9402	57293	0	9402	1894	7508
50420	0	0	0	0	9354	57187	0	9354	1826	7528
51009	0	0	0	0	8765	57294	0	8765	1932	6833
51587	0	0	0	0	8187	57373	0	8187	1794	6393
50440	0	0	0	0	9334	57274	0	9334	1903	7431
51574	0	0	0	0	8200	57228	0	8200	1862	6338
51023	0	0	0	0	8751	57357	0	8751	1843	6908
50723	0	0	0	0	9051	57073	0	9051	1871	7180
50801	0	0	0	0	8973	57287	0	8973	1870	7103
50354	0	0	0	0	9420	57389	0	9420	1804	7616
51073	0	0	0	0	8701	57250	0	8701	1762	6939
50588	0	0	0	0	9186	57084	0	9186	1808	7378
51126	0	0	0	0	8648	57352	0	8648	1778	6870
50718	0	0	0	0	9056	57357	0	9056	1816	7240
51798	0	0	0	0	7976	57297	0	7976	1893	6083
50530	0	0	0	0	9244	57131	0	9244	1854	7390
50571	0	0	0	0	9203	57331	0	9203	1845	7358
50774	0	0	0	0	9000	57240	0	9000	1938	7062
50390	0	0	0	0	9384	57368	0	9384	1785	7599
50731	0	0	0	0	9043	57261	0	9043	1855	7188
50857	0	0	0	0	8917	57050	0	8917	1867	7050
50497	0	0	0	0	9277	57281	0	9277	1826	7451
50365	0	0	0	0	9409	57311	0	9409	1853	7556
50842	0	0	0	0	8932	57156	0	8932	1819	7113
51043	0	0	0	0	8731	57351	0	8731	1811	6920
50442	0	0	0	0	9332	57171	0	9332	1877	7455
51593	0	0	0	0	8181	57299	0	8181	1870	6311
50203	0	0	0	0	9571	57159	0	9571	1872	7699
50388	0	0	0	0	9386	57292	0	9386	1833	7553
50740	0	0	0	0	9034	57170	0	9034	1933	7101
50760	0	0	0	0	9014	57152	0	9014	1807	7207
50823	0	0	0	0	8951	57338	0	8951	1882	7069
51207	0	0	0	0	8567	57319	0	8567	1881	6686
50777	0	0	0	0	8997	57053	0	8997	1860	7137
50793	0	0	0	0	8981	57084	0	8981	1887	7094
50915	0	0	0	0	8859	57158	0	8859	1853	7006
50265	0	0	0	0	9509	57213	0	9509	1937	7572
50998	0	0	0	0	8776	57071	0	8776	1866	6910
50512	0	0	0	0	9262	57310	0	9262	1807	7455
51169	0	0	0	0	8605	57269	0	8605	1909	6696
50663	0	0	0	0	9111	57323	0	9111	1833	7278
51134	0	0	0	0	8640	57049	0	8640	1911	6729
51100	0	0	0	0	8674	57127	0	8674	1825	6849
50336	0	0	0	0	9438	57373	0	9438	1869	7569
50888	0	0	0	0	8886	57149	0	8886	1837	7049
51508	0	0	0	0	8266	57259	0	8266	1890	6376
50392	0	0	0	0	9382	57218	0	9382	1820	7562
50999	0	0	0	0	8775	57149	0	8775	1864	6911
50995	0	0	0	0	8779	57209	0	8779	1931	6848
50865	0	0	0	0	8909	57223	0	8909	1892	7017
50335	0	0	0	0	9439	57306	0	9439	1883	7556
50366	0	0	0	0	9408	57257	0	9408	1759	7649
50505	0	0	0	0	9269	57274	0	9269	1799	7470
50927	0	0	0	0	8847	57326	0	8847	1819	7028
50907	0	0	0	0	8867	57193	0	8867	1841	7026
51093	0	0	0	0	8681	57180	0	8681	1794	6887
50753	0	0	0	0	9021	57089	0	9021	1846	7175
51195	0	0	0	0	8579	57308	0	8579	1823	6756
50699	0	0	0	0	9075	57131	0	9075	1829	7246
50874	0	0	0	0	8900	57237	0	8900	1874	7026
50432	0	0	0	0	9342	57142	0	9342	1892	7450
50733	0	0	0	0	9041	57321	0	9041	1816	7225
50323	0	0	0	0	9451	57250	0	9451	1898	7553
50545	0	0	0	0	9229	57023	0	9229	1934	7295
50812	0	0	0	0	8962	57367	0	8962	1843	7119
51570	0	0	0	0	8204	57188	0	8204	1771	6433
51044	0	0	0	0	8730	57357	0	8730	1823	6907
50760	0	0	0	0	9014	57271	0	9014	1918	7096
50842	0	0	0	0	8932	57360	0	8932	1837	7095
50872	0	0	0	0	8902	57325	0	8902	1829	7073
50600	0	0	0	0	9174	57244	0	9174	1860	7314
50647	0	0	0	0	9127	57231	0	9127	1928	7199
51627	0	0	0	0	8147	57289	0	8147	1878	6269
50726	0	0	0	0	9048	57381	0	9048	1798	7250
50188	0	0	0	0	9586	57340	0	9586	1864	7722
50828	0	0	0	0	8946	57248	0	8946	1955	6991
50675	0	0	0	0	9099	57168	0	9099	1887	7212
51283	0	0	0	0	8491	57247	0	8491	1903	6588
50558	0	0	0	0	9216	57342	0	9216	1756	7460
50784	0	0	0	0	8990	57268	0	8990	1860	7130
50896	0	0	0	0	8878	57312	0	8878	1827	7051
51245	0	0	0	0	8529	57305	0	8529	1910	6619
51774	0	0	0	0	8000	57359	0	8000	1796	6204
50048	0	0	0	0	9726	57355	0	9726	1824	7902
50722	0	0	0	0	9052	57055	0	9052	1843	7209
50863	0	0	0	0	8911	57272	0	8911	1790	7121
50288	0	0	0	0	9486	57363	0	9486	1869	7617
50462	0	0	0	0	9312	57188	0	9312	1826	7486
50804	0	0	0	0	8970	57133	0	8970	1883	7087
50498	0	0	0	0	9276	57351	0	9276	1799	7477
51398	0	0	0	0	8376	57137	0	8376	1835	6541
50094	0	0	0	0	9680	57178	0	9680	1976	7704
50446	0	0	0	0	9328	57309	0	9328	1882	7446
50987	0	0	0	0	8787	57384	0	8787	1849	6938
51326	0	0	0	0	8448	57215	0	8448	1797	6651
51152	0	0	0	0	8622	57129	0	8622	1830	6792
50643	0	0	0	0	9131	57136	0	9131	1814	7317
51202	0	0	0	0	8572	57194	0	8572	1945	6627
51094	0	0	0	0	8680	57062	0	8680	1889	6791
50322	0	0	0	0	9452	57290	0	9452	1872	7580
50758	0	0	0	0	9016	57049	0	9016	1841	7175
50914	0	0	0	0	8860	57338	0	8860	1821	7039
50156	0	0	0	0	9618	57255	0	9618	1914	7704
50861	0	0	0	0	8913	57230	0	8913	1808	7105
50524	0	0	0	0	9250	57258	0	9250	1937	7313
50323	0	0	0	0	9451	57235	0	9451	1910	7541
51182	0	0	0	0	8592	57257	0	8592	1846	6746
51483	0	0	0	0	8291	57239	0	8291	1886	6405
51079	0	0	0	0	8695	57190	0	8695	1822	6873
51260	0	0	0	0	8514	57244	0	8514	1828	6686
50484	0	0	0	0	9290	57287	0	9290	1888	7402
50674	0	0	0	0	9100	57303	0	9100	1906	7194
50882	0	0	0	0	8892	57071	0	8892	1902	6990
51005	0	0	0	0	8769	57086	0	8769	1815	6954
51162	0	0	0	0	8612	57187	0	8612	1854	6758
50995	0	0	0	0	8779	57044	0	8779	1887	6892
51594	0	0	0	0	8180	57224	0	8180	1799	6381
50810	0	0	0	0	8964	57240	0	8964	1787	7177
50475	0	0	0	0	9299	57232	0	9299	1875	7424
51815	0	0	0	0	7959	57275	0	7959	1872	6087
50653	0	0	0	0	9121	57245	0	9121	1873	7248
49987	0	0	0	0	9787	57176	0	9787	1883	7904
50513	0	0	0	0	9261	57372	0	9261	1822	7439
51005	0	0	0	0	8769	57284	0	8769	1914	6855
50715	0	0	0	0	9059	57311	0	9059	1830	7229
50703	0	0	0	0	9071	57397	0	9071	1795	7276
50958	0	0	0	0	8816	57199	0	8816	1813	7003
50544	0	0	0	0	9230	57215	0	9230	1855	7375
50664	0	0	0	0	9110	57303	0	9110	1870	7240
51643	0	0	0	0	8131	57361	0	8131	1842	6289
50915	0	0	0	0	8859	57354	0	8859	1874	6985
51313	0	0	0	0	8461	57297	0	8461	1877	6584
50288	0	0	0	0	9486	57352	0	9486	1858	7628
50838	0	0	0	0	8936	57453	0	8936	1865	7071
50745	0	0	0	0	9029	57274	0	9029	1907	7122
51302	0	0	0	0	8472	57339	0	8472	1820	6652
50943	0	0	0	0	8831	57508	0	8831	1892	6939
50765	0	0	0	0	9009	57408	0	9009	1835	7174
51050	0	0	0	0	8724	57361	0	8724	1775	6949
50705	0	0	0	0	9069	57281	0	9069	1929	7140
49985	0	0	0	0	9789	57227	0	9789	1820	7969
50614	0	0	0	0	9160	57258	0	9160	1922	7238
49924	0	0	0	0	9850	57176	0	9850	1876	7974
51098	0	0	0	0	8676	57074	0	8676	1922	6754
51043	0	0	0	0	8731	57310	0	8731	1790	6941
50862	0	0	0	0	8912	57323	0	8912	1836	7076
51357	0	0	0	0	8417	57186	0	8417	1898	6519
50898	0	0	0	0	8876	57290	0	8876	1815	7061
50608	0	0	0	0	9166	57253	0	9166	1862	7304
51630	0	0	0	0	8144	57424	0	8144	1783	6361
51143	0	0	0	0	8631	57077	0	8631	1833	6798
50696	0	0	0	0	9078	57245	0	9078	1812	7266
50555	0	0	0	0	9219	57253	0	9219	1837	7382
50591	0	0	0	0	9183	57381	0	9183	1802	7381
50051	0	0	0	0	9723	57384	0	9723	1790	7933
50886	0	0	0	0	8888	57252	0	8888	1812	7076
50984	0	0	0	0	8790	57347	0	8790	1788	7002
50426	0	0	0	0	9348	57298	0	9348	1882	7466
51233	0	0	0	0	8541	57175	0	8541	1809	6732
50834	0	0	0	0	8940	57379	0	8940	1817	7123
50527	0	0	0	0	9247	57084	0	9247	1811	7436
50515	0	0	0	0	9259	57142	0	9259	1854	7405
50974	0	0	0	0	8800	57272	0	8800	1888	6912
50507	0	0	0	0	9267	57346	0	9267	1762	7505
50937	0	0	0	0	8837	57341	0	8837	1817	7020
51072	0	0	0	0	8702	57263	0	8702	1802	6900
50836	0	0	0	0	8938	57262	0	8938	1851	7087
51070	0	0	0	0	8704	57213	0	8704	1833	6871
50688	0	0	0	0	9086	57061	0	9086	1926	7160
51810	0	0	0	0	7964	57170	0	7964	1804	6160
51020	0	0	0	0	8754	57120	0	8754	1986	6768
50479	0	0	0	0	9295	57257	0	9295	1860	7435
50780	0	0	0	0	8994	57173	0	8994	1770	7224
50243	0	0	0	0	9531	57356	0	9531	1855	7676
50734	0	0	0	0	9040	57123	0	9040	1870	7170
50670	0	0	0	0	9104	57153	0	9104	1929	7175
50898	0	0	0	0	8876	57303	0	8876	1831	7045
50766	0	0	0	0	9008	57364	0	9008	1812	7196
50641	0	0	0	0	9133	57144	0	9133	1832	7301
50436	0	0	0	0	9338	57328	0	9338	1850	7488
50283	0	0	0	0	9491	57363	0	9491	1754	7737
50496	0	0	0	0	9278	57200	0	9278	1922	7356
50838	0	0	0	0	8936	57326	0	8936	1832	7104
50825	0	0	0	0	8949	57286	0	8949	1890	7059
51000	0	0	0	0	8774	57331	0	8774	1806	6968
50809	0	0	0	0	8965	57367	0	8965	1843	7122
50731	0	0	0	0	9043	57100	0	9043	1846	7197
50561	0	0	0	0	9213	57329	0	9213	1838	7375
50883	0	0	0	0	8891	57178	0	8891	1864	7027
50676	0	0	0	0	9098	57179	0	9098	1802	7296
51216	0	0	0	0	8558	57031	0	8558	1902	6656
51562	0	0	0	0	8212	57193	0	8212	1879	6333
50575	0	0	0	0	9199	57233	0	9199	1856	7343
50451	0	0	0	0	9323	57345	0	9323	1870	7453
50480	0	0	0	0	9294	57131	0	9294	1851	7443
50461	0	0	0	0	9313	57355	0	9313	1841	7472
50293	0	0	0	0	9481	57071	0	9481	1890	7591
50589	0	0	0	0	9185	57063	0	9185	1851	7334
51019	0	0	0	0	8755	57114	0	8755	1917	6838
51385	0	0	0	0	8389	57198	0	8389	1814	6575
51349	0	0	0	0	8425	57383	0	8425	1814	6611
50994	0	0	0	0	8780	57386	0	8780	1798	6982
50512	0	0	0	0	9262	57118	0	9262	1848	7414
50062	0	0	0	0	9712	57162	0	9712	1911	7801
51092	0	0	0	0	8682	57290	0	8682	1895	6787
51069	0	0	0	0	8705	57233	0	8705	1832	6873
50628	0	0	0	0	9146	57117	0	9146	1839	7307
50930	0	0	0	0	8844	57264	0	8844	1894	6950
50404	0	0	0	0	9370	57079	0	9370	1954	7416
51174	0	0	0	0	8600	57092	0	8600	1913	6687
51090	0	0	0	0	8684	57190	0	8684	1833	6851
50620	0	0	0	0	9154	57237	0	9154	1865	7289
50209	0	0	0	0	9565	57353	0	9565	1837	7728
50044	0	0	0	0	9730	57288	0	9730	1861	7869
50460	0	0	0	0	9314	57119	0	9314	1819	7495
51579	0	0	0	0	8195	57323	0	8195	1865	6330
50693	0	0	0	0	9081	57343	0	9081	1923	7158
51051	0	0	0	0	8723	57262	0	8723	1873	6850
50640	0	0	0	0	9134	57258	0	9134	1841	7293
50629	0	0	0	0	9145	57204	0	9145	1911	7234
51023	0	0	0	0	8751	57426	0	8751	1973	6778
50643	0	0	0	0	9131	57073	0	9131	1852	7279
50750	0	0	0	0	9024	57304	0	9024	1848	7176
51372	0	0	0	0	8402	57139	0	8402	1861	6541
50054	0	0	0	0	9720	57275	0	9720	1883	7837
50918	0	0	0	0	8856	57306	0	8856	1927	6929
50206	0	0	0	0	9568	57186	0	9568	1829	7739
51705	0	0	0	0	8069	57299	0	8069	1869	6200
50775	0	0	0	0	8999	57144	0	8999	1845	7154
50685	0	0	0	0	9089	57158	0	9089	1873	7216
50663	0	0	0	0	9111	57376	0	9111	1817	7294
51215	0	0	0	0	8559	57289	0	8559	1883	6676
51091	0	0	0	0	8683	57334	0	8683	1787	6896
50956	0	0	0	0	8818	57223	0	8818	1826	6992
51673	0	0	0	0	8101	57422	0	8101	1784	6317
51222	0	0	0	0	8552	57157	0	8552	1837	6715
50652	0	0	0	0	9122	57252	0	9122	1828	7294
50508	0	0	0	0	9266	57193	0	9266	1872	7394
51203	0	0	0	0	8571	57381	0	8571	1804	6767
51342	0	0	0	0	8432	57370	0	8432	1815	6617
50420	0	0	0	0	9354	57287	0	9354	1833	7521
50614	0	0	0	0	9160	57067	0	9160	1827	7333
50576	0	0	0	0	9198	57081	0	9198	1832	7366
50402	0	0	0	0	9372	57284	0	9372	1873	7499
51273	0	0	0	0	8501	57476	0	8501	1790	6711
50332	0	0	0	0	9442	57292	0	9442	1815	7627
51297	0	0	0	0	8477	57048	0	8477	1841	6636
50889	0	0	0	0	8885	57326	0	8885	1820	7065
50430	0	0	0	0	9344	57328	0	9344	1825	7519
50657	0	0	0	0	9117	57034	0	9117	1851	7266
51018	0	0	0	0	8756	57078	0	8756	1859	6897
50811	0	0	0	0	8963	57256	0	8963	1833	7130
50611	0	0	0	0	9163	57280	0	9163	1878	7285
50489	0	0	0	0	9285	57292	0	9285	1828	7457
50611	0	0	0	0	9163	57267	0	9163	1918	7245
50535	0	0	0	0	9239	57136	0	9239	1809	7430
51264	0	0	0	0	8510	57395	0	8510	1799	6711
51317	0	0	0	0	8457	57345	0	8457	1781	6676
51000	0	0	0	0	8774	57319	0	8774	1873	6901
50686	0	0	0	0	9088	57337	0	9088	1866	7222
51293	0	0	0	0	8481	57188	0	8481	1804	6677
50770	0	0	0	0	9004	57336	0	9004	1916	7088
51042	0	0	0	0	8732	57321	0	8732	1826	6906
50560	0	0	0	0	9214	57244	0	9214	1876	7338
50773	0	0	0	0	9001	57350	0	9001	1843	7158
50595	0	0	0	0	9179	57123	0	9179	1832	7347
49981	0	0	0	0	9793	57254	0	9793	1895	7898
50553	0	0	0	0	9221	57164	0	9221	1793	7428
51130	0	0	0	0	8644	56986	0	8644	1851	6793
50786	0	0	0	0	8988	57292	0	8988	1875	7113
51398	0	0	0	0	8376	57371	0	8376	1851	6525
50167	0	0	0	0	9607	57087	0	9607	1951	7656
51041	0	0	0	0	8733	57218	0	8733	1806	6927
51513	0	0	0	0	8261	57248	0	8261	1819	6442
50951	0	0	0	0	8823	57301	0	8823	1826	6997
50479	0	0	0	0	9295	57199	0	9295	1934	7361
50422	0	0	0	0	9352	57251	0	9352	1951	7401
50021	0	0	0	0	9753	57241	0	9753	1905	7848
50650	0	0	0	0	9124	57164	0	9124	1825	7299
50759	0	0	0	0	9015	57149	0	9015	1858	7157
51063	0	0	0	0	8711	57435	0	8711	1737	6974
50995	0	0	0	0	8779	57279	0	8779	1809	6970
51592	0	0	0	0	8182	57280	0	8182	1864	6318
50337	0	0	0	0	9437	56922	0	9437	1928	7509
50679	0	0	0	0	9095	57180	0	9095	1750	7345
51608	0	0	0	0	8166	57104	0	8166	1854	6312
50991	0	0	0	0	8783	57284	0	8783	1809	6974
51020	0	0	0	0	8754	57351	0	8754	1862	6892
51081	0	0	0	0	8693	57117	0	8693	1852	6841
51173	0	0	0	0	8601	57125	0	8601	1794	6807
50548	0	0	0	0	9226	57086	0	9226	1825	7401
50557	0	0	0	0	9217	57273	0	9217	1858	7359
50694	0	0	0	0	9080	57115	0	9080	1789	7291
50945	0	0	0	0	8829	57053	0	8829	1833	6996
50149	0	0	0	0	9625	57241	0	9625	1889	7736
50672	0	0	0	0	9102	57216	0	9102	1837	7265
50770	0	0	0	0	9004	57180	0	9004	1853	7151
50873	0	0	0	0	8901	57332	0	8901	1814	7087
50911	0	0	0	0	8863	57253	0	8863	1781	7082
51388	0	0	0	0	8386	57282	0	8386	1920	6466
50459	0	0	0	0	9315	57094	0	9315	1931	7384
50872	0	0	0	0	8902	57285	0	8902	1841	7061
50280	0	0	0	0	9494	57033	0	9494	1875	7619
50363	0	0	0	0	9411	57290	0	9411	1817	7594
50561	0	0	0	0	9213	57122	0	9213	1864	7349
50893	0	0	0	0	8881	57104	0	8881	1876	7005
50233	0	0	0	0	9541	57289	0	9541	1862	7679
51158	0	0	0	0	8616	57313	0	8616	1889	6727
50029	0	0	0	0	9745	57097	0	9745	1844	7901
51389	0	0	0	0	8385	57249	0	8385	1823	6562
50902	0	0	0	0	8872	57353	0	8872	1848	7024
50428	0	0	0	0	9346	57320	0	9346	1908	7438
50629	0	0	0	0	9145	57277	0	9145	1870	7275
50375	0	0	0	0	9399	57036	0	9399	1912	7487
51567	0	0	0	0	8207	57306	0	8207	1933	6274
50920	0	0	0	0	8854	57171	0	8854	1844	7010
50904	0	0	0	0	8870	57339	0	8870	1824	7046
50975	0	0	0	0	8799	57153	0	8799	1808	6991
50720	0	0	0	0	9054	57237	0	9054	1911	7143
50389	0	0	0	0	9385	57237	0	9385	1859	7526
51020	0	0	0	0	8754	57314	0	8754	1886	6868
50195	0	0	0	0	9579	57354	0	9579	1828	7751
50258	0	0	0	0	9516	57304	0	9516	1848	7668
51759	0	0	0	0	8015	57130	0	8015	1883	6132
50702	0	0	0	0	9072	57234	0	9072	1829	7243
50137	0	0	0	0	9637	57296	0	9637	1912	7725
51450	0	0	0	0	8324	57431	0	8324	1869	6455
50242	0	0	0	0	9532	57364	0	9532	1823	7709
50464	0	0	0	0	9310	57119	0	9310	1831	7479
50776	0	0	0	0	8998	57274	0	8998	1935	7063
50425	0	0	0	0	9349	57228	0	9349	1820	7529
50804	0	0	0	0	8970	57264	0	8970	1870	7100
50754	0	0	0	0	9020	57166	0	9020	1817	7203
49900	0	0	0	0	9874	57219	0	9874	1896	7978
50397	0	0	0	0	9377	57361	0	9377	1836	7541
51892	0	0	0	0	7882	57357	0	7882	1821	6061
50659	0	0	0	0	9115	57214	0	9115	1920	7195
51109	0	0	0	0	8665	57151	0	8665	1858	6807
50626	0	0	0	0	9148	57147	0	9148	1804	7344
50119	0	0	0	0	9655	57221	0	9655	1834	7821
50412	0	0	0	0	9362	57426	0	9362	1800	7562
50554	0	0	0	0	9220	57333	0	9220	1839	7381
50390	0	0	0	0	9384	57044	0	9384	1865	7519
50202	0	0	0	0	9572	57155	0	9572	1948	7624
50972	0	0	0	0	8802	57358	0	8802	1805	6997
51134	0	0	0	0	8640	57301	0	8640	1842	6798
50877	0	0	0	0	8897	57220	0	8897	1784	7113
50202	0	0	0	0	9572	56967	0	9572	1907	7665
51487	0	0	0	0	8287	57242	0	8287	1896	6391
51213	0	0	0	0	8561	57104	0	8561	1833	6728
50682	0	0	0	0	9092	57281	0	9092	1905	7187
50134	0	0	0	0	9640	57528	0	9640	1899	7741
50831	0	0	0	0	8943	57073	0	8943	1831	7112
50873	0	0	0	0	8901	57189	0	8901	1814	7087
50659	0	0	0	0	9115	57318	0	9115	1825	7290
50835	0	0	0	0	8939	57100	0	8939	1831	7108
50189	0	0	0	0	9585	57269	0	9585	1875	7710
50709	0	0	0	0	9065	57285	0	9065	1899	7166
50769	0	0	0	0	9005	57258	0	9005	1933	7072
51396	0	0	0	0	8378	57110	0	8378	1799	6579
50951	0	0	0	0	8823	57297	0	8823	1887	6936
50372	0	0	0	0	9402	57341	0	9402	1825	7577
50927	0	0	0	0	8847	57092	0	8847	1818	7029
50268	0	0	0	0	9506	57198	0	9506	1832	7674
50094	0	0	0	0	9680	57322	0	9680	1848	7832
51090	0	0	0	0	8684	57038	0	8684	1815	6869
50632	0	0	0	0	9142	57273	0	9142	1788	7354
51234	0	0	0	0	8540	57257	0	8540	1841	6699
50893	0	0	0	0	8881	57150	0	8881	1866	7015
50144	0	0	0	0	9630	57289	0	9630	1861	7769
50634	0	0	0	0	9140	57146	0	9140	1901	7239
50329	0	0	0	0	9445	57213	0	9445	1921	7524
50413	0	0	0	0	9361	57303	0	9361	1866	7495
50462	0	0	0	0	9312	57113	0	9312	1802	7510
50691	0	0	0	0	9083	57092	0	9083	1837	7246
50423	0	0	0	0	9351	57319	0	9351	1824	7527
50917	0	0	0	0	8857	57138	0	8857	1850	7007
50278	0	0	0	0	9496	57220	0	9496	1860	7636
50215	0	0	0	0	9559	57203	0	9559	1858	7701
50446	0	0	0	0	9328	57270	0	9328	1906	7422
50933	0	0	0	0	8841	57328	0	8841	1813	7028
50392	0	0	0	0	9382	57215	0	9382	1891	7491
51086	0	0	0	0	8688	57189	0	8688	1879	6809
50906	0	0	0	0	8868	57130	0	8868	1855	7013
50748	0	0	0	0	9026	57368	0	9026	1832	7194
50867	0	0	0	0	8907	57319	0	8907	1856	7051
50195	0	0	0	0	9579	57338	0	9579	1824	7755
50498	0	0	0	0	9276	57163	0	9276	1917	7359
50800	0	0	0	0	8974	57176	0	8974	1850	7124
50454	0	0	0	0	9320	57299	0	9320	1873	7447
51107	0	0	0	0	8667	57168	0	8667	1821	6846
50667	0	0	0	0	9107	57134	0	9107	1826	7281
50296	0	0	0	0	9478	57156	0	9478	1845	7633
50563	0	0	0	0	9211	57272	0	9211	1787	7424
50374	0	0	0	0	9400	57218	0	9400	1775	7625
51275	0	0	0	0	8499	57084	0	8499	1867	6632
50450	0	0	0	0	9324	57291	0	9324	1800	7524
50689	0	0	0	0	9085	57468	0	9085	1753	7332
50655	0	0	0	0	9119	57283	0	9119	1880	7239
50486	0	0	0	0	9288	57388	0	9288	1785	7503
50719	0	0	0	0	9055	57231	0	9055	1797	7258
51008	0	0	0	0	8766	57164	0	8766	1813	6953
50885	0	0	0	0	8889	57335	0	8889	1817	7072
50144	0	0	0	0	9630	57141	0	9630	1824	7806
50588	0	0	0	0	9186	57057	0	9186	1877	7309
51178	0	0	0	0	8596	57217	0	8596	1884	6712
50460	0	0	0	0	9314	57380	0	9314	1773	7541
50676	0	0	0	0	9098	57305	0	9098	1860	7238
50656	0	0	0	0	9118	57208	0	9118	1968	7150
50884	0	0	0	0	8890	57068	0	8890	1851	7039
50429	0	0	0	0	9345	57204	0	9345	1795	7550
51063	0	0	0	0	8711	57293	0	8711	1867	6844
50958	0	0	0	0	8816	57392	0	8816	1833	6983
50920	0	0	0	0	8854	57169	0	8854	1850	7004
51181	0	0	0	0	8593	57171	0	8593	1889	6704
50812	0	0	0	0	8962	57330	0	8962	1855	7107
51040	0	0	0	0	8734	57168	0	8734	1845	6889
50984	0	0	0	0	8790	57206	0	8790	1922	6868
50107	0	0	0	0	9667	57254	0	9667	1922	7745
51276	0	0	0	0	8498	57121	0	8498	1923	6575
50561	0	0	0	0	9213	57258	0	9213	1900	7313
50694	0	0	0	0	9080	57309	0	9080	1761	7319
50157	0	0	0	0	9617	57060	0	9617	1903	7714
50080	0	0	0	0	9694	57166	0	9694	1807	7887
51238	0	0	0	0	8536	57314	0	8536	1836	6700
51165	0	0	0	0	8609	57220	0	8609	1822	6787
51747	0	0	0	0	8027	57186	0	8027	1745	6282
