50804	0	0	0	0	8970	57131	0	8970	1872	7098
50391	0	0	0	0	9383	57067	0	9383	1920	7463
50843	0	0	0	0	8931	57274	0	8931	1917	7014
50439	0	0	0	0	9335	57014	0	9335	1877	7458
51133	0	0	0	0	8641	57138	0	8641	1801	6840
50878	0	0	0	0	8896	57201	0	8896	1868	7028
51236	0	0	0	0	8538	57180	0	8538	1855	6683
51387	0	0	0	0	8387	57216	0	8387	1908	6479
50040	0	0	0	0	9734	57325	0	9734	1883	7851
50562	0	0	0	0	9212	57254	0	9212	1769	7443
51211	0	0	0	0	8563	57276	0	8563	1893	6670
50548	0	0	0	0	9226	57239	0	9226	1934	7292
50530	0	0	0	0	9244	57182	0	9244	1930	7314
50808	0	0	0	0	8966	57166	0	8966	1847	7119
50750	0	0	0	0	9024	57339	0	9024	1848	7176
50353	0	0	0	0	9421	57343	0	9421	1850	7571
51276	0	0	0	0	8498	57200	0	8498	1781	6717
51222	0	0	0	0	8552	57205	0	8552	1789	6763
51131	0	0	0	0	8643	57298	0	8643	1878	6765
50581	0	0	0	0	9193	57285	0	9193	1863	7330
49939	0	0	0	0	9835	57270	0	9835	1945	7890
50857	0	0	0	0	8917	57432	0	8917	1787	7130
50770	0	0	0	0	9004	57196	0	9004	1878	7126
50462	0	0	0	0	9312	57332	0	9312	1884	7428
50426	0	0	0	0	9348	57283	0	9348	1882	7466
50816	0	0	0	0	8958	57286	0	8958	1866	7092
51210	0	0	0	0	8564	57368	0	8564	1851	6713
50882	0	0	0	0	8892	57305	0	8892	1764	7128
50620	0	0	0	0	9154	57228	0	9154	1886	7268
51020	0	0	0	0	8754	57347	0	8754	1788	6966
51110	0	0	0	0	8664	57126	0	8664	1861	6803
50929	0	0	0	0	8845	57382	0	8845	1791	7054
50731	0	0	0	0	9043	57264	0	9043	1924	7119
51026	0	0	0	0	8748	57361	0	8748	1788	6960
51146	0	0	0	0	8628	57296	0	8628	1829	6799
50954	0	0	0	0	8820	57252	0	8820	1902	6918
50937	0	0	0	0	8837	57164	0	8837	1835	7002
51045	0	0	0	0	8729	57132	0	8729	1849	6880
50756	0	0	0	0	9018	57284	0	9018	1867	7151
50589	0	0	0	0	9185	57308	0	9185	1863	7322
50413	0	0	0	0	9361	57213	0	9361	1911	7450
50856	0	0	0	0	8918	57295	0	8918	1872	7046
50560	0	0	0	0	9214	57340	0	9214	1911	7303
51481	0	0	0	0	8293	57099	0	8293	1759	6534
51016	0	0	0	0	8758	57050	0	8758	1941	6817
51003	0	0	0	0	8771	57225	0	8771	1915	6856
50730	0	0	0	0	9044	57229	0	9044	1948	7096
50921	0	0	0	0	8853	57335	0	8853	1821	7032
50237	0	0	0	0	9537	57374	0	9537	1904	7633
51339	0	0	0	0	8435	57287	0	8435	1803	6632
50255	0	0	0	0	9519	57276	0	9519	1763	7756
50836	0	0	0	0	8938	57224	0	8938	1803	7135
51098	0	0	0	0	8676	57336	0	8676	1866	6810
50939	0	0	0	0	8835	57290	0	8835	1807	7028
51017	0	0	0	0	8757	57378	0	8757	1827	6930
50426	0	0	0	0	9348	57094	0	9348	1846	7502
51026	0	0	0	0	8748	57330	0	8748	1817	6931
51302	0	0	0	0	8472	57102	0	8472	1886	6586
50503	0	0	0	0	9271	57285	0	9271	1864	7407
51081	0	0	0	0	8693	57362	0	8693	1788	6905
51018	0	0	0	0	8756	57191	0	8756	1807	6949
50699	0	0	0	0	9075	57060	0	9075	1803	7272
50985	0	0	0	0	8789	57272	0	8789	1886	6903
50327	0	0	0	0	9447	57267	0	9447	1826	7621
51379	0	0	0	0	8395	57289	0	8395	1865	6530
50659	0	0	0	0	9115	57319	0	9115	1932	7183
51137	0	0	0	0	8637	57299	0	8637	1820	6817
50705	0	0	0	0	9069	57054	0	9069	1886	7183
50798	0	0	0	0	8976	57239	0	8976	1769	7207
50795	0	0	0	0	8979	57424	0	8979	1771	7208
51528	0	0	0	0	8246	57086	0	8246	1898	6348
50762	0	0	0	0	9012	57232	0	9012	1832	7180
51727	0	0	0	0	8047	57271	0	8047	1877	6170
50091	0	0	0	0	9683	57092	0	9683	1855	7828
50497	0	0	0	0	9277	57298	0	9277	1848	7429
50455	0	0	0	0	9319	57273	0	9319	1915	7404
51107	0	0	0	0	8667	57355	0	8667	1795	6872
50519	0	0	0	0	9255	57226	0	9255	1893	7362
50776	0	0	0	0	8998	57028	0	8998	1856	7142
51368	0	0	0	0	8406	57320	0	8406	1833	6573
50726	0	0	0	0	9048	57185	0	9048	1894	7154
51019	0	0	0	0	8755	57176	0	8755	1855	6900
50598	0	0	0	0	9176	57382	0	9176	1841	7335
50698	0	0	0	0	9076	57265	0	9076	1765	7311
50798	0	0	0	0	8976	57279	0	8976	1832	7144
50925	0	0	0	0	8849	57153	0	8849	1768	7081
51132	0	0	0	0	8642	57291	0	8642	1806	6836
51233	0	0	0	0	8541	57264	0	8541	1891	6650
50919	0	0	0	0	8855	57037	0	8855	1868	6987
51287	0	0	0	0	8487	57220	0	8487	1833	6654
50975	0	0	0	0	8799	57220	0	8799	1944	6855
50963	0	0	0	0	8811	57365	0	8811	1776	7035
50785	0	0	0	0	8989	57190	0	8989	1828	7161
50541	0	0	0	0	9233	57234	0	9233	1893	7340
50929	0	0	0	0	8845	57357	0	8845	1877	6968
50652	0	0	0	0	9122	57293	0	9122	1845	7277
51055	0	0	0	0	8719	57256	0	8719	1809	6910
51109	0	0	0	0	8665	57288	0	8665	1823	6842
51342	0	0	0	0	8432	57145	0	8432	1874	6558
50819	0	0	0	0	8955	57298	0	8955	1859	7096
51199	0	0	0	0	8575	57245	0	8575	1897	6678
50529	0	0	0	0	9245	57297	0	9245	1848	7397
50627	0	0	0	0	9147	57283	0	9147	1961	7186
50662	0	0	0	0	9112	57374	0	9112	1835	7277
50956	0	0	0	0	8818	57115	0	8818	1869	6949
50673	0	0	0	0	9101	57200	0	9101	1854	7247
51005	0	0	0	0	8769	57060	0	8769	1874	6895
50749	0	0	0	0	9025	57270	0	9025	1906	7119
50895	0	0	0	0	8879	57295	0	8879	1868	7011
51303	0	0	0	0	8471	57115	0	8471	1925	6546
51337	0	0	0	0	8437	57293	0	8437	1863	6574
50599	0	0	0	0	9175	57172	0	9175	1817	7358
50739	0	0	0	0	9035	57274	0	9035	1915	7120
50239	0	0	0	0	9535	57157	0	9535	1822	7713
50714	0	0	0	0	9060	57110	0	9060	1914	7146
51358	0	0	0	0	8416	57159	0	8416	1834	6582
49761	0	0	0	0	10013	57209	0	10013	1812	8201
50476	0	0	0	0	9298	57292	0	9298	1875	7423
50008	0	0	0	0	9766	57271	0	9766	1882	7884
50944	0	0	0	0	8830	57288	0	8830	1846	6984
50662	0	0	0	0	9112	57287	0	9112	1880	7232
50357	0	0	0	0	9417	57206	0	9417	1938	7479
50778	0	0	0	0	8996	57220	0	8996	1862	7134
50197	0	0	0	0	9577	57203	0	9577	1846	7731
50792	0	0	0	0	8982	57431	0	8982	1775	7207
51030	0	0	0	0	8744	57131	0	8744	1778	6966
50869	0	0	0	0	8905	57360	0	8905	1803	7102
51142	0	0	0	0	8632	57289	0	8632	1828	6804
50815	0	0	0	0	8959	57373	0	8959	1805	7154
51410	0	0	0	0	8364	57134	0	8364	1843	6521
51029	0	0	0	0	8745	57325	0	8745	1855	6890
50732	0	0	0	0	9042	57229	0	9042	1818	7224
50834	0	0	0	0	8940	57048	0	8940	1895	7045
50533	0	0	0	0	9241	57259	0	9241	1918	7323
51281	0	0	0	0	8493	57266	0	8493	1818	6675
50155	0	0	0	0	9619	57227	0	9619	1922	7697
50882	0	0	0	0	8892	57192	0	8892	1984	6908
50981	0	0	0	0	8793	57360	0	8793	1844	6949
50726	0	0	0	0	9048	57312	0	9048	1781	7267
50882	0	0	0	0	8892	57308	0	8892	1823	7069
50638	0	0	0	0	9136	57286	0	9136	1930	7206
50738	0	0	0	0	9036	57347	0	9036	1831	7205
51463	0	0	0	0	8311	57223	0	8311	1827	6484
50232	0	0	0	0	9542	57461	0	9542	1894	7648
50282	0	0	0	0	9492	57252	0	9492	1934	7558
50690	0	0	0	0	9084	57289	0	9084	1868	7216
51610	0	0	0	0	8164	57125	0	8164	1774	6390
51018	0	0	0	0	8756	57144	0	8756	1845	6911
50892	0	0	0	0	8882	57088	0	8882	1906	6976
51349	0	0	0	0	8425	57229	0	8425	1901	6524
50767	0	0	0	0	9007	56917	0	9007	1835	7172
51244	0	0	0	0	8530	57380	0	8530	1772	6758
50565	0	0	0	0	9209	57254	0	9209	1874	7335
50788	0	0	0	0	8986	57279	0	8986	1815	7171
50615	0	0	0	0	9159	57295	0	9159	1900	7259
51086	0	0	0	0	8688	56825	0	8688	1734	6954
50623	0	0	0	0	9151	57159	0	9151	1791	7360
50446	0	0	0	0	9328	57307	0	9328	1885	7443
51064	0	0	0	0	8710	57315	0	8710	1819	6891
51021	0	0	0	0	8753	57167	0	8753	1854	6899
50625	0	0	0	0	9149	57252	0	9149	1846	7303
50534	0	0	0	0	9240	57122	0	9240	1874	7366
51198	0	0	0	0	8576	57218	0	8576	1779	6797
50138	0	0	0	0	9636	57144	0	9636	1842	7794
50600	0	0	0	0	9174	57170	0	9174	1939	7235
50844	0	0	0	0	8930	57108	0	8930	1857	7073
51260	0	0	0	0	8514	57143	0	8514	1826	6688
51051	0	0	0	0	8723	57277	0	8723	1829	6894
51551	0	0	0	0	8223	57200	0	8223	1816	6407
51242	0	0	0	0	8532	57139	0	8532	1823	6709
50788	0	0	0	0	8986	57224	0	8986	1957	7029
50714	0	0	0	0	9060	57133	0	9060	1896	7164
51113	0	0	0	0	8661	57313	0	8661	1875	6786
51289	0	0	0	0	8485	57134	0	8485	1828	6657
51304	0	0	0	0	8470	57252	0	8470	1803	6667
50753	0	0	0	0	9021	57264	0	9021	1893	7128
50539	0	0	0	0	9235	57182	0	9235	1801	7434
50805	0	0	0	0	8969	57032	0	8969	1919	7050
50147	0	0	0	0	9627	57237	0	9627	1879	7748
50968	0	0	0	0	8806	57171	0	8806	1841	6965
50868	0	0	0	0	8906	57219	0	8906	1908	6998
50576	0	0	0	0	9198	57287	0	9198	1838	7360
51127	0	0	0	0	8647	57279	0	8647	1869	6778
50430	0	0	0	0	9344	57292	0	9344	1862	7482
50840	0	0	0	0	8934	57165	0	8934	1873	7061
50580	0	0	0	0	9194	57262	0	9194	1941	7253
50913	0	0	0	0	8861	57269	0	8861	1867	6994
51172	0	0	0	0	8602	57332	0	8602	1829	6773
50527	0	0	0	0	9247	57154	0	9247	1885	7362
50955	0	0	0	0	8819	57379	0	8819	1808	7011
50806	0	0	0	0	8968	57325	0	8968	1773	7195
50874	0	0	0	0	8900	57125	0	8900	1860	7040
51213	0	0	0	0	8561	57277	0	8561	1857	6704
50592	0	0	0	0	9182	57283	0	9182	1885	7297
51117	0	0	0	0	8657	57291	0	8657	1893	6764
50384	0	0	0	0	9390	57340	0	9390	1836	7554
50685	0	0	0	0	9089	57244	0	9089	1879	7210
50659	0	0	0	0	9115	57337	0	9115	1880	7235
50783	0	0	0	0	8991	57208	0	8991	1755	7236
51183	0	0	0	0	8591	57367	0	8591	1850	6741
50588	0	0	0	0	9186	57308	0	9186	1887	7299
51064	0	0	0	0	8710	57155	0	8710	1860	6850
51334	0	0	0	0	8440	57178	0	8440	1824	6616
51454	0	0	0	0	8320	57239	0	8320	1864	6456
51102	0	0	0	0	8672	57243	0	8672	1890	6782
50538	0	0	0	0	9236	57330	0	9236	1845	7391
51181	0	0	0	0	8593	57299	0	8593	1893	6700
50560	0	0	0	0	9214	57085	0	9214	1887	7327
50996	0	0	0	0	8778	57235	0	8778	1798	6980
50828	0	0	0	0	8946	57298	0	8946	1881	7065
50724	0	0	0	0	9050	57342	0	9050	1825	7225
50955	0	0	0	0	8819	57244	0	8819	1766	7053
50297	0	0	0	0	9477	57267	0	9477	1944	7533
50308	0	0	0	0	9466	57130	0	9466	1826	7640
51138	0	0	0	0	8636	57264	0	8636	1898	6738
50794	0	0	0	0	8980	57307	0	8980	1880	7100
51467	0	0	0	0	8307	57236	0	8307	1972	6335
50615	0	0	0	0	9159	57382	0	9159	1785	7374
50988	0	0	0	0	8786	57298	0	8786	1824	6962
50548	0	0	0	0	9226	57068	0	9226	1890	7336
51229	0	0	0	0	8545	57265	0	8545	1815	6730
50719	0	0	0	0	9055	56699	0	9055	1773	7282
50793	0	0	0	0	8981	57429	0	8981	1775	7206
50735	0	0	0	0	9039	57117	0	9039	1833	7206
50874	0	0	0	0	8900	57341	0	8900	1821	7079
50628	0	0	0	0	9146	57343	0	9146	1843	7303
50776	0	0	0	0	8998	57381	0	8998	1821	7177
52059	0	0	0	0	7715	57379	0	7715	1783	5932
51132	0	0	0	0	8642	57408	0	8642	1844	6798
50957	0	0	0	0	8817	57382	0	8817	1804	7013
50634	0	0	0	0	9140	57228	0	9140	1880	7260
50627	0	0	0	0	9147	57342	0	9147	1847	7300
50815	0	0	0	0	8959	57171	0	8959	1818	7141
50893	0	0	0	0	8881	57285	0	8881	1834	7047
50660	0	0	0	0	9114	57328	0	9114	1907	7207
50102	0	0	0	0	9672	57121	0	9672	1876	7796
51157	0	0	0	0	8617	57323	0	8617	1758	6859
50669	0	0	0	0	9105	57341	0	9105	1837	7268
50735	0	0	0	0	9039	57158	0	9039	1802	7237
51589	0	0	0	0	8185	57207	0	8185	1820	6365
50393	0	0	0	0	9381	57327	0	9381	1871	7510
51294	0	0	0	0	8480	57291	0	8480	1960	6520
51482	0	0	0	0	8292	57357	0	8292	1828	6464
50796	0	0	0	0	8978	57172	0	8978	1971	7007
50695	0	0	0	0	9079	57291	0	9079	1865	7214
50893	0	0	0	0	8881	57301	0	8881	1771	7110
50650	0	0	0	0	9124	57203	0	9124	1821	7303
51396	0	0	0	0	8378	57031	0	8378	1870	6508
49768	0	0	0	0	10006	57267	0	10006	1962	8044
50953	0	0	0	0	8821	57368	0	8821	1868	6953
51213	0	0	0	0	8561	57384	0	8561	1828	6733
50742	0	0	0	0	9032	57359	0	9032	1869	7163
50544	0	0	0	0	9230	57331	0	9230	1864	7366
51086	0	0	0	0	8688	57411	0	8688	1767	6921
50938	0	0	0	0	8836	57226	0	8836	1911	6925
51338	0	0	0	0	8436	57503	0	8436	1859	6577
51123	0	0	0	0	8651	57151	0	8651	1877	6774
51053	0	0	0	0	8721	57222	0	8721	1812	6909
50434	0	0	0	0	9340	57348	0	9340	1835	7505
50578	0	0	0	0	9196	57292	0	9196	1868	7328
50246	0	0	0	0	9528	57251	0	9528	1824	7704
51365	0	0	0	0	8409	57300	0	8409	1889	6520
51326	0	0	0	0	8448	57189	0	8448	1797	6651
51008	0	0	0	0	8766	57140	0	8766	1924	6842
50405	0	0	0	0	9369	57192	0	9369	1900	7469
50601	0	0	0	0	9173	57227	0	9173	1862	7311
50484	0	0	0	0	9290	57257	0	9290	1854	7436
50890	0	0	0	0	8884	57321	0	8884	1870	7014
50690	0	0	0	0	9084	57170	0	9084	1814	7270
50481	0	0	0	0	9293	57211	0	9293	1900	7393
50753	0	0	0	0	9021	57251	0	9021	1888	7133
50931	0	0	0	0	8843	57228	0	8843	1921	6922
50571	0	0	0	0	9203	57142	0	9203	1833	7370
50521	0	0	0	0	9253	57366	0	9253	1810	7443
51163	0	0	0	0	8611	57369	0	8611	1805	6806
50833	0	0	0	0	8941	57158	0	8941	1852	7089
50812	0	0	0	0	8962	57266	0	8962	1937	7025
51156	0	0	0	0	8618	57286	0	8618	1919	6699
50415	0	0	0	0	9359	57310	0	9359	1880	7479
50493	0	0	0	0	9281	57327	0	9281	1874	7407
51203	0	0	0	0	8571	57094	0	8571	1883	6688
50497	0	0	0	0	9277	57059	0	9277	1944	7333
50718	0	0	0	0	9056	57229	0	9056	1898	7158
51029	0	0	0	0	8745	57315	0	8745	1853	6892
50903	0	0	0	0	8871	57199	0	8871	1872	6999
50794	0	0	0	0	8980	57231	0	8980	1823	7157
50475	0	0	0	0	9299	57167	0	9299	1858	7441
51185	0	0	0	0	8589	57239	0	8589	1839	6750
51222	0	0	0	0	8552	57329	0	8552	1858	6694
50653	0	0	0	0	9121	57175	0	9121	1880	7241
51217	0	0	0	0	8557	57297	0	8557	1880	6677
50991	0	0	0	0	8783	57183	0	8783	1858	6925
50942	0	0	0	0	8832	57277	0	8832	1912	6920
50845	0	0	0	0	8929	57077	0	8929	1904	7025
50637	0	0	0	0	9137	57284	0	9137	1909	7228
50225	0	0	0	0	9549	57276	0	9549	1829	7720
50936	0	0	0	0	8838	57152	0	8838	1862	6976
50786	0	0	0	0	8988	57255	0	8988	1899	7089
50430	0	0	0	0	9344	57059	0	9344	1888	7456
50232	0	0	0	0	9542	57069	0	9542	1829	7713
51459	0	0	0	0	8315	57113	0	8315	1868	6447
50375	0	0	0	0	9399	57319	0	9399	1895	7504
51271	0	0	0	0	8503	57326	0	8503	1880	6623
50847	0	0	0	0	8927	57347	0	8927	1853	7074
51223	0	0	0	0	8551	57157	0	8551	1877	6674
51609	0	0	0	0	8165	57358	0	8165	1777	6388
50641	0	0	0	0	9133	57352	0	9133	1859	7274
50780	0	0	0	0	8994	57232	0	8994	1782	7212
50300	0	0	0	0	9474	57300	0	9474	1881	7593
51175	0	0	0	0	8599	57211	0	8599	1827	6772
50641	0	0	0	0	9133	57237	0	9133	1894	7239
50804	0	0	0	0	8970	57382	0	8970	1825	7145
50606	0	0	0	0	9168	57352	0	9168	1824	7344
50429	0	0	0	0	9345	57323	0	9345	1865	7480
50921	0	0	0	0	8853	57106	0	8853	1855	6998
50853	0	0	0	0	8921	57252	0	8921	1887	7034
50643	0	0	0	0	9131	57325	0	9131	1863	7268
51128	0	0	0	0	8646	57329	0	8646	1738	6908
50913	0	0	0	0	8861	57108	0	8861	1804	7057
51420	0	0	0	0	8354	57118	0	8354	1854	6500
51185	0	0	0	0	8589	57280	0	8589	1799	6790
50605	0	0	0	0	9169	57368	0	9169	1832	7337
51249	0	0	0	0	8525	57233	0	8525	1899	6626
51408	0	0	0	0	8366	57278	0	8366	1867	6499
50534	0	0	0	0	9240	57350	0	9240	1822	7418
50550	0	0	0	0	9224	57158	0	9224	1872	7352
51174	0	0	0	0	8600	57317	0	8600	1855	6745
51027	0	0	0	0	8747	57280	0	8747	1912	6835
50818	0	0	0	0	8956	57151	0	8956	1844	7112
51049	0	0	0	0	8725	57403	0	8725	1804	6921
50820	0	0	0	0	8954	57195	0	8954	1763	7191
50982	0	0	0	0	8792	57303	0	8792	1863	6929
51038	0	0	0	0	8736	57162	0	8736	1833	6903
50982	0	0	0	0	8792	57196	0	8792	1811	6981
49740	0	0	0	0	10034	57277	0	10034	1899	8135
51099	0	0	0	0	8675	57331	0	8675	1830	6845
50966	0	0	0	0	8808	57166	0	8808	1881	6927
50600	0	0	0	0	9174	57139	0	9174	1824	7350
51313	0	0	0	0	8461	57296	0	8461	1847	6614
50655	0	0	0	0	9119	57242	0	9119	1903	7216
50716	0	0	0	0	9058	57323	0	9058	1862	7196
51005	0	0	0	0	8769	57252	0	8769	1879	6890
50671	0	0	0	0	9103	57332	0	9103	1886	7217
51065	0	0	0	0	8709	57342	0	8709	1838	6871
50306	0	0	0	0	9468	57103	0	9468	1963	7505
50758	0	0	0	0	9016	57242	0	9016	1808	7208
51076	0	0	0	0	8698	57203	0	8698	1791	6907
50629	0	0	0	0	9145	57289	0	9145	1865	7280
50410	0	0	0	0	9364	57219	0	9364	1920	7444
50335	0	0	0	0	9439	57211	0	9439	1914	7525
50293	0	0	0	0	9481	57231	0	9481	1892	7589
51199	0	0	0	0	8575	57308	0	8575	1846	6729
51226	0	0	0	0	8548	57316	0	8548	1861	6687
51639	0	0	0	0	8135	57394	0	8135	1738	6397
51124	0	0	0	0	8650	57311	0	8650	1819	6831
50516	0	0	0	0	9258	57097	0	9258	1850	7408
50834	0	0	0	0	8940	57212	0	8940	1951	6989
51059	0	0	0	0	8715	57384	0	8715	1739	6976
50701	0	0	0	0	9073	57062	0	9073	1862	7211
50616	0	0	0	0	9158	57323	0	9158	1833	7325
50999	0	0	0	0	8775	57307	0	8775	1870	6905
51047	0	0	0	0	8727	57138	0	8727	1860	6867
51036	0	0	0	0	8738	57228	0	8738	1794	6944
50711	0	0	0	0	9063	57093	0	9063	1835	7228
50522	0	0	0	0	9252	57334	0	9252	1865	7387
51215	0	0	0	0	8559	57349	0	8559	1781	6778
50763	0	0	0	0	9011	57267	0	9011	1876	7135
50471	0	0	0	0	9303	57034	0	9303	1866	7437
50904	0	0	0	0	8870	57188	0	8870	1829	7041
50798	0	0	0	0	8976	57169	0	8976	1871	7105
50549	0	0	0	0	9225	57377	0	9225	1850	7375
51371	0	0	0	0	8403	57138	0	8403	1780	6623
50862	0	0	0	0	8912	57238	0	8912	1897	7015
51252	0	0	0	0	8522	57034	0	8522	1927	6595
51656	0	0	0	0	8118	57524	0	8118	1869	6249
50269	0	0	0	0	9505	57096	0	9505	1875	7630
50825	0	0	0	0	8949	57312	0	8949	1844	7105
50791	0	0	0	0	8983	57300	0	8983	1874	7109
51628	0	0	0	0	8146	57124	0	8146	1878	6268
49991	0	0	0	0	9783	57286	0	9783	1882	7901
50442	0	0	0	0	9332	57212	0	9332	1897	7435
51071	0	0	0	0	8703	57179	0	8703	1849	6854
50923	0	0	0	0	8851	57303	0	8851	1851	7000
51675	0	0	0	0	8099	57131	0	8099	1846	6253
50828	0	0	0	0	8946	57292	0	8946	1897	7049
50951	0	0	0	0	8823	57233	0	8823	1845	6978
51062	0	0	0	0	8712	57445	0	8712	1949	6763
50555	0	0	0	0	9219	57134	0	9219	1894	7325
50421	0	0	0	0	9353	57158	0	9353	1867	7486
50533	0	0	0	0	9241	57313	0	9241	1828	7413
50883	0	0	0	0	8891	57183	0	8891	1805	7086
51162	0	0	0	0	8612	57159	0	8612	1891	6721
50999	0	0	0	0	8775	57239	0	8775	1910	6865
50578	0	0	0	0	9196	57045	0	9196	1821	7375
50946	0	0	0	0	8828	57355	0	8828	1865	6963
50600	0	0	0	0	9174	57181	0	9174	1810	7364
50628	0	0	0	0	9146	57199	0	9146	1892	7254
50657	0	0	0	0	9117	57195	0	9117	1826	7291
50107	0	0	0	0	9667	57267	0	9667	1905	7762
50814	0	0	0	0	8960	57265	0	8960	1898	7062
50556	0	0	0	0	9218	57198	0	9218	1784	7434
50567	0	0	0	0	9207	57158	0	9207	1870	7337
51091	0	0	0	0	8683	57233	0	8683	1918	6765
50868	0	0	0	0	8906	57129	0	8906	1801	7105
50862	0	0	0	0	8912	57240	0	8912	1847	7065
51099	0	0	0	0	8675	57487	0	8675	1822	6853
50578	0	0	0	0	9196	57260	0	9196	1918	7278
51064	0	0	0	0	8710	57308	0	8710	1838	6872
51765	0	0	0	0	8009	57396	0	8009	1799	6210
50499	0	0	0	0	9275	57213	0	9275	1904	7371
51224	0	0	0	0	8550	57276	0	8550	1878	6672
50905	0	0	0	0	8869	57322	0	8869	1832	7037
50448	0	0	0	0	9326	57337	0	9326	1867	7459
50373	0	0	0	0	9401	57348	0	9401	1761	7640
50854	0	0	0	0	8920	57191	0	8920	1802	7118
51263	0	0	0	0	8511	57191	0	8511	1891	6620
50452	0	0	0	0	9322	57234	0	9322	1979	7343
50514	0	0	0	0	9260	57279	0	9260	1797	7463
50644	0	0	0	0	9130	57160	0	9130	1818	7312
51206	0	0	0	0	8568	57258	0	8568	1770	6798
50806	0	0	0	0	8968	56997	0	8968	1921	7047
50717	0	0	0	0	9057	57193	0	9057	1892	7165
51233	0	0	0	0	8541	57299	0	8541	1821	6720
51137	0	0	0	0	8637	57072	0	8637	1858	6779
50560	0	0	0	0	9214	57184	0	9214	1863	7351
50468	0	0	0	0	9306	57131	0	9306	1857	7449
51344	0	0	0	0	8430	57156	0	8430	1822	6608
51695	0	0	0	0	8079	57356	0	8079	1823	6256
50547	0	0	0	0	9227	57133	0	9227	1820	7407
50315	0	0	0	0	9459	57293	0	9459	1892	7567
50862	0	0	0	0	8912	57188	0	8912	1857	7055
51116	0	0	0	0	8658	57149	0	8658	1915	6743
50996	0	0	0	0	8778	57199	0	8778	1803	6975
50091	0	0	0	0	9683	57283	0	9683	1872	7811
50714	0	0	0	0	9060	57180	0	9060	1812	7248
51608	0	0	0	0	8166	57419	0	8166	1856	6310
51840	0	0	0	0	7934	57108	0	7934	1810	6124
50722	0	0	0	0	9052	57182	0	9052	1811	7241
51219	0	0	0	0	8555	57327	0	8555	1855	6700
51291	0	0	0	0	8483	57230	0	8483	1816	6667
50505	0	0	0	0	9269	57226	0	9269	1841	7428
51000	0	0	0	0	8774	57267	0	8774	1889	6885
50732	0	0	0	0	9042	57058	0	9042	1826	7216
50342	0	0	0	0	9432	57261	0	9432	1916	7516
50083	0	0	0	0	9691	57154	0	9691	1902	7789
50721	0	0	0	0	9053	57252	0	9053	1856	7197
50669	0	0	0	0	9105	57369	0	9105	1849	7256
50758	0	0	0	0	9016	57266	0	9016	1861	7155
50998	0	0	0	0	8776	57292	0	8776	1835	6941
50934	0	0	0	0	8840	57115	0	8840	1869	6971
50702	0	0	0	0	9072	57145	0	9072	1882	7190
50669	0	0	0	0	9105	57311	0	9105	1873	7232
51182	0	0	0	0	8592	57171	0	8592	1882	6710
51077	0	0	0	0	8697	57102	0	8697	1778	6919
50660	0	0	0	0	9114	57266	0	9114	1929	7185
51126	0	0	0	0	8648	57164	0	8648	1861	6787
50855	0	0	0	0	8919	57289	0	8919	1892	7027
51137	0	0	0	0	8637	57317	0	8637	1790	6847
51085	0	0	0	0	8689	57328	0	8689	1835	6854
50796	0	0	0	0	8978	57317	0	8978	1854	7124
50766	0	0	0	0	9008	57282	0	9008	1929	7079
50945	0	0	0	0	8829	57290	0	8829	1867	6962
50783	0	0	0	0	8991	57297	0	8991	1872	7119
51137	0	0	0	0	8637	57277	0	8637	1841	6796
50792	0	0	0	0	8982	57132	0	8982	1829	7153
50714	0	0	0	0	9060	57364	0	9060	1847	7213
51028	0	0	0	0	8746	57352	0	8746	1807	6939
49905	0	0	0	0	9869	57232	0	9869	1782	8087
50781	0	0	0	0	8993	57215	0	8993	1866	7127
51200	0	0	0	0	8574	57363	0	8574	1835	6739
51015	0	0	0	0	8759	57446	0	8759	1742	7017
50816	0	0	0	0	8958	57141	0	8958	1878	7080
50481	0	0	0	0	9293	57375	0	9293	1775	7518
51200	0	0	0	0	8574	57206	0	8574	1774	6800
50987	0	0	0	0	8787	57117	0	8787	1812	6975
50457	0	0	0	0	9317	57342	0	9317	1837	7480
51007	0	0	0	0	8767	57310	0	8767	1826	6941
51113	0	0	0	0	8661	57268	0	8661	1891	6770
50201	0	0	0	0	9573	57102	0	9573	1895	7678
50875	0	0	0	0	8899	57277	0	8899	1779	7120
50876	0	0	0	0	8898	57129	0	8898	1857	7041
50952	0	0	0	0	8822	57086	0	8822	1976	6846
50799	0	0	0	0	8975	57272	0	8975	1869	7106
51105	0	0	0	0	8669	57218	0	8669	1805	6864
51059	0	0	0	0	8715	57327	0	8715	1875	6840
50689	0	0	0	0	9085	57285	0	9085	1857	7228
50619	0	0	0	0	9155	57156	0	9155	1864	7291
50296	0	0	0	0	9478	57264	0	9478	1911	7567
50381	0	0	0	0	9393	57196	0	9393	1835	7558
50739	0	0	0	0	9035	57340	0	9035	1871	7164
50824	0	0	0	0	8950	57068	0	8950	1899	7051
50772	0	0	0	0	9002	57165	0	9002	1908	7094
51252	0	0	0	0	8522	57265	0	8522	1938	6584
50199	0	0	0	0	9575	57125	0	9575	1901	7674
51212	0	0	0	0	8562	57420	0	8562	1759	6803
50592	0	0	0	0	9182	57252	0	9182	1903	7279
50752	0	0	0	0	9022	57224	0	9022	1808	7214
50573	0	0	0	0	9201	57332	0	9201	1863	7338
50680	0	0	0	0	9094	57327	0	9094	1860	7234
51219	0	0	0	0	8555	57379	0	8555	1826	6729
