51042	0	0	0	0	8732	57300	0	8732	1786	6946
49931	0	0	0	0	9843	57188	0	9843	1806	8037
49883	0	0	0	0	9891	57320	0	9891	1787	8104
49683	0	0	0	0	10091	57070	0	10091	1788	8303
50694	0	0	0	0	9080	57246	0	9080	1785	7295
49317	0	0	0	0	10457	57316	0	10457	1786	8671
50510	0	0	0	0	9264	57248	0	9264	1765	7499
50139	0	0	0	0	9635	57152	0	9635	1754	7881
50054	0	0	0	0	9720	57330	0	9720	1774	7946
49901	0	0	0	0	9873	57321	0	9873	1793	8080
50522	0	0	0	0	9252	57251	0	9252	1795	7457
49653	0	0	0	0	10121	57105	0	10121	1764	8357
51092	0	0	0	0	8682	57295	0	8682	1773	6909
50233	0	0	0	0	9541	57146	0	9541	1769	7772
49862	0	0	0	0	9912	57268	0	9912	1786	8126
50925	0	0	0	0	8849	56583	0	8849	1713	7136
50619	0	0	0	0	9155	57088	0	9155	1784	7371
50392	0	0	0	0	9382	57099	0	9382	1784	7598
50518	0	0	0	0	9256	56483	0	9256	1726	7530
50539	0	0	0	0	9235	57191	0	9235	1775	7460
50963	0	0	0	0	8811	57188	0	8811	1788	7023
50589	0	0	0	0	9185	57005	0	9185	1770	7415
50636	0	0	0	0	9138	57244	0	9138	1775	7363
49963	0	0	0	0	9811	57109	0	9811	1802	8009
50051	0	0	0	0	9723	57091	0	9723	1787	7936
49329	0	0	0	0	10445	57155	0	10445	1780	8665
49881	0	0	0	0	9893	57272	0	9893	1800	8093
51095	0	0	0	0	8679	57145	0	8679	1756	6923
50400	0	0	0	0	9374	57016	0	9374	1777	7597
49838	0	0	0	0	9936	57289	0	9936	1793	8143
49993	0	0	0	0	9781	57154	0	9781	1765	8016
50444	0	0	0	0	9330	57287	0	9330	1797	7533
49843	0	0	0	0	9931	57046	0	9931	1776	8155
50966	0	0	0	0	8808	57027	0	8808	1782	7026
51282	0	0	0	0	8492	57037	0	8492	1773	6719
49983	0	0	0	0	9791	57110	0	9791	1773	8018
50028	0	0	0	0	9746	57289	0	9746	1789	7957
49126	0	0	0	0	10648	57265	0	10648	1798	8850
49450	0	0	0	0	10324	57298	0	10324	1789	8535
49461	0	0	0	0	10313	57292	0	10313	1820	8493
49931	0	0	0	0	9843	57061	0	9843	1766	8077
50084	0	0	0	0	9690	57079	0	9690	1777	7913
51462	0	0	0	0	8312	57311	0	8312	1774	6538
50040	0	0	0	0	9734	56991	0	9734	1752	7982
49322	0	0	0	0	10452	57275	0	10452	1788	8664
50294	0	0	0	0	9480	57306	0	9480	1793	7687
49854	0	0	0	0	9920	57015	0	9920	1761	8159
50711	0	0	0	0	9063	57290	0	9063	1761	7302
50270	0	0	0	0	9504	57327	0	9504	1813	7691
50097	0	0	0	0	9677	57248	0	9677	1765	7912
50918	0	0	0	0	8856	57306	0	8856	1786	7070
50064	0	0	0	0	9710	57173	0	9710	1800	7910
49303	0	0	0	0	10471	57314	0	10471	1810	8661
50197	0	0	0	0	9577	57219	0	9577	1762	7815
50097	0	0	0	0	9677	57171	0	9677	1754	7923
50274	0	0	0	0	9500	57040	0	9500	1772	7728
49495	0	0	0	0	10279	57305	0	10279	1767	8512
49710	0	0	0	0	10064	57307	0	10064	1772	8292
51203	0	0	0	0	8571	57260	0	8571	1768	6803
49286	0	0	0	0	10488	57261	0	10488	1780	8708
49859	0	0	0	0	9915	57137	0	9915	1754	8161
51642	0	0	0	0	8132	57307	0	8132	1792	6340
50326	0	0	0	0	9448	57260	0	9448	1793	7655
50123	0	0	0	0	9651	57260	0	9651	1774	7877
50402	0	0	0	0	9372	56724	0	9372	1721	7651
50133	0	0	0	0	9641	57298	0	9641	1762	7879
49644	0	0	0	0	10130	57274	0	10130	1796	8334
50548	0	0	0	0	9226	57123	0	9226	1773	7453
49871	0	0	0	0	9903	57434	0	9903	1801	8102
49549	0	0	0	0	10225	57283	0	10225	1796	8429
50064	0	0	0	0	9710	57143	0	9710	1789	7921
49954	0	0	0	0	9820	57275	0	9820	1790	8030
50381	0	0	0	0	9393	57275	0	9393	1804	7589
50076	0	0	0	0	9698	57200	0	9698	1774	7924
51257	0	0	0	0	8517	57168	0	8517	1773	6744
50490	0	0	0	0	9284	57309	0	9284	1801	7483
49988	0	0	0	0	9786	57162	0	9786	1794	7992
50475	0	0	0	0	9299	57293	0	9299	1773	7526
50136	0	0	0	0	9638	57171	0	9638	1773	7865
50681	0	0	0	0	9093	57304	0	9093	1781	7312
50171	0	0	0	0	9603	57179	0	9603	1761	7842
50448	0	0	0	0	9326	57085	0	9326	1788	7538
50384	0	0	0	0	9390	57084	0	9390	1793	7597
51439	0	0	0	0	8335	57113	0	8335	1741	6594
49416	0	0	0	0	10358	57145	0	10358	1778	8580
49354	0	0	0	0	10420	57320	0	10420	1826	8594
49125	0	0	0	0	10649	57302	0	10649	1804	8845
50990	0	0	0	0	8784	57047	0	8784	1759	7025
49375	0	0	0	0	10399	57289	0	10399	1781	8618
50708	0	0	0	0	9066	56994	0	9066	1767	7299
51231	0	0	0	0	8543	57303	0	8543	1792	6751
50282	0	0	0	0	9492	57307	0	9492	1817	7675
50023	0	0	0	0	9751	57334	0	9751	1784	7967
50223	0	0	0	0	9551	57258	0	9551	1793	7758
50157	0	0	0	0	9617	57082	0	9617	1772	7845
49157	0	0	0	0	10617	57064	0	10617	1773	8844
51040	0	0	0	0	8734	57070	0	8734	1775	6959
49688	0	0	0	0	10086	57137	0	10086	1734	8352
49583	0	0	0	0	10191	57240	0	10191	1768	8423
49296	0	0	0	0	10478	57308	0	10478	1808	8670
50079	0	0	0	0	9695	57030	0	9695	1753	7942
50393	0	0	0	0	9381	57126	0	9381	1790	7591
50279	0	0	0	0	9495	57105	0	9495	1776	7719
49829	0	0	0	0	9945	57253	0	9945	1816	8129
50763	0	0	0	0	9011	57284	0	9011	1799	7212
50603	0	0	0	0	9171	57094	0	9171	1791	7380
50300	0	0	0	0	9474	57223	0	9474	1810	7664
50068	0	0	0	0	9706	57115	0	9706	1774	7932
49372	0	0	0	0	10402	57241	0	10402	1768	8634
51490	0	0	0	0	8284	57280	0	8284	1794	6490
50372	0	0	0	0	9402	57307	0	9402	1780	7622
50457	0	0	0	0	9317	57324	0	9317	1816	7501
50235	0	0	0	0	9539	57284	0	9539	1770	7769
50549	0	0	0	0	9225	57155	0	9225	1774	7451
49537	0	0	0	0	10237	57270	0	10237	1792	8445
49763	0	0	0	0	10011	57159	0	10011	1765	8246
50263	0	0	0	0	9511	57109	0	9511	1797	7714
49829	0	0	0	0	9945	57259	0	9945	1787	8158
50277	0	0	0	0	9497	57045	0	9497	1757	7740
51702	0	0	0	0	8072	57268	0	8072	1796	6276
50127	0	0	0	0	9647	57259	0	9647	1784	7863
49895	0	0	0	0	9879	57345	0	9879	1801	8078
50498	0	0	0	0	9276	57189	0	9276	1739	7537
50912	0	0	0	0	8862	57342	0	8862	1819	7043
50362	0	0	0	0	9412	57254	0	9412	1794	7618
49944	0	0	0	0	9830	57254	0	9830	1770	8060
50203	0	0	0	0	9571	57290	0	9571	1806	7765
49936	0	0	0	0	9838	57156	0	9838	1758	8080
49925	0	0	0	0	9849	57096	0	9849	1791	8058
50243	0	0	0	0	9531	57141	0	9531	1770	7761
50762	0	0	0	0	9012	57114	0	9012	1752	7260
49786	0	0	0	0	9988	57291	0	9988	1796	8192
49380	0	0	0	0	10394	57330	0	10394	1763	8631
51260	0	0	0	0	8514	57304	0	8514	1799	6715
51624	0	0	0	0	8150	57289	0	8150	1771	6379
51095	0	0	0	0	8679	57199	0	8679	1779	6900
50935	0	0	0	0	8839	57261	0	8839	1780	7059
50512	0	0	0	0	9262	57083	0	9262	1777	7485
49666	0	0	0	0	10108	57053	0	10108	1778	8330
49706	0	0	0	0	10068	57254	0	10068	1793	8275
50861	0	0	0	0	8913	56980	0	8913	1739	7174
49332	0	0	0	0	10442	57186	0	10442	1782	8660
50017	0	0	0	0	9757	57035	0	9757	1778	7979
50527	0	0	0	0	9247	57460	0	9247	1806	7441
50785	0	0	0	0	8989	57259	0	8989	1812	7177
49345	0	0	0	0	10429	57209	0	10429	1812	8617
50092	0	0	0	0	9682	57266	0	9682	1752	7930
50469	0	0	0	0	9305	57073	0	9305	1776	7529
49991	0	0	0	0	9783	56748	0	9783	1753	8030
50673	0	0	0	0	9101	57224	0	9101	1767	7334
49893	0	0	0	0	9881	57302	0	9881	1815	8066
50138	0	0	0	0	9636	57102	0	9636	1783	7853
49874	0	0	0	0	9900	57172	0	9900	1775	8125
49761	0	0	0	0	10013	57217	0	10013	1764	8249
50297	0	0	0	0	9477	57202	0	9477	1799	7678
49876	0	0	0	0	9898	57261	0	9898	1778	8120
51140	0	0	0	0	8634	57304	0	8634	1794	6840
50113	0	0	0	0	9661	57108	0	9661	1798	7863
51184	0	0	0	0	8590	57052	0	8590	1749	6841
51034	0	0	0	0	8740	57112	0	8740	1760	6980
49836	0	0	0	0	9938	57126	0	9938	1768	8170
50137	0	0	0	0	9637	57137	0	9637	1770	7867
50149	0	0	0	0	9625	57122	0	9625	1794	7831
51069	0	0	0	0	8705	57292	0	8705	1780	6925
49965	0	0	0	0	9809	57065	0	9809	1767	8042
48952	0	0	0	0	10822	57197	0	10822	1793	9029
50537	0	0	0	0	9237	57097	0	9237	1761	7476
49554	0	0	0	0	10220	57292	0	10220	1799	8421
50465	0	0	0	0	9309	57310	0	9309	1786	7523
49595	0	0	0	0	10179	57200	0	10179	1779	8400
50639	0	0	0	0	9135	57285	0	9135	1799	7336
50742	0	0	0	0	9032	57277	0	9032	1799	7233
50318	0	0	0	0	9456	57320	0	9456	1783	7673
50208	0	0	0	0	9566	57260	0	9566	1781	7785
50309	0	0	0	0	9465	57192	0	9465	1782	7683
50148	0	0	0	0	9626	57273	0	9626	1761	7865
50569	0	0	0	0	9205	57168	0	9205	1781	7424
49485	0	0	0	0	10289	57317	0	10289	1813	8476
50009	0	0	0	0	9765	57300	0	9765	1788	7977
50198	0	0	0	0	9576	57010	0	9576	1777	7799
50470	0	0	0	0	9304	57275	0	9304	1780	7524
50475	0	0	0	0	9299	56966	0	9299	1770	7529
50047	0	0	0	0	9727	56728	0	9727	1739	7988
49938	0	0	0	0	9836	57344	0	9836	1804	8032
49960	0	0	0	0	9814	57156	0	9814	1776	8038
51348	0	0	0	0	8426	57286	0	8426	1813	6613
50587	0	0	0	0	9187	57287	0	9187	1808	7379
49374	0	0	0	0	10400	57414	0	10400	1788	8612
50537	0	0	0	0	9237	57356	0	9237	1794	7443
49748	0	0	0	0	10026	57322	0	10026	1810	8216
50334	0	0	0	0	9440	57146	0	9440	1759	7681
50784	0	0	0	0	8990	57300	0	8990	1778	7212
49686	0	0	0	0	10088	57269	0	10088	1804	8284
50688	0	0	0	0	9086	57261	0	9086	1780	7306
50771	0	0	0	0	9003	57215	0	9003	1764	7239
50346	0	0	0	0	9428	57165	0	9428	1780	7648
50101	0	0	0	0	9673	56592	0	9673	1699	7974
49720	0	0	0	0	10054	57241	0	10054	1763	8291
50838	0	0	0	0	8936	57075	0	8936	1776	7160
50071	0	0	0	0	9703	57295	0	9703	1782	7921
50626	0	0	0	0	9148	57302	0	9148	1791	7357
50909	0	0	0	0	8865	57285	0	8865	1768	7097
50172	0	0	0	0	9602	57060	0	9602	1801	7801
49418	0	0	0	0	10356	57316	0	10356	1801	8555
50146	0	0	0	0	9628	57312	0	9628	1774	7854
50465	0	0	0	0	9309	57199	0	9309	1769	7540
49778	0	0	0	0	9996	57381	0	9996	1781	8215
49648	0	0	0	0	10126	57307	0	10126	1786	8340
50766	0	0	0	0	9008	57136	0	9008	1757	7251
51217	0	0	0	0	8557	57171	0	8557	1822	6735
50086	0	0	0	0	9688	57313	0	9688	1815	7873
51385	0	0	0	0	8389	57297	0	8389	1810	6579
50440	0	0	0	0	9334	57289	0	9334	1791	7543
49670	0	0	0	0	10104	57274	0	10104	1784	8320
49594	0	0	0	0	10180	57279	0	10180	1786	8394
50769	0	0	0	0	9005	57067	0	9005	1771	7234
51091	0	0	0	0	8683	57294	0	8683	1774	6909
50398	0	0	0	0	9376	57296	0	9376	1763	7613
50937	0	0	0	0	8837	57289	0	8837	1773	7064
50270	0	0	0	0	9504	57367	0	9504	1797	7707
49913	0	0	0	0	9861	57270	0	9861	1791	8070
50478	0	0	0	0	9296	57165	0	9296	1781	7515
50319	0	0	0	0	9455	57296	0	9455	1784	7671
49017	0	0	0	0	10757	57320	0	10757	1802	8955
49858	0	0	0	0	9916	57150	0	9916	1771	8145
48985	0	0	0	0	10789	57348	0	10789	1797	8992
50300	0	0	0	0	9474	57032	0	9474	1771	7703
50571	0	0	0	0	9203	57162	0	9203	1768	7435
50816	0	0	0	0	8958	57186	0	8958	1780	7178
50390	0	0	0	0	9384	57318	0	9384	1806	7578
50457	0	0	0	0	9317	57108	0	9317	1770	7547
49994	0	0	0	0	9780	57527	0	9780	1783	7997
48951	0	0	0	0	10823	57290	0	10823	1785	9038
50012	0	0	0	0	9762	57245	0	9762	1784	7978
49803	0	0	0	0	9971	57288	0	9971	1780	8191
50550	0	0	0	0	9224	57376	0	9224	1804	7420
51134	0	0	0	0	8640	57265	0	8640	1806	6834
50192	0	0	0	0	9582	57050	0	9582	1785	7797
50213	0	0	0	0	9561	57312	0	9561	1773	7788
50529	0	0	0	0	9245	57277	0	9245	1805	7440
49761	0	0	0	0	10013	57154	0	10013	1752	8261
50383	0	0	0	0	9391	57269	0	9391	1812	7579
50931	0	0	0	0	8843	57251	0	8843	1794	7049
50070	0	0	0	0	9704	57150	0	9704	1777	7927
49884	0	0	0	0	9890	57129	0	9890	1783	8107
50356	0	0	0	0	9418	57313	0	9418	1805	7613
50420	0	0	0	0	9354	57120	0	9354	1773	7581
51140	0	0	0	0	8634	57268	0	8634	1757	6877
50295	0	0	0	0	9479	57058	0	9479	1787	7692
50404	0	0	0	0	9370	56751	0	9370	1713	7657
50399	0	0	0	0	9375	57160	0	9375	1781	7594
51294	0	0	0	0	8480	57240	0	8480	1796	6684
49462	0	0	0	0	10312	57382	0	10312	1800	8512
50696	0	0	0	0	9078	57170	0	9078	1757	7321
49941	0	0	0	0	9833	57244	0	9833	1804	8029
50207	0	0	0	0	9567	57097	0	9567	1762	7805
49627	0	0	0	0	10147	57228	0	10147	1775	8372
50159	0	0	0	0	9615	57240	0	9615	1768	7847
49945	0	0	0	0	9829	57072	0	9829	1776	8053
50829	0	0	0	0	8945	57099	0	8945	1783	7162
50546	0	0	0	0	9228	57184	0	9228	1786	7442
50229	0	0	0	0	9545	57138	0	9545	1769	7776
50256	0	0	0	0	9518	57056	0	9518	1756	7762
50121	0	0	0	0	9653	56620	0	9653	1708	7945
50146	0	0	0	0	9628	57216	0	9628	1796	7832
50263	0	0	0	0	9511	57231	0	9511	1796	7715
51739	0	0	0	0	8035	57043	0	8035	1753	6282
50754	0	0	0	0	9020	57170	0	9020	1790	7230
50056	0	0	0	0	9718	57330	0	9718	1781	7937
50005	0	0	0	0	9769	57272	0	9769	1804	7965
49865	0	0	0	0	9909	57093	0	9909	1772	8137
50013	0	0	0	0	9761	57052	0	9761	1770	7991
50906	0	0	0	0	8868	57257	0	8868	1793	7075
50916	0	0	0	0	8858	57127	0	8858	1788	7070
50239	0	0	0	0	9535	57253	0	9535	1788	7747
50163	0	0	0	0	9611	57299	0	9611	1806	7805
50728	0	0	0	0	9046	57296	0	9046	1795	7251
50711	0	0	0	0	9063	57264	0	9063	1800	7263
49250	0	0	0	0	10524	57312	0	10524	1790	8734
49779	0	0	0	0	9995	57299	0	9995	1771	8224
50683	0	0	0	0	9091	57100	0	9091	1774	7317
50349	0	0	0	0	9425	57064	0	9425	1761	7664
50499	0	0	0	0	9275	57276	0	9275	1808	7467
50475	0	0	0	0	9299	57213	0	9299	1776	7523
50070	0	0	0	0	9704	57298	0	9704	1780	7924
49874	0	0	0	0	9900	57218	0	9900	1796	8104
50905	0	0	0	0	8869	56934	0	8869	1782	7087
50002	0	0	0	0	9772	57262	0	9772	1795	7977
50217	0	0	0	0	9557	57319	0	9557	1810	7747
49970	0	0	0	0	9804	57244	0	9804	1766	8038
50232	0	0	0	0	9542	57147	0	9542	1764	7778
50713	0	0	0	0	9061	57211	0	9061	1780	7281
49153	0	0	0	0	10621	57366	0	10621	1801	8820
51002	0	0	0	0	8772	57105	0	8772	1790	6982
50888	0	0	0	0	8886	57277	0	8886	1790	7096
50987	0	0	0	0	8787	56967	0	8787	1752	7035
49935	0	0	0	0	9839	57309	0	9839	1792	8047
50306	0	0	0	0	9468	57193	0	9468	1782	7686
50181	0	0	0	0	9593	56611	0	9593	1688	7905
50612	0	0	0	0	9162	57238	0	9162	1777	7385
50461	0	0	0	0	9313	57282	0	9313	1783	7530
51113	0	0	0	0	8661	57317	0	8661	1799	6862
50199	0	0	0	0	9575	57201	0	9575	1786	7789
50161	0	0	0	0	9613	57058	0	9613	1757	7856
49981	0	0	0	0	9793	57188	0	9793	1804	7989
50080	0	0	0	0	9694	57157	0	9694	1787	7907
50450	0	0	0	0	9324	57294	0	9324	1787	7537
50695	0	0	0	0	9079	57275	0	9079	1789	7290
50297	0	0	0	0	9477	57223	0	9477	1791	7686
50487	0	0	0	0	9287	57053	0	9287	1763	7524
50344	0	0	0	0	9430	57308	0	9430	1816	7614
50829	0	0	0	0	8945	57290	0	8945	1789	7156
50561	0	0	0	0	9213	57320	0	9213	1802	7411
50928	0	0	0	0	8846	57243	0	8846	1738	7108
49633	0	0	0	0	10141	57302	0	10141	1806	8335
50793	0	0	0	0	8981	57258	0	8981	1778	7203
50462	0	0	0	0	9312	57232	0	9312	1740	7572
50753	0	0	0	0	9021	57300	0	9021	1808	7213
50936	0	0	0	0	8838	57165	0	8838	1738	7100
50186	0	0	0	0	9588	57226	0	9588	1776	7812
50565	0	0	0	0	9209	57167	0	9209	1787	7422
51154	0	0	0	0	8620	56938	0	8620	1726	6894
50138	0	0	0	0	9636	57315	0	9636	1811	7825
49950	0	0	0	0	9824	57094	0	9824	1794	8030
50197	0	0	0	0	9577	57192	0	9577	1790	7787
50164	0	0	0	0	9610	57168	0	9610	1744	7866
49736	0	0	0	0	10038	57171	0	10038	1796	8242
50051	0	0	0	0	9723	57010	0	9723	1787	7936
50330	0	0	0	0	9444	57128	0	9444	1785	7659
50199	0	0	0	0	9575	57123	0	9575	1748	7827
50223	0	0	0	0	9551	57182	0	9551	1775	7776
49123	0	0	0	0	10651	57169	0	10651	1762	8889
50146	0	0	0	0	9628	57045	0	9628	1772	7856
50282	0	0	0	0	9492	57315	0	9492	1771	7721
50270	0	0	0	0	9504	57264	0	9504	1785	7719
49812	0	0	0	0	9962	57304	0	9962	1767	8195
50474	0	0	0	0	9300	57283	0	9300	1786	7514
49657	0	0	0	0	10117	57238	0	10117	1787	8330
51251	0	0	0	0	8523	57169	0	8523	1776	6747
50374	0	0	0	0	9400	57314	0	9400	1787	7613
50535	0	0	0	0	9239	57298	0	9239	1776	7463
49734	0	0	0	0	10040	57345	0	10040	1815	8225
50420	0	0	0	0	9354	57113	0	9354	1778	7576
49023	0	0	0	0	10751	57301	0	10751	1777	8974
50225	0	0	0	0	9549	57223	0	9549	1787	7762
49732	0	0	0	0	10042	57288	0	10042	1787	8255
51326	0	0	0	0	8448	57005	0	8448	1765	6683
50365	0	0	0	0	9409	57258	0	9409	1802	7607
50674	0	0	0	0	9100	57292	0	9100	1799	7301
50374	0	0	0	0	9400	57283	0	9400	1781	7619
50237	0	0	0	0	9537	57348	0	9537	1804	7733
50687	0	0	0	0	9087	57319	0	9087	1802	7285
50564	0	0	0	0	9210	56462	0	9210	1673	7537
51028	0	0	0	0	8746	57326	0	8746	1813	6933
50069	0	0	0	0	9705	57208	0	9705	1801	7904
50129	0	0	0	0	9645	57135	0	9645	1769	7876
49774	0	0	0	0	10000	57005	0	10000	1774	8226
50630	0	0	0	0	9144	57105	0	9144	1768	7376
50920	0	0	0	0	8854	57150	0	8854	1761	7093
50959	0	0	0	0	8815	57194	0	8815	1786	7029
50472	0	0	0	0	9302	57175	0	9302	1761	7541
51303	0	0	0	0	8471	57075	0	8471	1769	6702
50340	0	0	0	0	9434	57310	0	9434	1775	7659
50127	0	0	0	0	9647	57061	0	9647	1788	7859
50131	0	0	0	0	9643	57279	0	9643	1804	7839
50024	0	0	0	0	9750	57219	0	9750	1777	7973
50246	0	0	0	0	9528	57304	0	9528	1795	7733
50614	0	0	0	0	9160	57016	0	9160	1756	7404
51288	0	0	0	0	8486	57044	0	8486	1744	6742
50093	0	0	0	0	9681	57262	0	9681	1771	7910
49953	0	0	0	0	9821	57266	0	9821	1799	8022
50440	0	0	0	0	9334	57085	0	9334	1776	7558
50492	0	0	0	0	9282	57277	0	9282	1771	7511
49730	0	0	0	0	10044	57132	0	10044	1779	8265
50383	0	0	0	0	9391	57208	0	9391	1758	7633
50643	0	0	0	0	9131	57299	0	9131	1804	7327
51126	0	0	0	0	8648	57173	0	8648	1780	6868
49482	0	0	0	0	10292	57020	0	10292	1763	8529
49867	0	0	0	0	9907	57319	0	9907	1789	8118
50115	0	0	0	0	9659	57287	0	9659	1786	7873
50040	0	0	0	0	9734	57225	0	9734	1795	7939
50688	0	0	0	0	9086	57080	0	9086	1746	7340
50995	0	0	0	0	8779	57325	0	8779	1786	6993
50347	0	0	0	0	9427	57265	0	9427	1797	7630
50125	0	0	0	0	9649	57331	0	9649	1811	7838
50066	0	0	0	0	9708	57232	0	9708	1767	7941
50616	0	0	0	0	9158	57308	0	9158	1771	7387
50938	0	0	0	0	8836	57288	0	8836	1760	7076
51064	0	0	0	0	8710	56736	0	8710	1731	6979
50641	0	0	0	0	9133	57072	0	9133	1776	7357
50338	0	0	0	0	9436	57131	0	9436	1780	7656
50837	0	0	0	0	8937	57247	0	8937	1756	7181
50501	0	0	0	0	9273	57058	0	9273	1795	7478
49658	0	0	0	0	10116	57143	0	10116	1782	8334
50671	0	0	0	0	9103	57068	0	9103	1766	7337
50892	0	0	0	0	8882	56975	0	8882	1760	7122
51341	0	0	0	0	8433	56977	0	8433	1738	6695
50342	0	0	0	0	9432	56665	0	9432	1703	7729
49663	0	0	0	0	10111	57269	0	10111	1820	8291
49699	0	0	0	0	10075	57301	0	10075	1776	8299
50518	0	0	0	0	9256	57074	0	9256	1767	7489
49327	0	0	0	0	10447	57272	0	10447	1765	8682
49980	0	0	0	0	9794	57359	0	9794	1775	8019
50502	0	0	0	0	9272	57220	0	9272	1796	7476
50258	0	0	0	0	9516	57127	0	9516	1810	7706
50789	0	0	0	0	8985	57274	0	8985	1819	7166
49322	0	0	0	0	10452	57282	0	10452	1779	8673
50050	0	0	0	0	9724	57109	0	9724	1765	7959
49963	0	0	0	0	9811	57194	0	9811	1793	8018
49793	0	0	0	0	9981	57146	0	9981	1767	8214
50477	0	0	0	0	9297	56947	0	9297	1762	7535
49743	0	0	0	0	10031	57287	0	10031	1798	8233
50903	0	0	0	0	8871	57004	0	8871	1762	7109
50911	0	0	0	0	8863	57126	0	8863	1783	7080
51027	0	0	0	0	8747	57259	0	8747	1764	6983
49384	0	0	0	0	10390	57088	0	10390	1766	8624
51691	0	0	0	0	8083	57336	0	8083	1806	6277
50371	0	0	0	0	9403	57262	0	9403	1766	7637
50658	0	0	0	0	9116	57119	0	9116	1784	7332
50268	0	0	0	0	9506	57300	0	9506	1762	7744
50724	0	0	0	0	9050	56549	0	9050	1693	7357
49907	0	0	0	0	9867	56999	0	9867	1789	8078
50896	0	0	0	0	8878	57072	0	8878	1791	7087
50356	0	0	0	0	9418	57117	0	9418	1769	7649
49822	0	0	0	0	9952	57052	0	9952	1763	8189
50613	0	0	0	0	9161	57174	0	9161	1758	7403
50074	0	0	0	0	9700	57041	0	9700	1786	7914
50678	0	0	0	0	9096	57288	0	9096	1793	7303
50741	0	0	0	0	9033	57305	0	9033	1774	7259
49677	0	0	0	0	10097	57295	0	10097	1776	8321
50766	0	0	0	0	9008	56581	0	9008	1697	7311
49373	0	0	0	0	10401	57248	0	10401	1782	8619
49731	0	0	0	0	10043	57308	0	10043	1804	8239
50048	0	0	0	0	9726	57301	0	9726	1787	7939
50201	0	0	0	0	9573	57277	0	9573	1789	7784
49877	0	0	0	0	9897	57119	0	9897	1773	8124
51020	0	0	0	0	8754	57319	0	8754	1766	6988
50705	0	0	0	0	9069	57347	0	9069	1805	7264
50040	0	0	0	0	9734	57069	0	9734	1787	7947
51003	0	0	0	0	8771	57296	0	8771	1802	6969
50498	0	0	0	0	9276	57382	0	9276	1800	7476
51324	0	0	0	0	8450	57292	0	8450	1758	6692
50445	0	0	0	0	9329	57261	0	9329	1792	7537
50526	0	0	0	0	9248	57237	0	9248	1777	7471
50340	0	0	0	0	9434	57289	0	9434	1797	7637
50282	0	0	0	0	9492	57331	0	9492	1792	7700
49314	0	0	0	0	10460	57328	0	10460	1799	8661
50911	0	0	0	0	8863	57312	0	8863	1795	7068
49053	0	0	0	0	10721	57097	0	10721	1781	8940
49788	0	0	0	0	9986	57259	0	9986	1778	8208
49721	0	0	0	0	10053	57266	0	10053	1771	8282
50369	0	0	0	0	9405	57111	0	9405	1764	7641
49223	0	0	0	0	10551	57067	0	10551	1767	8784
49791	0	0	0	0	9983	56986	0	9983	1784	8199
50330	0	0	0	0	9444	57103	0	9444	1757	7687
49432	0	0	0	0	10342	57163	0	10342	1785	8557
50088	0	0	0	0	9686	57157	0	9686	1776	7910
50482	0	0	0	0	9292	57312	0	9292	1770	7522
50585	0	0	0	0	9189	57024	0	9189	1783	7406
50450	0	0	0	0	9324	57267	0	9324	1785	7539
50144	0	0	0	0	9630	57059	0	9630	1762	7868
50192	0	0	0	0	9582	57334	0	9582	1799	7783
50392	0	0	0	0	9382	57188	0	9382	1773	7609
50175	0	0	0	0	9599	57295	0	9599	1776	7823
49839	0	0	0	0	9935	57132	0	9935	1788	8147
49994	0	0	0	0	9780	57300	0	9780	1776	8004
49408	0	0	0	0	10366	57194	0	10366	1792	8574
49640	0	0	0	0	10134	57202	0	10134	1779	8355
50696	0	0	0	0	9078	57284	0	9078	1788	7290
50296	0	0	0	0	9478	57371	0	9478	1767	7711
50041	0	0	0	0	9733	57291	0	9733	1784	7949
50901	0	0	0	0	8873	57290	0	8873	1781	7092
50297	0	0	0	0	9477	56968	0	9477	1766	7711
50374	0	0	0	0	9400	57106	0	9400	1777	7623
49979	0	0	0	0	9795	57328	0	9795	1779	8016
49079	0	0	0	0	10695	57008	0	10695	1772	8923
50014	0	0	0	0	9760	57244	0	9760	1794	7966
50666	0	0	0	0	9108	57185	0	9108	1765	7343
51040	0	0	0	0	8734	57282	0	8734	1803	6931
50347	0	0	0	0	9427	57162	0	9427	1785	7642
49958	0	0	0	0	9816	57145	0	9816	1784	8032
50565	0	0	0	0	9209	57253	0	9209	1758	7451
50210	0	0	0	0	9564	57498	0	9564	1803	7761
50076	0	0	0	0	9698	57307	0	9698	1771	7927
50070	0	0	0	0	9704	57270	0	9704	1810	7894
50035	0	0	0	0	9739	57210	0	9739	1791	7948
50223	0	0	0	0	9551	57318	0	9551	1781	7770
50350	0	0	0	0	9424	57269	0	9424	1782	7642
50969	0	0	0	0	8805	56579	0	8805	1690	7115
50928	0	0	0	0	8846	56998	0	8846	1766	7080
50427	0	0	0	0	9347	56967	0	9347	1753	7594
49858	0	0	0	0	9916	57345	0	9916	1811	8105
49699	0	0	0	0	10075	57302	0	10075	1787	8288
50275	0	0	0	0	9499	57331	0	9499	1816	7683
49187	0	0	0	0	10587	57275	0	10587	1779	8808
50946	0	0	0	0	8828	57232	0	8828	1776	7052
50137	0	0	0	0	9637	57313	0	9637	1788	7849
49084	0	0	0	0	10690	57040	0	10690	1790	8900
50392	0	0	0	0	9382	57124	0	9382	1768	7614
50819	0	0	0	0	8955	57135	0	8955	1788	7167
