36015	0	0	0	0	23759	44657	0	23759	14541	9218
36312	0	0	0	0	23462	44608	0	23462	14545	8917
36508	0	0	0	0	23266	44514	0	23266	14383	8883
36415	0	0	0	0	23359	44657	0	23359	14526	8833
36266	0	0	0	0	23508	44633	0	23508	14517	8991
36458	0	0	0	0	23316	44725	0	23316	14573	8743
36216	0	0	0	0	23558	44617	0	23558	14541	9017
36355	0	0	0	0	23419	44625	0	23419	14542	8877
36315	0	0	0	0	23459	44408	0	23459	14367	9092
36370	0	0	0	0	23404	44436	0	23404	14342	9062
36442	0	0	0	0	23332	44616	0	23332	14544	8788
36006	0	0	0	0	23768	44625	0	23768	14492	9276
35963	0	0	0	0	23811	44611	0	23811	14540	9271
35974	0	0	0	0	23800	44593	0	23800	14553	9247
36299	0	0	0	0	23475	44609	0	23475	14485	8990
36228	0	0	0	0	23546	44474	0	23546	14370	9176
36268	0	0	0	0	23506	44642	0	23506	14553	8953
36323	0	0	0	0	23451	44638	0	23451	14536	8915
36442	0	0	0	0	23332	44662	0	23332	14527	8805
36324	0	0	0	0	23450	44389	0	23450	14318	9132
36949	0	0	0	0	22825	44368	0	22825	14305	8520
36619	0	0	0	0	23155	44623	0	23155	14538	8617
36246	0	0	0	0	23528	44662	0	23528	14534	8994
36075	0	0	0	0	23699	44606	0	23699	14515	9184
35959	0	0	0	0	23815	44609	0	23815	14579	9236
36558	0	0	0	0	23216	44365	0	23216	14327	8889
36747	0	0	0	0	23027	44418	0	23027	14297	8730
36181	0	0	0	0	23593	44763	0	23593	14611	8982
35917	0	0	0	0	23857	44670	0	23857	14525	9332
36409	0	0	0	0	23365	44576	0	23365	14483	8882
36419	0	0	0	0	23355	44471	0	23355	14325	9030
36728	0	0	0	0	23046	44536	0	23046	14382	8664
36450	0	0	0	0	23324	44410	0	23324	14289	9035
35886	0	0	0	0	23888	44628	0	23888	14571	9317
36306	0	0	0	0	23468	44449	0	23468	14340	9128
36383	0	0	0	0	23391	44569	0	23391	14540	8851
36086	0	0	0	0	23688	44698	0	23688	14525	9163
36378	0	0	0	0	23396	44651	0	23396	14551	8845
36702	0	0	0	0	23072	44619	0	23072	14557	8515
36330	0	0	0	0	23444	44579	0	23444	14529	8915
36500	0	0	0	0	23274	44622	0	23274	14494	8780
36484	0	0	0	0	23290	44603	0	23290	14530	8760
36739	0	0	0	0	23035	44497	0	23035	14311	8724
36098	0	0	0	0	23676	44603	0	23676	14548	9128
36186	0	0	0	0	23588	44678	0	23588	14532	9056
35723	0	0	0	0	24051	44632	0	24051	14540	9511
36827	0	0	0	0	22947	44453	0	22947	14330	8617
36536	0	0	0	0	23238	44452	0	23238	14311	8927
36139	0	0	0	0	23635	44399	0	23635	14278	9357
36240	0	0	0	0	23534	44345	0	23534	14325	9209
36418	0	0	0	0	23356	44603	0	23356	14523	8833
36365	0	0	0	0	23409	44450	0	23409	14331	9078
36088	0	0	0	0	23686	44674	0	23686	14511	9175
36130	0	0	0	0	23644	44734	0	23644	14611	9033
36130	0	0	0	0	23644	44392	0	23644	14317	9327
36230	0	0	0	0	23544	44614	0	23544	14507	9037
36382	0	0	0	0	23392	44620	0	23392	14525	8867
36137	0	0	0	0	23637	44641	0	23637	14524	9113
36400	0	0	0	0	23374	44447	0	23374	14316	9058
36194	0	0	0	0	23580	44657	0	23580	14530	9050
35999	0	0	0	0	23775	44638	0	23775	14546	9229
36311	0	0	0	0	23463	44681	0	23463	14509	8954
35925	0	0	0	0	23849	44643	0	23849	14531	9318
36214	0	0	0	0	23560	44599	0	23560	14539	9021
36604	0	0	0	0	23170	44467	0	23170	14317	8853
36752	0	0	0	0	23022	44712	0	23022	14546	8476
36558	0	0	0	0	23216	44378	0	23216	14286	8930
36449	0	0	0	0	23325	44422	0	23325	14327	8998
36766	0	0	0	0	23008	44405	0	23008	14316	8692
36475	0	0	0	0	23299	44676	0	23299	14513	8786
36707	0	0	0	0	23067	44634	0	23067	14571	8496
36389	0	0	0	0	23385	44669	0	23385	14529	8856
35709	0	0	0	0	24065	44629	0	24065	14564	9501
36194	0	0	0	0	23580	44623	0	23580	14522	9058
36651	0	0	0	0	23123	44432	0	23123	14308	8815
36037	0	0	0	0	23737	44432	0	23737	14285	9452
36253	0	0	0	0	23521	44653	0	23521	14529	8992
36415	0	0	0	0	23359	44632	0	23359	14522	8837
36076	0	0	0	0	23698	44600	0	23698	14533	9165
36520	0	0	0	0	23254	44639	0	23254	14518	8736
36379	0	0	0	0	23395	44380	0	23395	14347	9048
36373	0	0	0	0	23401	44614	0	23401	14507	8894
36665	0	0	0	0	23109	44483	0	23109	14346	8763
36111	0	0	0	0	23663	44682	0	23663	14536	9127
36155	0	0	0	0	23619	44439	0	23619	14319	9300
36448	0	0	0	0	23326	44385	0	23326	14275	9051
36369	0	0	0	0	23405	44617	0	23405	14538	8867
36003	0	0	0	0	23771	44701	0	23771	14547	9224
36341	0	0	0	0	23433	44612	0	23433	14561	8872
36476	0	0	0	0	23298	44649	0	23298	14548	8750
36761	0	0	0	0	23013	44620	0	23013	14543	8470
36094	0	0	0	0	23680	44661	0	23680	14539	9141
36671	0	0	0	0	23103	44422	0	23103	14336	8767
36692	0	0	0	0	23082	44367	0	23082	14325	8757
36739	0	0	0	0	23035	44414	0	23035	14327	8708
36550	0	0	0	0	23224	44434	0	23224	14312	8912
36287	0	0	0	0	23487	44378	0	23487	14310	9177
36671	0	0	0	0	23103	44649	0	23103	14554	8549
36454	0	0	0	0	23320	44425	0	23320	14328	8992
36329	0	0	0	0	23445	44565	0	23445	14468	8977
37012	0	0	0	0	22762	44502	0	22762	14306	8456
36470	0	0	0	0	23304	44628	0	23304	14552	8752
36346	0	0	0	0	23428	44596	0	23428	14573	8855
36654	0	0	0	0	23120	44356	0	23120	14356	8764
36228	0	0	0	0	23546	44679	0	23546	14568	8978
36496	0	0	0	0	23278	44620	0	23278	14499	8779
36265	0	0	0	0	23509	44622	0	23509	14547	8962
37183	0	0	0	0	22591	44389	0	22591	14284	8307
36008	0	0	0	0	23766	44405	0	23766	14283	9483
36252	0	0	0	0	23522	44667	0	23522	14565	8957
36400	0	0	0	0	23374	44503	0	23374	14315	9059
36539	0	0	0	0	23235	44428	0	23235	14306	8929
36606	0	0	0	0	23168	44452	0	23168	14339	8829
36352	0	0	0	0	23422	44469	0	23422	14320	9102
36499	0	0	0	0	23275	44624	0	23275	14533	8742
36462	0	0	0	0	23312	44686	0	23312	14538	8774
36556	0	0	0	0	23218	44429	0	23218	14314	8904
36568	0	0	0	0	23206	44640	0	23206	14552	8654
36531	0	0	0	0	23243	44466	0	23243	14323	8920
36240	0	0	0	0	23534	44624	0	23534	14569	8965
36057	0	0	0	0	23717	44585	0	23717	14512	9205
35861	0	0	0	0	23913	44684	0	23913	14568	9345
36491	0	0	0	0	23283	44452	0	23283	14301	8982
36721	0	0	0	0	23053	44436	0	23053	14338	8715
36193	0	0	0	0	23581	44594	0	23581	14522	9059
36754	0	0	0	0	23020	44488	0	23020	14334	8686
36718	0	0	0	0	23056	44442	0	23056	14341	8715
36350	0	0	0	0	23424	44424	0	23424	14331	9093
36102	0	0	0	0	23672	44627	0	23672	14510	9162
36609	0	0	0	0	23165	44403	0	23165	14292	8873
36320	0	0	0	0	23454	44413	0	23454	14308	9146
36352	0	0	0	0	23422	44427	0	23422	14303	9119
35867	0	0	0	0	23907	44643	0	23907	14544	9363
36373	0	0	0	0	23401	44630	0	23401	14546	8855
36229	0	0	0	0	23545	44647	0	23545	14552	8993
36609	0	0	0	0	23165	44426	0	23165	14308	8857
36441	0	0	0	0	23333	44615	0	23333	14536	8797
36298	0	0	0	0	23476	44587	0	23476	14481	8995
36191	0	0	0	0	23583	44632	0	23583	14574	9009
36419	0	0	0	0	23355	44630	0	23355	14546	8809
36314	0	0	0	0	23460	44619	0	23460	14545	8915
36480	0	0	0	0	23294	44634	0	23294	14505	8789
36484	0	0	0	0	23290	44648	0	23290	14556	8734
36307	0	0	0	0	23467	44378	0	23467	14328	9139
36401	0	0	0	0	23373	44675	0	23373	14535	8838
35909	0	0	0	0	23865	44652	0	23865	14558	9307
36219	0	0	0	0	23555	44641	0	23555	14503	9052
36262	0	0	0	0	23512	44610	0	23512	14537	8975
36596	0	0	0	0	23178	44452	0	23178	14314	8864
36535	0	0	0	0	23239	44425	0	23239	14304	8935
36462	0	0	0	0	23312	44416	0	23312	14324	8988
36430	0	0	0	0	23344	44662	0	23344	14556	8788
36715	0	0	0	0	23059	44385	0	23059	14291	8768
36193	0	0	0	0	23581	44619	0	23581	14517	9064
36528	0	0	0	0	23246	44447	0	23246	14368	8878
36403	0	0	0	0	23371	44388	0	23371	14309	9062
36394	0	0	0	0	23380	44665	0	23380	14574	8806
36160	0	0	0	0	23614	44621	0	23614	14478	9136
36625	0	0	0	0	23149	44626	0	23149	14532	8617
36562	0	0	0	0	23212	44405	0	23212	14292	8920
36225	0	0	0	0	23549	44395	0	23549	14332	9217
36308	0	0	0	0	23466	44665	0	23466	14530	8936
36257	0	0	0	0	23517	44649	0	23517	14530	8987
36644	0	0	0	0	23130	44598	0	23130	14514	8616
36427	0	0	0	0	23347	44592	0	23347	14513	8834
36179	0	0	0	0	23595	44469	0	23595	14332	9263
36335	0	0	0	0	23439	44395	0	23439	14364	9075
36038	0	0	0	0	23736	44608	0	23736	14538	9198
36355	0	0	0	0	23419	44431	0	23419	14283	9136
36042	0	0	0	0	23732	44623	0	23732	14541	9191
36266	0	0	0	0	23508	44650	0	23508	14599	8909
36314	0	0	0	0	23460	44657	0	23460	14583	8877
36403	0	0	0	0	23371	44635	0	23371	14535	8836
36402	0	0	0	0	23372	44569	0	23372	14489	8883
36245	0	0	0	0	23529	44626	0	23529	14546	8983
36548	0	0	0	0	23226	44433	0	23226	14303	8923
36301	0	0	0	0	23473	44391	0	23473	14351	9122
36077	0	0	0	0	23697	44621	0	23697	14547	9150
36249	0	0	0	0	23525	44688	0	23525	14554	8971
36474	0	0	0	0	23300	44437	0	23300	14342	8958
36259	0	0	0	0	23515	44605	0	23515	14537	8978
36127	0	0	0	0	23647	44429	0	23647	14301	9346
36262	0	0	0	0	23512	44614	0	23512	14508	9004
36138	0	0	0	0	23636	44618	0	23636	14545	9091
36510	0	0	0	0	23264	44483	0	23264	14342	8922
36268	0	0	0	0	23506	44747	0	23506	14540	8966
36097	0	0	0	0	23677	44618	0	23677	14554	9123
36714	0	0	0	0	23060	44658	0	23060	14522	8538
36528	0	0	0	0	23246	44612	0	23246	14538	8708
36095	0	0	0	0	23679	44615	0	23679	14543	9136
36599	0	0	0	0	23175	44510	0	23175	14314	8861
36515	0	0	0	0	23259	44424	0	23259	14304	8955
36380	0	0	0	0	23394	44633	0	23394	14536	8858
36778	0	0	0	0	22996	44441	0	22996	14265	8731
36542	0	0	0	0	23232	44492	0	23232	14373	8859
36115	0	0	0	0	23659	44626	0	23659	14558	9101
35921	0	0	0	0	23853	44620	0	23853	14552	9301
36248	0	0	0	0	23526	44599	0	23526	14507	9019
36228	0	0	0	0	23546	44594	0	23546	14525	9021
36673	0	0	0	0	23101	44349	0	23101	14334	8767
36140	0	0	0	0	23634	44584	0	23634	14539	9095
36595	0	0	0	0	23179	44667	0	23179	14527	8652
36131	0	0	0	0	23643	44620	0	23643	14527	9116
36403	0	0	0	0	23371	44568	0	23371	14476	8895
36564	0	0	0	0	23210	44681	0	23210	14548	8662
36523	0	0	0	0	23251	44424	0	23251	14333	8918
36351	0	0	0	0	23423	44646	0	23423	14578	8845
36125	0	0	0	0	23649	44394	0	23649	14276	9373
36877	0	0	0	0	22897	44631	0	22897	14557	8340
36494	0	0	0	0	23280	44383	0	23280	14312	8968
36534	0	0	0	0	23240	44651	0	23240	14545	8695
35819	0	0	0	0	23955	44593	0	23955	14509	9446
36143	0	0	0	0	23631	44631	0	23631	14544	9087
36577	0	0	0	0	23197	44397	0	23197	14331	8866
36545	0	0	0	0	23229	44419	0	23229	14282	8947
36669	0	0	0	0	23105	44388	0	23105	14348	8757
36352	0	0	0	0	23422	44631	0	23422	14538	8884
36067	0	0	0	0	23707	44648	0	23707	14524	9183
36360	0	0	0	0	23414	44637	0	23414	14518	8896
36465	0	0	0	0	23309	44555	0	23309	14351	8958
36129	0	0	0	0	23645	44619	0	23645	14521	9124
36137	0	0	0	0	23637	44745	0	23637	14622	9015
36413	0	0	0	0	23361	44596	0	23361	14550	8811
36203	0	0	0	0	23571	44640	0	23571	14550	9021
36054	0	0	0	0	23720	44643	0	23720	14565	9155
36499	0	0	0	0	23275	44629	0	23275	14502	8773
36438	0	0	0	0	23336	44390	0	23336	14341	8995
35866	0	0	0	0	23908	44679	0	23908	14503	9405
36496	0	0	0	0	23278	44639	0	23278	14542	8736
36091	0	0	0	0	23683	44583	0	23683	14510	9173
36875	0	0	0	0	22899	44451	0	22899	14339	8560
36424	0	0	0	0	23350	44600	0	23350	14557	8793
36351	0	0	0	0	23423	44639	0	23423	14579	8844
36321	0	0	0	0	23453	44627	0	23453	14587	8866
36090	0	0	0	0	23684	44642	0	23684	14534	9150
36169	0	0	0	0	23605	44651	0	23605	14568	9037
36228	0	0	0	0	23546	44623	0	23546	14555	8991
36466	0	0	0	0	23308	44639	0	23308	14534	8774
36732	0	0	0	0	23042	44376	0	23042	14318	8724
36190	0	0	0	0	23584	44613	0	23584	14532	9052
36289	0	0	0	0	23485	44379	0	23485	14305	9180
36344	0	0	0	0	23430	44617	0	23430	14526	8904
35944	0	0	0	0	23830	44696	0	23830	14579	9251
36347	0	0	0	0	23427	44395	0	23427	14325	9102
36453	0	0	0	0	23321	44442	0	23321	14288	9033
36135	0	0	0	0	23639	44641	0	23639	14541	9098
36711	0	0	0	0	23063	44637	0	23063	14531	8532
36212	0	0	0	0	23562	44644	0	23562	14542	9020
36604	0	0	0	0	23170	44421	0	23170	14303	8867
36436	0	0	0	0	23338	44593	0	23338	14515	8823
36012	0	0	0	0	23762	44610	0	23762	14548	9214
36655	0	0	0	0	23119	44614	0	23119	14552	8567
36529	0	0	0	0	23245	44590	0	23245	14560	8685
36187	0	0	0	0	23587	44644	0	23587	14493	9094
36291	0	0	0	0	23483	44654	0	23483	14518	8965
36389	0	0	0	0	23385	44386	0	23385	14304	9081
36289	0	0	0	0	23485	44589	0	23485	14564	8921
36429	0	0	0	0	23345	44621	0	23345	14501	8844
36327	0	0	0	0	23447	44411	0	23447	14314	9133
35650	0	0	0	0	24124	44590	0	24124	14506	9618
36217	0	0	0	0	23557	44619	0	23557	14544	9013
36234	0	0	0	0	23540	44621	0	23540	14478	9062
36385	0	0	0	0	23389	44601	0	23389	14526	8863
36286	0	0	0	0	23488	44656	0	23488	14528	8960
36480	0	0	0	0	23294	44669	0	23294	14541	8753
36648	0	0	0	0	23126	44692	0	23126	14535	8591
36282	0	0	0	0	23492	44417	0	23492	14341	9151
35980	0	0	0	0	23794	44638	0	23794	14569	9225
36358	0	0	0	0	23416	44453	0	23416	14311	9105
36424	0	0	0	0	23350	44426	0	23350	14313	9037
36485	0	0	0	0	23289	44587	0	23289	14525	8764
36220	0	0	0	0	23554	44604	0	23554	14525	9029
36263	0	0	0	0	23511	44702	0	23511	14582	8929
36663	0	0	0	0	23111	44411	0	23111	14335	8776
36576	0	0	0	0	23198	44473	0	23198	14353	8845
36415	0	0	0	0	23359	44599	0	23359	14510	8849
36559	0	0	0	0	23215	44638	0	23215	14534	8681
36151	0	0	0	0	23623	44640	0	23623	14525	9098
36368	0	0	0	0	23406	44659	0	23406	14574	8832
36260	0	0	0	0	23514	44604	0	23514	14575	8939
36436	0	0	0	0	23338	44604	0	23338	14490	8848
36542	0	0	0	0	23232	44427	0	23232	14300	8932
36006	0	0	0	0	23768	44591	0	23768	14508	9260
35651	0	0	0	0	24123	44592	0	24123	14524	9599
36223	0	0	0	0	23551	44469	0	23551	14339	9212
36432	0	0	0	0	23342	44436	0	23342	14325	9017
36228	0	0	0	0	23546	44617	0	23546	14549	8997
36506	0	0	0	0	23268	44627	0	23268	14506	8762
36142	0	0	0	0	23632	44632	0	23632	14544	9088
36961	0	0	0	0	22813	44450	0	22813	14318	8495
36595	0	0	0	0	23179	44407	0	23179	14356	8823
36211	0	0	0	0	23563	44602	0	23563	14514	9049
36297	0	0	0	0	23477	44403	0	23477	14339	9138
36099	0	0	0	0	23675	44617	0	23675	14527	9148
36329	0	0	0	0	23445	44611	0	23445	14529	8916
36432	0	0	0	0	23342	44610	0	23342	14500	8842
36392	0	0	0	0	23382	44643	0	23382	14518	8864
36206	0	0	0	0	23568	44396	0	23568	14340	9228
36025	0	0	0	0	23749	44620	0	23749	14526	9223
36183	0	0	0	0	23591	44628	0	23591	14569	9022
36483	0	0	0	0	23291	44457	0	23291	14332	8959
36962	0	0	0	0	22812	44456	0	22812	14302	8510
36754	0	0	0	0	23020	44417	0	23020	14320	8700
36422	0	0	0	0	23352	44422	0	23352	14266	9086
36592	0	0	0	0	23182	44628	0	23182	14517	8665
36691	0	0	0	0	23083	44434	0	23083	14319	8764
36257	0	0	0	0	23517	44630	0	23517	14553	8964
35890	0	0	0	0	23884	44643	0	23884	14545	9339
36212	0	0	0	0	23562	44718	0	23562	14539	9023
36553	0	0	0	0	23221	44462	0	23221	14332	8889
36158	0	0	0	0	23616	44384	0	23616	14343	9273
36895	0	0	0	0	22879	44404	0	22879	14335	8544
36590	0	0	0	0	23184	44374	0	23184	14347	8837
36184	0	0	0	0	23590	44720	0	23590	14622	8968
36269	0	0	0	0	23505	44636	0	23505	14527	8978
36272	0	0	0	0	23502	44646	0	23502	14547	8955
35950	0	0	0	0	23824	44608	0	23824	14510	9314
36136	0	0	0	0	23638	44605	0	23638	14544	9094
36662	0	0	0	0	23112	44455	0	23112	14347	8765
36325	0	0	0	0	23449	44600	0	23449	14521	8928
36037	0	0	0	0	23737	44622	0	23737	14610	9127
36294	0	0	0	0	23480	44417	0	23480	14319	9161
36783	0	0	0	0	22991	44413	0	22991	14268	8723
36637	0	0	0	0	23137	44441	0	23137	14320	8817
36647	0	0	0	0	23127	44340	0	23127	14280	8847
36899	0	0	0	0	22875	44432	0	22875	14359	8516
36544	0	0	0	0	23230	44432	0	23230	14285	8945
36109	0	0	0	0	23665	44639	0	23665	14555	9110
36234	0	0	0	0	23540	44613	0	23540	14540	9000
36126	0	0	0	0	23648	44482	0	23648	14302	9346
36351	0	0	0	0	23423	44427	0	23423	14329	9094
36429	0	0	0	0	23345	44555	0	23345	14466	8879
37192	0	0	0	0	22582	44399	0	22582	14323	8259
36687	0	0	0	0	23087	44429	0	23087	14313	8774
36308	0	0	0	0	23466	44599	0	23466	14548	8918
36439	0	0	0	0	23335	44657	0	23335	14601	8734
36419	0	0	0	0	23355	44677	0	23355	14543	8812
36638	0	0	0	0	23136	44405	0	23136	14352	8784
36461	0	0	0	0	23313	44420	0	23313	14335	8978
36694	0	0	0	0	23080	44421	0	23080	14368	8712
36542	0	0	0	0	23232	44584	0	23232	14526	8706
36446	0	0	0	0	23328	44453	0	23328	14341	8987
36147	0	0	0	0	23627	44666	0	23627	14532	9095
36330	0	0	0	0	23444	44475	0	23444	14270	9174
36341	0	0	0	0	23433	44377	0	23433	14357	9076
36241	0	0	0	0	23533	44625	0	23533	14563	8970
36298	0	0	0	0	23476	44432	0	23476	14351	9125
36335	0	0	0	0	23439	44444	0	23439	14294	9145
36794	0	0	0	0	22980	44470	0	22980	14339	8641
35961	0	0	0	0	23813	44631	0	23813	14588	9225
35746	0	0	0	0	24028	44614	0	24028	14495	9533
36371	0	0	0	0	23403	44431	0	23403	14278	9125
35935	0	0	0	0	23839	44610	0	23839	14516	9323
36248	0	0	0	0	23526	44597	0	23526	14535	8991
36377	0	0	0	0	23397	44426	0	23397	14365	9032
36374	0	0	0	0	23400	44429	0	23400	14259	9141
36247	0	0	0	0	23527	44653	0	23527	14573	8954
36250	0	0	0	0	23524	44636	0	23524	14582	8942
36047	0	0	0	0	23727	44664	0	23727	14580	9147
36526	0	0	0	0	23248	44626	0	23248	14550	8698
36368	0	0	0	0	23406	44416	0	23406	14323	9083
36064	0	0	0	0	23710	44590	0	23710	14548	9162
36359	0	0	0	0	23415	44465	0	23415	14271	9144
36869	0	0	0	0	22905	44371	0	22905	14296	8609
36180	0	0	0	0	23594	44411	0	23594	14375	9219
36200	0	0	0	0	23574	44624	0	23574	14510	9064
36341	0	0	0	0	23433	44577	0	23433	14486	8947
36628	0	0	0	0	23146	44411	0	23146	14318	8828
36617	0	0	0	0	23157	44467	0	23157	14286	8871
36323	0	0	0	0	23451	44637	0	23451	14517	8934
36289	0	0	0	0	23485	44557	0	23485	14516	8969
36337	0	0	0	0	23437	44653	0	23437	14538	8899
36001	0	0	0	0	23773	44677	0	23773	14567	9206
36466	0	0	0	0	23308	44598	0	23308	14507	8801
36379	0	0	0	0	23395	44591	0	23395	14545	8850
37080	0	0	0	0	22694	44474	0	22694	14315	8379
36226	0	0	0	0	23548	44662	0	23548	14527	9021
36286	0	0	0	0	23488	44378	0	23488	14289	9199
36548	0	0	0	0	23226	44434	0	23226	14298	8928
36506	0	0	0	0	23268	44608	0	23268	14533	8735
36453	0	0	0	0	23321	44652	0	23321	14563	8758
36868	0	0	0	0	22906	44448	0	22906	14314	8592
36470	0	0	0	0	23304	44647	0	23304	14491	8813
36208	0	0	0	0	23566	44728	0	23566	14627	8939
36357	0	0	0	0	23417	44622	0	23417	14532	8885
36152	0	0	0	0	23622	44438	0	23622	14347	9275
36070	0	0	0	0	23704	44610	0	23704	14528	9176
36378	0	0	0	0	23396	44392	0	23396	14294	9102
36242	0	0	0	0	23532	44404	0	23532	14346	9186
36298	0	0	0	0	23476	44392	0	23476	14270	9206
35834	0	0	0	0	23940	44597	0	23940	14555	9385
36615	0	0	0	0	23159	44631	0	23159	14561	8598
36428	0	0	0	0	23346	44604	0	23346	14524	8822
36600	0	0	0	0	23174	44626	0	23174	14485	8689
36661	0	0	0	0	23113	44547	0	23113	14358	8755
36416	0	0	0	0	23358	44627	0	23358	14536	8822
36551	0	0	0	0	23223	44410	0	23223	14286	8937
36078	0	0	0	0	23696	44591	0	23696	14488	9208
36391	0	0	0	0	23383	44607	0	23383	14520	8863
36060	0	0	0	0	23714	44649	0	23714	14537	9177
36243	0	0	0	0	23531	44623	0	23531	14531	9000
36146	0	0	0	0	23628	44648	0	23628	14547	9081
36362	0	0	0	0	23412	44397	0	23412	14331	9081
36421	0	0	0	0	23353	44597	0	23353	14512	8841
36605	0	0	0	0	23169	44414	0	23169	14335	8834
36485	0	0	0	0	23289	44381	0	23289	14344	8945
36387	0	0	0	0	23387	44632	0	23387	14544	8843
36213	0	0	0	0	23561	44555	0	23561	14508	9053
36472	0	0	0	0	23302	44452	0	23302	14341	8961
35873	0	0	0	0	23901	44628	0	23901	14529	9372
36473	0	0	0	0	23301	44629	0	23301	14523	8778
36475	0	0	0	0	23299	44429	0	23299	14373	8926
36612	0	0	0	0	23162	44476	0	23162	14369	8793
36266	0	0	0	0	23508	44621	0	23508	14560	8948
36542	0	0	0	0	23232	44447	0	23232	14332	8900
35995	0	0	0	0	23779	44605	0	23779	14515	9264
36539	0	0	0	0	23235	44399	0	23235	14335	8900
36455	0	0	0	0	23319	44608	0	23319	14535	8784
36475	0	0	0	0	23299	44464	0	23299	14386	8913
36089	0	0	0	0	23685	44653	0	23685	14566	9119
36571	0	0	0	0	23203	44476	0	23203	14313	8890
36030	0	0	0	0	23744	44601	0	23744	14501	9243
36319	0	0	0	0	23455	44619	0	23455	14537	8918
36538	0	0	0	0	23236	44438	0	23236	14310	8926
35931	0	0	0	0	23843	44600	0	23843	14528	9315
35668	0	0	0	0	24106	44728	0	24106	14592	9514
36486	0	0	0	0	23288	44649	0	23288	14580	8708
36727	0	0	0	0	23047	44404	0	23047	14283	8764
36608	0	0	0	0	23166	44638	0	23166	14486	8680
36318	0	0	0	0	23456	44394	0	23456	14310	9146
35873	0	0	0	0	23901	44612	0	23901	14550	9351
36251	0	0	0	0	23523	44633	0	23523	14562	8961
36700	0	0	0	0	23074	44525	0	23074	14342	8732
36579	0	0	0	0	23195	44460	0	23195	14336	8859
36463	0	0	0	0	23311	44422	0	23311	14322	8989
36582	0	0	0	0	23192	44464	0	23192	14314	8878
36579	0	0	0	0	23195	44670	0	23195	14530	8665
36331	0	0	0	0	23443	44428	0	23443	14343	9100
36443	0	0	0	0	23331	44642	0	23331	14552	8779
35933	0	0	0	0	23841	44676	0	23841	14528	9313
36772	0	0	0	0	23002	44480	0	23002	14350	8652
36042	0	0	0	0	23732	44598	0	23732	14514	9218
36242	0	0	0	0	23532	44680	0	23532	14522	9010
36278	0	0	0	0	23496	44651	0	23496	14555	8941
36009	0	0	0	0	23765	44662	0	23765	14536	9229
36083	0	0	0	0	23691	44659	0	23691	14567	9124
36245	0	0	0	0	23529	44631	0	23529	14555	8974
36648	0	0	0	0	23126	44616	0	23126	14498	8628
36728	0	0	0	0	23046	44480	0	23046	14270	8776
36383	0	0	0	0	23391	44379	0	23391	14367	9024
36422	0	0	0	0	23352	44380	0	23352	14322	9030
36320	0	0	0	0	23454	44586	0	23454	14537	8917
36095	0	0	0	0	23679	44408	0	23679	14234	9445
36587	0	0	0	0	23187	44400	0	23187	14353	8834
36355	0	0	0	0	23419	44683	0	23419	14539	8880
36173	0	0	0	0	23601	44441	0	23601	14349	9252
36301	0	0	0	0	23473	44403	0	23473	14331	9142
36245	0	0	0	0	23529	44517	0	23529	14414	9115
36487	0	0	0	0	23287	44438	0	23287	14357	8930
36408	0	0	0	0	23366	44650	0	23366	14539	8827
36222	0	0	0	0	23552	44663	0	23552	14558	8994
36283	0	0	0	0	23491	44632	0	23491	14487	9004
36258	0	0	0	0	23516	44660	0	23516	14552	8964
36234	0	0	0	0	23540	44785	0	23540	14607	8933
36442	0	0	0	0	23332	44419	0	23332	14323	9009
36487	0	0	0	0	23287	44501	0	23287	14393	8894
36248	0	0	0	0	23526	44673	0	23526	14552	8974
36584	0	0	0	0	23190	44457	0	23190	14332	8858
36149	0	0	0	0	23625	44596	0	23625	14498	9127
36469	0	0	0	0	23305	44657	0	23305	14526	8779
36367	0	0	0	0	23407	44671	0	23407	14546	8861
35914	0	0	0	0	23860	44620	0	23860	14516	9344
36424	0	0	0	0	23350	44619	0	23350	14549	8801
36239	0	0	0	0	23535	44636	0	23535	14562	8973
36272	0	0	0	0	23502	44621	0	23502	14506	8996
36098	0	0	0	0	23676	44631	0	23676	14537	9139
36017	0	0	0	0	23757	44617	0	23757	14542	9215
36372	0	0	0	0	23402	44420	0	23402	14338	9064
36608	0	0	0	0	23166	44364	0	23166	14296	8870
36161	0	0	0	0	23613	44653	0	23613	14520	9093
36186	0	0	0	0	23588	44644	0	23588	14550	9038
36438	0	0	0	0	23336	44583	0	23336	14555	8781
36110	0	0	0	0	23664	44581	0	23664	14515	9149
36076	0	0	0	0	23698	44642	0	23698	14536	9162
36704	0	0	0	0	23070	44465	0	23070	14296	8774
36211	0	0	0	0	23563	44631	0	23563	14477	9086
36238	0	0	0	0	23536	44710	0	23536	14609	8927
36502	0	0	0	0	23272	44679	0	23272	14478	8794
36535	0	0	0	0	23239	44422	0	23239	14331	8908
36317	0	0	0	0	23457	44615	0	23457	14588	8869
36418	0	0	0	0	23356	44640	0	23356	14504	8852
36493	0	0	0	0	23281	44596	0	23281	14510	8771
36117	0	0	0	0	23657	44616	0	23657	14546	9111
36742	0	0	0	0	23032	44400	0	23032	14356	8676
36396	0	0	0	0	23378	44446	0	23378	14348	9030
36333	0	0	0	0	23441	44661	0	23441	14515	8926
36269	0	0	0	0	23505	44625	0	23505	14557	8948
35935	0	0	0	0	23839	44651	0	23839	14572	9267
36353	0	0	0	0	23421	44407	0	23421	14327	9094
35853	0	0	0	0	23921	44585	0	23921	14538	9383
