48475	0	0	0	0	11299	58941	0	11299	3	11296
48396	0	0	0	0	11378	59022	0	11378	3	11375
48665	0	0	0	0	11109	58804	0	11109	3	11106
49112	0	0	0	0	10662	59038	0	10662	3	10659
48236	0	0	0	0	11538	59071	0	11538	3	11535
48464	0	0	0	0	11310	58907	0	11310	3	11307
48677	0	0	0	0	11097	59018	0	11097	3	11094
47831	0	0	0	0	11943	58972	0	11943	3	11940
48941	0	0	0	0	10833	59082	0	10833	3	10830
48530	0	0	0	0	11244	59056	0	11244	3	11241
48902	0	0	0	0	10872	59041	0	10872	3	10869
48087	0	0	0	0	11687	59035	0	11687	3	11684
47855	0	0	0	0	11919	58882	0	11919	3	11916
48416	0	0	0	0	11358	58969	0	11358	3	11355
49080	0	0	0	0	10694	59080	0	10694	3	10691
48413	0	0	0	0	11361	59041	0	11361	3	11358
49259	0	0	0	0	10515	59085	0	10515	3	10512
48773	0	0	0	0	11001	59218	0	11001	3	10998
48768	0	0	0	0	11006	59051	0	11006	3	11003
47927	0	0	0	0	11847	58768	0	11847	3	11844
48076	0	0	0	0	11698	59064	0	11698	3	11695
47828	0	0	0	0	11946	59135	0	11946	3	11943
48789	0	0	0	0	10985	59079	0	10985	3	10982
48717	0	0	0	0	11057	59070	0	11057	3	11054
48309	0	0	0	0	11465	59019	0	11465	3	11462
48807	0	0	0	0	10967	58727	0	10967	3	10964
48623	0	0	0	0	11151	59087	0	11151	3	11148
48838	0	0	0	0	10936	59132	0	10936	3	10933
48181	0	0	0	0	11593	59132	0	11593	3	11590
47977	0	0	0	0	11797	58717	0	11797	3	11794
48893	0	0	0	0	10881	58957	0	10881	3	10878
48805	0	0	0	0	10969	58757	0	10969	3	10966
48446	0	0	0	0	11328	58829	0	11328	3	11325
48942	0	0	0	0	10832	58871	0	10832	3	10829
50056	0	0	0	0	9718	58978	0	9718	3	9715
48972	0	0	0	0	10802	59093	0	10802	3	10799
48849	0	0	0	0	10925	58763	0	10925	3	10922
48638	0	0	0	0	11136	58728	0	11136	3	11133
49311	0	0	0	0	10463	59130	0	10463	3	10460
48721	0	0	0	0	11053	59079	0	11053	3	11050
48548	0	0	0	0	11226	59050	0	11226	3	11223
49205	0	0	0	0	10569	58995	0	10569	3	10566
48772	0	0	0	0	11002	59000	0	11002	3	10999
49154	0	0	0	0	10620	59060	0	10620	3	10617
48593	0	0	0	0	11181	58634	0	11181	3	11178
47580	0	0	0	0	12194	59012	0	12194	3	12191
49919	0	0	0	0	9855	58692	0	9855	3	9852
49654	0	0	0	0	10120	58875	0	10120	3	10117
48111	0	0	0	0	11663	59109	0	11663	3	11660
48292	0	0	0	0	11482	59057	0	11482	3	11479
49215	0	0	0	0	10559	58842	0	10559	3	10556
48870	0	0	0	0	10904	59011	0	10904	3	10901
48312	0	0	0	0	11462	58997	0	11462	3	11459
48150	0	0	0	0	11624	58914	0	11624	3	11621
48503	0	0	0	0	11271	59074	0	11271	3	11268
49051	0	0	0	0	10723	58712	0	10723	3	10720
48343	0	0	0	0	11431	59006	0	11431	3	11428
49091	0	0	0	0	10683	58955	0	10683	3	10680
49273	0	0	0	0	10501	58750	0	10501	3	10498
48581	0	0	0	0	11193	58871	0	11193	3	11190
48195	0	0	0	0	11579	58961	0	11579	3	11576
48468	0	0	0	0	11306	59047	0	11306	3	11303
48332	0	0	0	0	11442	58858	0	11442	3	11439
48437	0	0	0	0	11337	59326	0	11337	3	11334
48454	0	0	0	0	11320	59099	0	11320	3	11317
48125	0	0	0	0	11649	58924	0	11649	3	11646
48444	0	0	0	0	11330	59070	0	11330	3	11327
47863	0	0	0	0	11911	58851	0	11911	3	11908
48388	0	0	0	0	11386	58882	0	11386	3	11383
48243	0	0	0	0	11531	59083	0	11531	3	11528
48713	0	0	0	0	11061	59090	0	11061	3	11058
48597	0	0	0	0	11177	59100	0	11177	3	11174
48619	0	0	0	0	11155	58986	0	11155	3	11152
48225	0	0	0	0	11549	59101	0	11549	3	11546
48836	0	0	0	0	10938	59091	0	10938	3	10935
48856	0	0	0	0	10918	58673	0	10918	3	10915
48917	0	0	0	0	10857	59026	0	10857	3	10854
48125	0	0	0	0	11649	59064	0	11649	3	11646
48701	0	0	0	0	11073	58877	0	11073	3	11070
48665	0	0	0	0	11109	59148	0	11109	3	11106
48358	0	0	0	0	11416	58861	0	11416	3	11413
48590	0	0	0	0	11184	58986	0	11184	3	11181
49161	0	0	0	0	10613	59077	0	10613	3	10610
48297	0	0	0	0	11477	59057	0	11477	3	11474
48779	0	0	0	0	10995	59293	0	10995	3	10992
48069	0	0	0	0	11705	59068	0	11705	3	11702
48617	0	0	0	0	11157	59036	0	11157	3	11154
48308	0	0	0	0	11466	59059	0	11466	3	11463
48246	0	0	0	0	11528	59001	0	11528	3	11525
48936	0	0	0	0	10838	58755	0	10838	3	10835
48676	0	0	0	0	11098	59071	0	11098	3	11095
49177	0	0	0	0	10597	59067	0	10597	3	10594
48134	0	0	0	0	11640	59012	0	11640	3	11637
48440	0	0	0	0	11334	58786	0	11334	3	11331
48362	0	0	0	0	11412	59135	0	11412	3	11409
49125	0	0	0	0	10649	59112	0	10649	3	10646
49041	0	0	0	0	10733	58977	0	10733	3	10730
48488	0	0	0	0	11286	59022	0	11286	3	11283
48413	0	0	0	0	11361	59216	0	11361	3	11358
48700	0	0	0	0	11074	58905	0	11074	3	11071
49135	0	0	0	0	10639	58713	0	10639	3	10636
49162	0	0	0	0	10612	59064	0	10612	3	10609
49026	0	0	0	0	10748	59054	0	10748	3	10745
48093	0	0	0	0	11681	59017	0	11681	3	11678
48393	0	0	0	0	11381	59088	0	11381	3	11378
48992	0	0	0	0	10782	59112	0	10782	3	10779
48367	0	0	0	0	11407	59081	0	11407	3	11404
48544	0	0	0	0	11230	58731	0	11230	3	11227
48243	0	0	0	0	11531	58886	0	11531	3	11528
48704	0	0	0	0	11070	59093	0	11070	3	11067
48824	0	0	0	0	10950	59040	0	10950	3	10947
49486	0	0	0	0	10288	58727	0	10288	3	10285
48706	0	0	0	0	11068	58957	0	11068	3	11065
47754	0	0	0	0	12020	58927	0	12020	3	12017
48528	0	0	0	0	11246	58870	0	11246	3	11243
48862	0	0	0	0	10912	59050	0	10912	3	10909
49281	0	0	0	0	10493	58918	0	10493	3	10490
48442	0	0	0	0	11332	58965	0	11332	3	11329
48819	0	0	0	0	10955	59022	0	10955	3	10952
48255	0	0	0	0	11519	59081	0	11519	3	11516
48726	0	0	0	0	11048	59070	0	11048	3	11045
49015	0	0	0	0	10759	58993	0	10759	3	10756
48701	0	0	0	0	11073	59027	0	11073	3	11070
47712	0	0	0	0	12062	58837	0	12062	3	12059
48083	0	0	0	0	11691	59184	0	11691	3	11688
47874	0	0	0	0	11900	58942	0	11900	3	11897
48999	0	0	0	0	10775	59088	0	10775	3	10772
49119	0	0	0	0	10655	58757	0	10655	3	10652
48951	0	0	0	0	10823	59088	0	10823	3	10820
47063	0	0	0	0	12711	58829	0	12711	3	12708
48223	0	0	0	0	11551	58666	0	11551	3	11548
48784	0	0	0	0	10990	59027	0	10990	3	10987
48340	0	0	0	0	11434	58709	0	11434	3	11431
48878	0	0	0	0	10896	59049	0	10896	3	10893
48275	0	0	0	0	11499	59147	0	11499	3	11496
48366	0	0	0	0	11408	59061	0	11408	3	11405
48266	0	0	0	0	11508	59241	0	11508	3	11505
48181	0	0	0	0	11593	58983	0	11593	3	11590
48025	0	0	0	0	11749	59060	0	11749	3	11746
48184	0	0	0	0	11590	59042	0	11590	3	11587
48594	0	0	0	0	11180	59164	0	11180	3	11177
47683	0	0	0	0	12091	58717	0	12091	3	12088
48579	0	0	0	0	11195	59061	0	11195	3	11192
48277	0	0	0	0	11497	58969	0	11497	3	11494
48913	0	0	0	0	10861	59047	0	10861	3	10858
49054	0	0	0	0	10720	58938	0	10720	3	10717
48604	0	0	0	0	11170	59062	0	11170	3	11167
47989	0	0	0	0	11785	59072	0	11785	3	11782
48329	0	0	0	0	11445	59052	0	11445	3	11442
48541	0	0	0	0	11233	59063	0	11233	3	11230
50104	0	0	0	0	9670	59028	0	9670	3	9667
47994	0	0	0	0	11780	58849	0	11780	3	11777
48929	0	0	0	0	10845	58839	0	10845	3	10842
48914	0	0	0	0	10860	58937	0	10860	3	10857
48954	0	0	0	0	10820	59015	0	10820	3	10817
48929	0	0	0	0	10845	59174	0	10845	3	10842
48621	0	0	0	0	11153	59078	0	11153	3	11150
48693	0	0	0	0	11081	58988	0	11081	3	11078
48307	0	0	0	0	11467	59105	0	11467	3	11464
48159	0	0	0	0	11615	58987	0	11615	3	11612
47971	0	0	0	0	11803	59085	0	11803	3	11800
48579	0	0	0	0	11195	59051	0	11195	3	11192
48488	0	0	0	0	11286	59074	0	11286	3	11283
48555	0	0	0	0	11219	58892	0	11219	3	11216
48805	0	0	0	0	10969	59375	0	10969	3	10966
48169	0	0	0	0	11605	59087	0	11605	3	11602
48016	0	0	0	0	11758	58978	0	11758	3	11755
48332	0	0	0	0	11442	59076	0	11442	3	11439
48129	0	0	0	0	11645	59040	0	11645	3	11642
47828	0	0	0	0	11946	59043	0	11946	3	11943
48155	0	0	0	0	11619	58802	0	11619	3	11616
48577	0	0	0	0	11197	59030	0	11197	3	11194
49567	0	0	0	0	10207	59303	0	10207	3	10204
48619	0	0	0	0	11155	59099	0	11155	3	11152
48369	0	0	0	0	11405	58669	0	11405	3	11402
49136	0	0	0	0	10638	58725	0	10638	3	10635
48456	0	0	0	0	11318	58728	0	11318	3	11315
48289	0	0	0	0	11485	59066	0	11485	3	11482
49086	0	0	0	0	10688	59113	0	10688	3	10685
48429	0	0	0	0	11345	59447	0	11345	3	11342
48199	0	0	0	0	11575	58850	0	11575	3	11572
48223	0	0	0	0	11551	58850	0	11551	3	11548
48536	0	0	0	0	11238	58638	0	11238	3	11235
49077	0	0	0	0	10697	59129	0	10697	3	10694
49277	0	0	0	0	10497	59017	0	10497	3	10494
48654	0	0	0	0	11120	58853	0	11120	3	11117
48384	0	0	0	0	11390	58953	0	11390	3	11387
49340	0	0	0	0	10434	59052	0	10434	3	10431
48795	0	0	0	0	10979	58747	0	10979	3	10976
48169	0	0	0	0	11605	59014	0	11605	3	11602
49075	0	0	0	0	10699	58879	0	10699	3	10696
48058	0	0	0	0	11716	59126	0	11716	3	11713
48848	0	0	0	0	10926	59029	0	10926	3	10923
48034	0	0	0	0	11740	58855	0	11740	3	11737
48240	0	0	0	0	11534	59454	0	11534	3	11531
48072	0	0	0	0	11702	58841	0	11702	3	11699
48398	0	0	0	0	11376	58810	0	11376	3	11373
48207	0	0	0	0	11567	58999	0	11567	3	11564
49128	0	0	0	0	10646	59105	0	10646	3	10643
48822	0	0	0	0	10952	59091	0	10952	3	10949
48341	0	0	0	0	11433	59038	0	11433	3	11430
48451	0	0	0	0	11323	58857	0	11323	3	11320
48439	0	0	0	0	11335	58969	0	11335	3	11332
47866	0	0	0	0	11908	59019	0	11908	3	11905
48252	0	0	0	0	11522	58932	0	11522	3	11519
48431	0	0	0	0	11343	59170	0	11343	3	11340
48299	0	0	0	0	11475	59057	0	11475	3	11472
48552	0	0	0	0	11222	59090	0	11222	3	11219
48514	0	0	0	0	11260	58856	0	11260	3	11257
48192	0	0	0	0	11582	59046	0	11582	3	11579
48469	0	0	0	0	11305	58852	0	11305	3	11302
47384	0	0	0	0	12390	58987	0	12390	3	12387
48621	0	0	0	0	11153	59030	0	11153	3	11150
49396	0	0	0	0	10378	58560	0	10378	3	10375
49034	0	0	0	0	10740	58753	0	10740	3	10737
48321	0	0	0	0	11453	59101	0	11453	3	11450
48663	0	0	0	0	11111	59089	0	11111	3	11108
49104	0	0	0	0	10670	58953	0	10670	3	10667
48587	0	0	0	0	11187	58994	0	11187	3	11184
48722	0	0	0	0	11052	59071	0	11052	3	11049
48338	0	0	0	0	11436	59149	0	11436	3	11433
48589	0	0	0	0	11185	59053	0	11185	3	11182
48636	0	0	0	0	11138	59037	0	11138	3	11135
48261	0	0	0	0	11513	58903	0	11513	3	11510
49389	0	0	0	0	10385	58961	0	10385	3	10382
49128	0	0	0	0	10646	59089	0	10646	3	10643
48290	0	0	0	0	11484	59016	0	11484	3	11481
48385	0	0	0	0	11389	59113	0	11389	3	11386
48298	0	0	0	0	11476	59078	0	11476	3	11473
48212	0	0	0	0	11562	59014	0	11562	3	11559
49305	0	0	0	0	10469	59018	0	10469	3	10466
48569	0	0	0	0	11205	58926	0	11205	3	11202
48258	0	0	0	0	11516	58686	0	11516	3	11513
48896	0	0	0	0	10878	59210	0	10878	3	10875
48710	0	0	0	0	11064	59358	0	11064	3	11061
48823	0	0	0	0	10951	59053	0	10951	3	10948
47728	0	0	0	0	12046	58922	0	12046	3	12043
48549	0	0	0	0	11225	58744	0	11225	3	11222
48005	0	0	0	0	11769	59108	0	11769	3	11766
48566	0	0	0	0	11208	59024	0	11208	3	11205
48949	0	0	0	0	10825	59051	0	10825	3	10822
48664	0	0	0	0	11110	59037	0	11110	3	11107
48923	0	0	0	0	10851	59344	0	10851	3	10848
48744	0	0	0	0	11030	59092	0	11030	3	11027
49015	0	0	0	0	10759	58859	0	10759	3	10756
47935	0	0	0	0	11839	59070	0	11839	3	11836
48242	0	0	0	0	11532	59058	0	11532	3	11529
48245	0	0	0	0	11529	58943	0	11529	3	11526
47795	0	0	0	0	11979	58666	0	11979	3	11976
48872	0	0	0	0	10902	58812	0	10902	3	10899
48079	0	0	0	0	11695	58521	0	11695	3	11692
48245	0	0	0	0	11529	59066	0	11529	3	11526
48649	0	0	0	0	11125	59016	0	11125	3	11122
48909	0	0	0	0	10865	59036	0	10865	3	10862
48558	0	0	0	0	11216	59034	0	11216	3	11213
48750	0	0	0	0	11024	59100	0	11024	3	11021
48947	0	0	0	0	10827	58857	0	10827	3	10824
48416	0	0	0	0	11358	59057	0	11358	3	11355
49022	0	0	0	0	10752	59068	0	10752	3	10749
47745	0	0	0	0	12029	58704	0	12029	3	12026
50047	0	0	0	0	9727	59138	0	9727	3	9724
48680	0	0	0	0	11094	59016	0	11094	3	11091
48753	0	0	0	0	11021	58854	0	11021	3	11018
48885	0	0	0	0	10889	59276	0	10889	3	10886
48662	0	0	0	0	11112	59043	0	11112	3	11109
48365	0	0	0	0	11409	59062	0	11409	3	11406
48037	0	0	0	0	11737	59080	0	11737	3	11734
48720	0	0	0	0	11054	59096	0	11054	3	11051
48207	0	0	0	0	11567	59043	0	11567	3	11564
48785	0	0	0	0	10989	59053	0	10989	3	10986
48904	0	0	0	0	10870	58970	0	10870	3	10867
48067	0	0	0	0	11707	58803	0	11707	3	11704
48300	0	0	0	0	11474	59053	0	11474	3	11471
48620	0	0	0	0	11154	59047	0	11154	3	11151
48467	0	0	0	0	11307	58955	0	11307	3	11304
48007	0	0	0	0	11767	59055	0	11767	3	11764
50105	0	0	0	0	9669	58765	0	9669	3	9666
48078	0	0	0	0	11696	58999	0	11696	3	11693
48102	0	0	0	0	11672	59067	0	11672	3	11669
49156	0	0	0	0	10618	59040	0	10618	3	10615
48411	0	0	0	0	11363	59047	0	11363	3	11360
49055	0	0	0	0	10719	58925	0	10719	3	10716
48879	0	0	0	0	10895	59105	0	10895	3	10892
48411	0	0	0	0	11363	58914	0	11363	3	11360
48540	0	0	0	0	11234	58930	0	11234	3	11231
48113	0	0	0	0	11661	58816	0	11661	3	11658
49114	0	0	0	0	10660	58554	0	10660	3	10657
48378	0	0	0	0	11396	59007	0	11396	3	11393
48659	0	0	0	0	11115	58996	0	11115	3	11112
48666	0	0	0	0	11108	59012	0	11108	3	11105
49472	0	0	0	0	10302	58910	0	10302	3	10299
48610	0	0	0	0	11164	58823	0	11164	3	11161
48591	0	0	0	0	11183	59066	0	11183	3	11180
48648	0	0	0	0	11126	58848	0	11126	3	11123
48491	0	0	0	0	11283	59051	0	11283	3	11280
48494	0	0	0	0	11280	59100	0	11280	3	11277
49234	0	0	0	0	10540	59113	0	10540	3	10537
48700	0	0	0	0	11074	58983	0	11074	3	11071
48479	0	0	0	0	11295	59072	0	11295	3	11292
48066	0	0	0	0	11708	58701	0	11708	3	11705
48493	0	0	0	0	11281	59060	0	11281	3	11278
48622	0	0	0	0	11152	58787	0	11152	3	11149
50397	0	0	0	0	9377	59157	0	9377	3	9374
49083	0	0	0	0	10691	58991	0	10691	3	10688
49336	0	0	0	0	10438	59058	0	10438	3	10435
48691	0	0	0	0	11083	59015	0	11083	3	11080
48908	0	0	0	0	10866	58972	0	10866	3	10863
48324	0	0	0	0	11450	59088	0	11450	3	11447
48082	0	0	0	0	11692	59045	0	11692	3	11689
49252	0	0	0	0	10522	58869	0	10522	3	10519
48429	0	0	0	0	11345	59000	0	11345	3	11342
47424	0	0	0	0	12350	59101	0	12350	3	12347
48167	0	0	0	0	11607	59084	0	11607	3	11604
48462	0	0	0	0	11312	59060	0	11312	3	11309
49218	0	0	0	0	10556	59053	0	10556	3	10553
48260	0	0	0	0	11514	58965	0	11514	3	11511
48017	0	0	0	0	11757	59049	0	11757	3	11754
47983	0	0	0	0	11791	59038	0	11791	3	11788
49049	0	0	0	0	10725	59135	0	10725	3	10722
48261	0	0	0	0	11513	58976	0	11513	3	11510
49614	0	0	0	0	10160	59084	0	10160	3	10157
47985	0	0	0	0	11789	59041	0	11789	3	11786
48323	0	0	0	0	11451	58977	0	11451	3	11448
48373	0	0	0	0	11401	59022	0	11401	3	11398
49337	0	0	0	0	10437	58706	0	10437	3	10434
48702	0	0	0	0	11072	58892	0	11072	3	11069
48362	0	0	0	0	11412	59033	0	11412	3	11409
48548	0	0	0	0	11226	59024	0	11226	3	11223
48249	0	0	0	0	11525	59073	0	11525	3	11522
48774	0	0	0	0	11000	58683	0	11000	3	10997
47878	0	0	0	0	11896	59023	0	11896	3	11893
48477	0	0	0	0	11297	59373	0	11297	3	11294
48938	0	0	0	0	10836	58905	0	10836	3	10833
48379	0	0	0	0	11395	59048	0	11395	3	11392
48519	0	0	0	0	11255	59057	0	11255	3	11252
49106	0	0	0	0	10668	59101	0	10668	3	10665
49021	0	0	0	0	10753	58936	0	10753	3	10750
49344	0	0	0	0	10430	59058	0	10430	3	10427
48829	0	0	0	0	10945	58958	0	10945	3	10942
48171	0	0	0	0	11603	59031	0	11603	3	11600
48383	0	0	0	0	11391	59056	0	11391	3	11388
48890	0	0	0	0	10884	59005	0	10884	3	10881
48147	0	0	0	0	11627	59042	0	11627	3	11624
48301	0	0	0	0	11473	59014	0	11473	3	11470
49161	0	0	0	0	10613	58663	0	10613	3	10610
48658	0	0	0	0	11116	58775	0	11116	3	11113
49016	0	0	0	0	10758	58888	0	10758	3	10755
48265	0	0	0	0	11509	58908	0	11509	3	11506
48731	0	0	0	0	11043	58827	0	11043	3	11040
48755	0	0	0	0	11019	59029	0	11019	3	11016
47992	0	0	0	0	11782	58808	0	11782	3	11779
48483	0	0	0	0	11291	59086	0	11291	3	11288
48157	0	0	0	0	11617	58715	0	11617	3	11614
48378	0	0	0	0	11396	58953	0	11396	3	11393
48919	0	0	0	0	10855	59095	0	10855	3	10852
47632	0	0	0	0	12142	59015	0	12142	3	12139
48080	0	0	0	0	11694	58706	0	11694	3	11691
47684	0	0	0	0	12090	59057	0	12090	3	12087
49035	0	0	0	0	10739	58722	0	10739	3	10736
48563	0	0	0	0	11211	59000	0	11211	3	11208
48621	0	0	0	0	11153	59131	0	11153	3	11150
48754	0	0	0	0	11020	59063	0	11020	3	11017
48566	0	0	0	0	11208	59082	0	11208	3	11205
48787	0	0	0	0	10987	59041	0	10987	3	10984
48708	0	0	0	0	11066	59266	0	11066	3	11063
48282	0	0	0	0	11492	58885	0	11492	3	11489
48052	0	0	0	0	11722	58422	0	11722	3	11719
49090	0	0	0	0	10684	58947	0	10684	3	10681
48277	0	0	0	0	11497	59014	0	11497	3	11494
48287	0	0	0	0	11487	59064	0	11487	3	11484
48809	0	0	0	0	10965	59087	0	10965	3	10962
48189	0	0	0	0	11585	59093	0	11585	3	11582
48638	0	0	0	0	11136	58971	0	11136	3	11133
49382	0	0	0	0	10392	59101	0	10392	3	10389
49197	0	0	0	0	10577	59081	0	10577	3	10574
48798	0	0	0	0	10976	58891	0	10976	3	10973
47814	0	0	0	0	11960	58898	0	11960	3	11957
48108	0	0	0	0	11666	59047	0	11666	3	11663
48352	0	0	0	0	11422	59082	0	11422	3	11419
48930	0	0	0	0	10844	58990	0	10844	3	10841
48508	0	0	0	0	11266	59054	0	11266	3	11263
48787	0	0	0	0	10987	59084	0	10987	3	10984
47997	0	0	0	0	11777	58865	0	11777	3	11774
48573	0	0	0	0	11201	58776	0	11201	3	11198
48509	0	0	0	0	11265	59057	0	11265	3	11262
47334	0	0	0	0	12440	59060	0	12440	3	12437
48192	0	0	0	0	11582	59112	0	11582	3	11579
48580	0	0	0	0	11194	59395	0	11194	3	11191
48592	0	0	0	0	11182	59082	0	11182	3	11179
48339	0	0	0	0	11435	58993	0	11435	3	11432
49210	0	0	0	0	10564	58944	0	10564	3	10561
48340	0	0	0	0	11434	58665	0	11434	3	11431
48313	0	0	0	0	11461	59042	0	11461	3	11458
48684	0	0	0	0	11090	59068	0	11090	3	11087
48452	0	0	0	0	11322	58583	0	11322	3	11319
48685	0	0	0	0	11089	59093	0	11089	3	11086
48377	0	0	0	0	11397	59102	0	11397	3	11394
48535	0	0	0	0	11239	59080	0	11239	3	11236
49439	0	0	0	0	10335	58798	0	10335	3	10332
48374	0	0	0	0	11400	59028	0	11400	3	11397
49012	0	0	0	0	10762	58785	0	10762	3	10759
48728	0	0	0	0	11046	59053	0	11046	3	11043
49375	0	0	0	0	10399	59098	0	10399	3	10396
48042	0	0	0	0	11732	59066	0	11732	3	11729
47928	0	0	0	0	11846	59116	0	11846	3	11843
47801	0	0	0	0	11973	59032	0	11973	3	11970
48320	0	0	0	0	11454	58821	0	11454	3	11451
49747	0	0	0	0	10027	58821	0	10027	3	10024
48154	0	0	0	0	11620	58807	0	11620	3	11617
47855	0	0	0	0	11919	59098	0	11919	3	11916
48517	0	0	0	0	11257	59090	0	11257	3	11254
48036	0	0	0	0	11738	58750	0	11738	3	11735
47981	0	0	0	0	11793	59113	0	11793	3	11790
48344	0	0	0	0	11430	59050	0	11430	3	11427
48516	0	0	0	0	11258	58848	0	11258	3	11255
48656	0	0	0	0	11118	59127	0	11118	3	11115
48371	0	0	0	0	11403	58862	0	11403	3	11400
48555	0	0	0	0	11219	58962	0	11219	3	11216
47210	0	0	0	0	12564	59048	0	12564	3	12561
48701	0	0	0	0	11073	59022	0	11073	3	11070
49105	0	0	0	0	10669	59044	0	10669	3	10666
48295	0	0	0	0	11479	59027	0	11479	3	11476
49005	0	0	0	0	10769	59038	0	10769	3	10766
48276	0	0	0	0	11498	59017	0	11498	3	11495
47969	0	0	0	0	11805	58869	0	11805	3	11802
48055	0	0	0	0	11719	58990	0	11719	3	11716
49042	0	0	0	0	10732	58986	0	10732	3	10729
48446	0	0	0	0	11328	58730	0	11328	3	11325
48454	0	0	0	0	11320	59059	0	11320	3	11317
48563	0	0	0	0	11211	58856	0	11211	3	11208
48659	0	0	0	0	11115	59076	0	11115	3	11112
48973	0	0	0	0	10801	58997	0	10801	3	10798
48336	0	0	0	0	11438	58786	0	11438	3	11435
48950	0	0	0	0	10824	59059	0	10824	3	10821
48147	0	0	0	0	11627	58976	0	11627	3	11624
48506	0	0	0	0	11268	59311	0	11268	3	11265
47498	0	0	0	0	12276	59372	0	12276	3	12273
48350	0	0	0	0	11424	59044	0	11424	3	11421
48300	0	0	0	0	11474	59080	0	11474	3	11471
48556	0	0	0	0	11218	59046	0	11218	3	11215
48864	0	0	0	0	10910	59072	0	10910	3	10907
47927	0	0	0	0	11847	59067	0	11847	3	11844
48030	0	0	0	0	11744	59080	0	11744	3	11741
48950	0	0	0	0	10824	58893	0	10824	3	10821
48308	0	0	0	0	11466	59035	0	11466	3	11463
48000	0	0	0	0	11774	59145	0	11774	3	11771
48235	0	0	0	0	11539	58976	0	11539	3	11536
49138	0	0	0	0	10636	59040	0	10636	3	10633
48179	0	0	0	0	11595	58905	0	11595	3	11592
49068	0	0	0	0	10706	59057	0	10706	3	10703
48366	0	0	0	0	11408	59054	0	11408	3	11405
48510	0	0	0	0	11264	58795	0	11264	3	11261
48131	0	0	0	0	11643	58765	0	11643	3	11640
48817	0	0	0	0	10957	59008	0	10957	3	10954
48202	0	0	0	0	11572	59005	0	11572	3	11569
48349	0	0	0	0	11425	59046	0	11425	3	11422
48337	0	0	0	0	11437	58793	0	11437	3	11434
48922	0	0	0	0	10852	58752	0	10852	3	10849
48464	0	0	0	0	11310	59079	0	11310	3	11307
48173	0	0	0	0	11601	58794	0	11601	3	11598
49033	0	0	0	0	10741	58793	0	10741	3	10738
48953	0	0	0	0	10821	59004	0	10821	3	10818
48076	0	0	0	0	11698	59023	0	11698	3	11695
48605	0	0	0	0	11169	58824	0	11169	3	11166
48661	0	0	0	0	11113	59099	0	11113	3	11110
48233	0	0	0	0	11541	59093	0	11541	3	11538
48497	0	0	0	0	11277	59180	0	11277	3	11274
48277	0	0	0	0	11497	59014	0	11497	3	11494
48046	0	0	0	0	11728	58773	0	11728	3	11725
50371	0	0	0	0	9403	59052	0	9403	3	9400
48764	0	0	0	0	11010	58732	0	11010	3	11007
49607	0	0	0	0	10167	58984	0	10167	3	10164
48679	0	0	0	0	11095	59001	0	11095	3	11092
48072	0	0	0	0	11702	59127	0	11702	3	11699
48629	0	0	0	0	11145	59074	0	11145	3	11142
48890	0	0	0	0	10884	58927	0	10884	3	10881
49429	0	0	0	0	10345	59061	0	10345	3	10342
48314	0	0	0	0	11460	58997	0	11460	3	11457
49032	0	0	0	0	10742	59026	0	10742	3	10739
48777	0	0	0	0	10997	59096	0	10997	3	10994
47330	0	0	0	0	12444	59040	0	12444	3	12441
48831	0	0	0	0	10943	59028	0	10943	3	10940
48465	0	0	0	0	11309	59091	0	11309	3	11306
48826	0	0	0	0	10948	59114	0	10948	3	10945
47635	0	0	0	0	12139	59038	0	12139	3	12136
49364	0	0	0	0	10410	59083	0	10410	3	10407
48282	0	0	0	0	11492	58606	0	11492	3	11489
48319	0	0	0	0	11455	58857	0	11455	3	11452
48408	0	0	0	0	11366	59146	0	11366	3	11363
47832	0	0	0	0	11942	58822	0	11942	3	11939
48600	0	0	0	0	11174	59029	0	11174	3	11171
48437	0	0	0	0	11337	59032	0	11337	3	11334
48407	0	0	0	0	11367	58839	0	11367	3	11364
49481	0	0	0	0	10293	58513	0	10293	3	10290
48100	0	0	0	0	11674	58799	0	11674	3	11671
48919	0	0	0	0	10855	59015	0	10855	3	10852
49038	0	0	0	0	10736	59107	0	10736	3	10733
47921	0	0	0	0	11853	59078	0	11853	3	11850
48857	0	0	0	0	10917	58808	0	10917	3	10914
48055	0	0	0	0	11719	59347	0	11719	3	11716
