12714	0	0	0	0	47060	59146	0	47060	3	47057
12938	0	0	0	0	46836	58970	0	46836	3	46833
14371	0	0	0	0	45403	58904	0	45403	3	45400
14682	0	0	0	0	45092	59178	0	45092	3	45089
13404	0	0	0	0	46370	58895	0	46370	3	46367
13970	0	0	0	0	45804	58852	0	45804	3	45801
13527	0	0	0	0	46247	59025	0	46247	3	46244
12757	0	0	0	0	47017	58128	0	47017	3	47014
13566	0	0	0	0	46208	58208	0	46208	3	46205
12607	0	0	0	0	47167	58892	0	47167	3	47164
13092	0	0	0	0	46682	58803	0	46682	3	46679
12911	0	0	0	0	46863	58998	0	46863	3	46860
13376	0	0	0	0	46398	58810	0	46398	3	46395
14653	0	0	0	0	45121	57937	0	45121	3	45118
12575	0	0	0	0	47199	58308	0	47199	3	47196
13563	0	0	0	0	46211	58086	0	46211	3	46208
14120	0	0	0	0	45654	58864	0	45654	3	45651
14516	0	0	0	0	45258	58021	0	45258	3	45255
13315	0	0	0	0	46459	58941	0	46459	3	46456
13021	0	0	0	0	46753	58205	0	46753	3	46750
13565	0	0	0	0	46209	58967	0	46209	3	46206
12863	0	0	0	0	46911	59051	0	46911	3	46908
14019	0	0	0	0	45755	58129	0	45755	3	45752
13710	0	0	0	0	46064	58897	0	46064	3	46061
13609	0	0	0	0	46165	59022	0	46165	3	46162
14223	0	0	0	0	45551	58321	0	45551	3	45548
13352	0	0	0	0	46422	58018	0	46422	3	46419
12833	0	0	0	0	46941	57893	0	46941	3	46938
14135	0	0	0	0	45639	58047	0	45639	3	45636
13255	0	0	0	0	46519	58976	0	46519	3	46516
13988	0	0	0	0	45786	57985	0	45786	3	45783
12736	0	0	0	0	47038	58834	0	47038	3	47035
14809	0	0	0	0	44965	58942	0	44965	3	44962
12683	0	0	0	0	47091	58823	0	47091	3	47088
12603	0	0	0	0	47171	58930	0	47171	3	47168
14428	0	0	0	0	45346	58966	0	45346	3	45343
13592	0	0	0	0	46182	58088	0	46182	3	46179
13308	0	0	0	0	46466	58380	0	46466	3	46463
12874	0	0	0	0	46900	58926	0	46900	3	46897
12946	0	0	0	0	46828	59097	0	46828	3	46825
12688	0	0	0	0	47086	59115	0	47086	3	47083
12555	0	0	0	0	47219	58948	0	47219	3	47216
13399	0	0	0	0	46375	58431	0	46375	3	46372
13635	0	0	0	0	46139	58934	0	46139	3	46136
13695	0	0	0	0	46079	58851	0	46079	3	46076
13127	0	0	0	0	46647	59110	0	46647	3	46644
14924	0	0	0	0	44850	59040	0	44850	3	44847
14713	0	0	0	0	45061	58925	0	45061	3	45058
13504	0	0	0	0	46270	59006	0	46270	3	46267
13301	0	0	0	0	46473	58921	0	46473	3	46470
13776	0	0	0	0	45998	58045	0	45998	3	45995
15063	0	0	0	0	44711	58792	0	44711	3	44708
13022	0	0	0	0	46752	58157	0	46752	3	46749
14505	0	0	0	0	45269	59028	0	45269	3	45266
13719	0	0	0	0	46055	59182	0	46055	3	46052
15051	0	0	0	0	44723	58017	0	44723	3	44720
13412	0	0	0	0	46362	58782	0	46362	3	46359
13612	0	0	0	0	46162	58861	0	46162	3	46159
14275	0	0	0	0	45499	59059	0	45499	3	45496
13478	0	0	0	0	46296	59132	0	46296	3	46293
13816	0	0	0	0	45958	57967	0	45958	3	45955
13772	0	0	0	0	46002	58860	0	46002	3	45999
13123	0	0	0	0	46651	58904	0	46651	3	46648
14670	0	0	0	0	45104	58053	0	45104	3	45101
14331	0	0	0	0	45443	58140	0	45443	3	45440
12760	0	0	0	0	47014	58963	0	47014	3	47011
13498	0	0	0	0	46276	58795	0	46276	3	46273
14573	0	0	0	0	45201	58855	0	45201	3	45198
12658	0	0	0	0	47116	59132	0	47116	3	47113
13237	0	0	0	0	46537	58965	0	46537	3	46534
13209	0	0	0	0	46565	59150	0	46565	3	46562
14938	0	0	0	0	44836	58177	0	44836	3	44833
12753	0	0	0	0	47021	58956	0	47021	3	47018
13914	0	0	0	0	45860	58840	0	45860	3	45857
13570	0	0	0	0	46204	58775	0	46204	3	46201
13500	0	0	0	0	46274	58840	0	46274	3	46271
13390	0	0	0	0	46384	58914	0	46384	3	46381
12660	0	0	0	0	47114	58963	0	47114	3	47111
13767	0	0	0	0	46007	58870	0	46007	3	46004
12784	0	0	0	0	46990	58910	0	46990	3	46987
14171	0	0	0	0	45603	58949	0	45603	3	45600
13611	0	0	0	0	46163	59261	0	46163	3	46160
13657	0	0	0	0	46117	58846	0	46117	3	46114
13742	0	0	0	0	46032	58877	0	46032	3	46029
13971	0	0	0	0	45803	58928	0	45803	3	45800
13094	0	0	0	0	46680	58994	0	46680	3	46677
13420	0	0	0	0	46354	58629	0	46354	3	46351
14352	0	0	0	0	45422	58914	0	45422	3	45419
15367	0	0	0	0	44407	59129	0	44407	3	44404
13809	0	0	0	0	45965	58903	0	45965	3	45962
13233	0	0	0	0	46541	58949	0	46541	3	46538
13383	0	0	0	0	46391	58055	0	46391	3	46388
13353	0	0	0	0	46421	58204	0	46421	3	46418
13980	0	0	0	0	45794	58909	0	45794	3	45791
14214	0	0	0	0	45560	58112	0	45560	3	45557
13028	0	0	0	0	46746	58087	0	46746	3	46743
14066	0	0	0	0	45708	58816	0	45708	3	45705
13416	0	0	0	0	46358	58216	0	46358	3	46355
13147	0	0	0	0	46627	58932	0	46627	3	46624
14585	0	0	0	0	45189	58132	0	45189	3	45186
13586	0	0	0	0	46188	58866	0	46188	3	46185
13647	0	0	0	0	46127	58886	0	46127	3	46124
12693	0	0	0	0	47081	58905	0	47081	3	47078
12370	0	0	0	0	47404	58792	0	47404	3	47401
14031	0	0	0	0	45743	58903	0	45743	3	45740
13666	0	0	0	0	46108	59010	0	46108	3	46105
13804	0	0	0	0	45970	58327	0	45970	3	45967
13805	0	0	0	0	45969	58945	0	45969	3	45966
14690	0	0	0	0	45084	58209	0	45084	3	45081
15365	0	0	0	0	44409	58117	0	44409	3	44406
13175	0	0	0	0	46599	58791	0	46599	3	46596
13119	0	0	0	0	46655	58914	0	46655	3	46652
13355	0	0	0	0	46419	58864	0	46419	3	46416
14191	0	0	0	0	45583	58702	0	45583	3	45580
13547	0	0	0	0	46227	58016	0	46227	3	46224
13747	0	0	0	0	46027	58932	0	46027	3	46024
13307	0	0	0	0	46467	58319	0	46467	3	46464
14031	0	0	0	0	45743	58009	0	45743	3	45740
12746	0	0	0	0	47028	58836	0	47028	3	47025
12983	0	0	0	0	46791	58959	0	46791	3	46788
12537	0	0	0	0	47237	58937	0	47237	3	47234
13888	0	0	0	0	45886	58158	0	45886	3	45883
12606	0	0	0	0	47168	58874	0	47168	3	47165
13992	0	0	0	0	45782	58943	0	45782	3	45779
13949	0	0	0	0	45825	59038	0	45825	3	45822
12828	0	0	0	0	46946	58763	0	46946	3	46943
14820	0	0	0	0	44954	58090	0	44954	3	44951
14072	0	0	0	0	45702	58864	0	45702	3	45699
13083	0	0	0	0	46691	58189	0	46691	3	46688
14445	0	0	0	0	45329	58995	0	45329	3	45326
13276	0	0	0	0	46498	58062	0	46498	3	46495
12255	0	0	0	0	47519	58988	0	47519	3	47516
13344	0	0	0	0	46430	58915	0	46430	3	46427
12979	0	0	0	0	46795	58888	0	46795	3	46792
13497	0	0	0	0	46277	58934	0	46277	3	46274
13126	0	0	0	0	46648	59010	0	46648	3	46645
13384	0	0	0	0	46390	58179	0	46390	3	46387
13847	0	0	0	0	45927	58923	0	45927	3	45924
14244	0	0	0	0	45530	58138	0	45530	3	45527
14333	0	0	0	0	45441	58895	0	45441	3	45438
13568	0	0	0	0	46206	58956	0	46206	3	46203
13344	0	0	0	0	46430	58082	0	46430	3	46427
13677	0	0	0	0	46097	58807	0	46097	3	46094
12803	0	0	0	0	46971	58913	0	46971	3	46968
14319	0	0	0	0	45455	58980	0	45455	3	45452
13338	0	0	0	0	46436	59224	0	46436	3	46433
13494	0	0	0	0	46280	58153	0	46280	3	46277
12559	0	0	0	0	47215	58819	0	47215	3	47212
13567	0	0	0	0	46207	58852	0	46207	3	46204
13308	0	0	0	0	46466	58297	0	46466	3	46463
13998	0	0	0	0	45776	58183	0	45776	3	45773
14110	0	0	0	0	45664	58924	0	45664	3	45661
12123	0	0	0	0	47651	58968	0	47651	3	47648
13352	0	0	0	0	46422	58968	0	46422	3	46419
13944	0	0	0	0	45830	59204	0	45830	3	45827
13257	0	0	0	0	46517	58817	0	46517	3	46514
13057	0	0	0	0	46717	58971	0	46717	3	46714
13146	0	0	0	0	46628	58926	0	46628	3	46625
13862	0	0	0	0	45912	58084	0	45912	3	45909
12844	0	0	0	0	46930	59170	0	46930	3	46927
13570	0	0	0	0	46204	58906	0	46204	3	46201
13683	0	0	0	0	46091	58835	0	46091	3	46088
13245	0	0	0	0	46529	58812	0	46529	3	46526
13767	0	0	0	0	46007	58899	0	46007	3	46004
14948	0	0	0	0	44826	58878	0	44826	3	44823
13504	0	0	0	0	46270	58893	0	46270	3	46267
12295	0	0	0	0	47479	58789	0	47479	3	47476
13980	0	0	0	0	45794	58839	0	45794	3	45791
14179	0	0	0	0	45595	58059	0	45595	3	45592
13497	0	0	0	0	46277	58753	0	46277	3	46274
14607	0	0	0	0	45167	58891	0	45167	3	45164
14686	0	0	0	0	45088	58993	0	45088	3	45085
13860	0	0	0	0	45914	58996	0	45914	3	45911
14102	0	0	0	0	45672	58935	0	45672	3	45669
13145	0	0	0	0	46629	58831	0	46629	3	46626
12290	0	0	0	0	47484	59092	0	47484	3	47481
14533	0	0	0	0	45241	59128	0	45241	3	45238
14557	0	0	0	0	45217	58074	0	45217	3	45214
14829	0	0	0	0	44945	58096	0	44945	3	44942
13323	0	0	0	0	46451	58948	0	46451	3	46448
13042	0	0	0	0	46732	58869	0	46732	3	46729
13856	0	0	0	0	45918	58025	0	45918	3	45915
12688	0	0	0	0	47086	59128	0	47086	3	47083
13625	0	0	0	0	46149	58912	0	46149	3	46146
13660	0	0	0	0	46114	59197	0	46114	3	46111
12922	0	0	0	0	46852	58760	0	46852	3	46849
13835	0	0	0	0	45939	58288	0	45939	3	45936
13834	0	0	0	0	45940	59176	0	45940	3	45937
14003	0	0	0	0	45771	58055	0	45771	3	45768
13973	0	0	0	0	45801	59180	0	45801	3	45798
14554	0	0	0	0	45220	58022	0	45220	3	45217
12923	0	0	0	0	46851	58229	0	46851	3	46848
14101	0	0	0	0	45673	58922	0	45673	3	45670
13484	0	0	0	0	46290	59100	0	46290	3	46287
13626	0	0	0	0	46148	58896	0	46148	3	46145
12629	0	0	0	0	47145	58805	0	47145	3	47142
12990	0	0	0	0	46784	59032	0	46784	3	46781
14210	0	0	0	0	45564	58860	0	45564	3	45561
11862	0	0	0	0	47912	59210	0	47912	3	47909
13607	0	0	0	0	46167	59077	0	46167	3	46164
12670	0	0	0	0	47104	57949	0	47104	3	47101
13201	0	0	0	0	46573	58486	0	46573	3	46570
12822	0	0	0	0	46952	58945	0	46952	3	46949
13461	0	0	0	0	46313	59474	0	46313	3	46310
14321	0	0	0	0	45453	58880	0	45453	3	45450
13530	0	0	0	0	46244	59238	0	46244	3	46241
14311	0	0	0	0	45463	58971	0	45463	3	45460
13550	0	0	0	0	46224	58935	0	46224	3	46221
14421	0	0	0	0	45353	59224	0	45353	3	45350
13584	0	0	0	0	46190	58038	0	46190	3	46187
13553	0	0	0	0	46221	58057	0	46221	3	46218
14828	0	0	0	0	44946	58967	0	44946	3	44943
14216	0	0	0	0	45558	58918	0	45558	3	45555
12707	0	0	0	0	47067	58795	0	47067	3	47064
16098	0	0	0	0	43676	57978	0	43676	3	43673
12448	0	0	0	0	47326	58906	0	47326	3	47323
13308	0	0	0	0	46466	58904	0	46466	3	46463
14514	0	0	0	0	45260	58683	0	45260	3	45257
13079	0	0	0	0	46695	58185	0	46695	3	46692
14597	0	0	0	0	45177	58567	0	45177	3	45174
14351	0	0	0	0	45423	58855	0	45423	3	45420
12699	0	0	0	0	47075	58773	0	47075	3	47072
13691	0	0	0	0	46083	58061	0	46083	3	46080
14995	0	0	0	0	44779	58355	0	44779	3	44776
14281	0	0	0	0	45493	58961	0	45493	3	45490
13223	0	0	0	0	46551	59019	0	46551	3	46548
13983	0	0	0	0	45791	58982	0	45791	3	45788
12610	0	0	0	0	47164	59171	0	47164	3	47161
13510	0	0	0	0	46264	58073	0	46264	3	46261
13026	0	0	0	0	46748	58866	0	46748	3	46745
12721	0	0	0	0	47053	59053	0	47053	3	47050
12956	0	0	0	0	46818	58935	0	46818	3	46815
13665	0	0	0	0	46109	58898	0	46109	3	46106
13756	0	0	0	0	46018	59127	0	46018	3	46015
14127	0	0	0	0	45647	58890	0	45647	3	45644
14500	0	0	0	0	45274	58309	0	45274	3	45271
12837	0	0	0	0	46937	58222	0	46937	3	46934
13650	0	0	0	0	46124	58088	0	46124	3	46121
14162	0	0	0	0	45612	59005	0	45612	3	45609
13408	0	0	0	0	46366	59288	0	46366	3	46363
14236	0	0	0	0	45538	58413	0	45538	3	45535
14295	0	0	0	0	45479	59104	0	45479	3	45476
13706	0	0	0	0	46068	58788	0	46068	3	46065
13640	0	0	0	0	46134	58961	0	46134	3	46131
13385	0	0	0	0	46389	59094	0	46389	3	46386
12920	0	0	0	0	46854	58918	0	46854	3	46851
12860	0	0	0	0	46914	58879	0	46914	3	46911
13093	0	0	0	0	46681	58233	0	46681	3	46678
12608	0	0	0	0	47166	58199	0	47166	3	47163
14093	0	0	0	0	45681	58022	0	45681	3	45678
12924	0	0	0	0	46850	58831	0	46850	3	46847
14624	0	0	0	0	45150	58883	0	45150	3	45147
13976	0	0	0	0	45798	59096	0	45798	3	45795
13532	0	0	0	0	46242	59185	0	46242	3	46239
14256	0	0	0	0	45518	58822	0	45518	3	45515
14271	0	0	0	0	45503	58943	0	45503	3	45500
14368	0	0	0	0	45406	58883	0	45406	3	45403
13375	0	0	0	0	46399	58108	0	46399	3	46396
13574	0	0	0	0	46200	59055	0	46200	3	46197
13970	0	0	0	0	45804	58859	0	45804	3	45801
13885	0	0	0	0	45889	59027	0	45889	3	45886
14007	0	0	0	0	45767	58358	0	45767	3	45764
13338	0	0	0	0	46436	58856	0	46436	3	46433
13494	0	0	0	0	46280	58973	0	46280	3	46277
13560	0	0	0	0	46214	58899	0	46214	3	46211
16127	0	0	0	0	43647	58380	0	43647	3	43644
14152	0	0	0	0	45622	58051	0	45622	3	45619
12314	0	0	0	0	47460	58863	0	47460	3	47457
13254	0	0	0	0	46520	58890	0	46520	3	46517
13023	0	0	0	0	46751	58794	0	46751	3	46748
13232	0	0	0	0	46542	58890	0	46542	3	46539
13612	0	0	0	0	46162	57988	0	46162	3	46159
13261	0	0	0	0	46513	59136	0	46513	3	46510
13412	0	0	0	0	46362	58932	0	46362	3	46359
13274	0	0	0	0	46500	59242	0	46500	3	46497
13454	0	0	0	0	46320	58470	0	46320	3	46317
14318	0	0	0	0	45456	58101	0	45456	3	45453
12922	0	0	0	0	46852	58393	0	46852	3	46849
12576	0	0	0	0	47198	58930	0	47198	3	47195
13852	0	0	0	0	45922	58795	0	45922	3	45919
13272	0	0	0	0	46502	58080	0	46502	3	46499
13344	0	0	0	0	46430	57922	0	46430	3	46427
14306	0	0	0	0	45468	58204	0	45468	3	45465
14738	0	0	0	0	45036	58916	0	45036	3	45033
13558	0	0	0	0	46216	58917	0	46216	3	46213
14914	0	0	0	0	44860	58023	0	44860	3	44857
13014	0	0	0	0	46760	58893	0	46760	3	46757
14417	0	0	0	0	45357	58853	0	45357	3	45354
14377	0	0	0	0	45397	58838	0	45397	3	45394
12984	0	0	0	0	46790	59219	0	46790	3	46787
13773	0	0	0	0	46001	58958	0	46001	3	45998
13609	0	0	0	0	46165	58957	0	46165	3	46162
13507	0	0	0	0	46267	58905	0	46267	3	46264
13811	0	0	0	0	45963	58908	0	45963	3	45960
13042	0	0	0	0	46732	59147	0	46732	3	46729
13057	0	0	0	0	46717	58936	0	46717	3	46714
14967	0	0	0	0	44807	59080	0	44807	3	44804
12600	0	0	0	0	47174	58938	0	47174	3	47171
14420	0	0	0	0	45354	59147	0	45354	3	45351
12815	0	0	0	0	46959	58808	0	46959	3	46956
12428	0	0	0	0	47346	58229	0	47346	3	47343
13621	0	0	0	0	46153	58983	0	46153	3	46150
14752	0	0	0	0	45022	58830	0	45022	3	45019
13077	0	0	0	0	46697	58082	0	46697	3	46694
14752	0	0	0	0	45022	59154	0	45022	3	45019
13787	0	0	0	0	45987	58971	0	45987	3	45984
13662	0	0	0	0	46112	58334	0	46112	3	46109
14514	0	0	0	0	45260	58106	0	45260	3	45257
12783	0	0	0	0	46991	58102	0	46991	3	46988
13878	0	0	0	0	45896	58899	0	45896	3	45893
12933	0	0	0	0	46841	58324	0	46841	3	46838
13229	0	0	0	0	46545	58114	0	46545	3	46542
13407	0	0	0	0	46367	58814	0	46367	3	46364
13700	0	0	0	0	46074	58103	0	46074	3	46071
12777	0	0	0	0	46997	58937	0	46997	3	46994
13115	0	0	0	0	46659	58949	0	46659	3	46656
13516	0	0	0	0	46258	58237	0	46258	3	46255
13619	0	0	0	0	46155	58223	0	46155	3	46152
12864	0	0	0	0	46910	58148	0	46910	3	46907
12980	0	0	0	0	46794	58863	0	46794	3	46791
13858	0	0	0	0	45916	58986	0	45916	3	45913
14683	0	0	0	0	45091	59109	0	45091	3	45088
14580	0	0	0	0	45194	58290	0	45194	3	45191
13128	0	0	0	0	46646	58121	0	46646	3	46643
14791	0	0	0	0	44983	58027	0	44983	3	44980
13279	0	0	0	0	46495	58276	0	46495	3	46492
13990	0	0	0	0	45784	59008	0	45784	3	45781
13591	0	0	0	0	46183	58239	0	46183	3	46180
13024	0	0	0	0	46750	58791	0	46750	3	46747
14898	0	0	0	0	44876	58941	0	44876	3	44873
14001	0	0	0	0	45773	58954	0	45773	3	45770
13395	0	0	0	0	46379	58975	0	46379	3	46376
13101	0	0	0	0	46673	58098	0	46673	3	46670
12982	0	0	0	0	46792	58070	0	46792	3	46789
12910	0	0	0	0	46864	57867	0	46864	3	46861
14152	0	0	0	0	45622	58795	0	45622	3	45619
13822	0	0	0	0	45952	58197	0	45952	3	45949
14283	0	0	0	0	45491	58919	0	45491	3	45488
13639	0	0	0	0	46135	59116	0	46135	3	46132
12893	0	0	0	0	46881	59144	0	46881	3	46878
13172	0	0	0	0	46602	58988	0	46602	3	46599
12605	0	0	0	0	47169	59039	0	47169	3	47166
14278	0	0	0	0	45496	58819	0	45496	3	45493
13901	0	0	0	0	45873	58888	0	45873	3	45870
13430	0	0	0	0	46344	58844	0	46344	3	46341
13778	0	0	0	0	45996	58113	0	45996	3	45993
13523	0	0	0	0	46251	58803	0	46251	3	46248
13513	0	0	0	0	46261	59148	0	46261	3	46258
12817	0	0	0	0	46957	59222	0	46957	3	46954
12076	0	0	0	0	47698	58864	0	47698	3	47695
13494	0	0	0	0	46280	58959	0	46280	3	46277
14226	0	0	0	0	45548	58143	0	45548	3	45545
13616	0	0	0	0	46158	58950	0	46158	3	46155
13053	0	0	0	0	46721	58862	0	46721	3	46718
12511	0	0	0	0	47263	59003	0	47263	3	47260
13441	0	0	0	0	46333	57983	0	46333	3	46330
13132	0	0	0	0	46642	58796	0	46642	3	46639
14415	0	0	0	0	45359	58885	0	45359	3	45356
12940	0	0	0	0	46834	58900	0	46834	3	46831
12360	0	0	0	0	47414	58919	0	47414	3	47411
13500	0	0	0	0	46274	58888	0	46274	3	46271
13379	0	0	0	0	46395	57953	0	46395	3	46392
14812	0	0	0	0	44962	58165	0	44962	3	44959
13512	0	0	0	0	46262	59094	0	46262	3	46259
14512	0	0	0	0	45262	58166	0	45262	3	45259
14110	0	0	0	0	45664	58327	0	45664	3	45661
12728	0	0	0	0	47046	58058	0	47046	3	47043
13124	0	0	0	0	46650	59048	0	46650	3	46647
12273	0	0	0	0	47501	59048	0	47501	3	47498
13194	0	0	0	0	46580	58069	0	46580	3	46577
14771	0	0	0	0	45003	58071	0	45003	3	45000
14012	0	0	0	0	45762	59424	0	45762	3	45759
13232	0	0	0	0	46542	59107	0	46542	3	46539
13841	0	0	0	0	45933	57979	0	45933	3	45930
12260	0	0	0	0	47514	58126	0	47514	3	47511
13780	0	0	0	0	45994	59001	0	45994	3	45991
13732	0	0	0	0	46042	58989	0	46042	3	46039
13434	0	0	0	0	46340	58913	0	46340	3	46337
11867	0	0	0	0	47907	58993	0	47907	3	47904
14389	0	0	0	0	45385	58073	0	45385	3	45382
14140	0	0	0	0	45634	59120	0	45634	3	45631
12863	0	0	0	0	46911	58029	0	46911	3	46908
13220	0	0	0	0	46554	58899	0	46554	3	46551
13900	0	0	0	0	45874	59016	0	45874	3	45871
12948	0	0	0	0	46826	58899	0	46826	3	46823
14305	0	0	0	0	45469	59094	0	45469	3	45466
14919	0	0	0	0	44855	58068	0	44855	3	44852
13604	0	0	0	0	46170	58954	0	46170	3	46167
14051	0	0	0	0	45723	59055	0	45723	3	45720
12788	0	0	0	0	46986	58954	0	46986	3	46983
12343	0	0	0	0	47431	59359	0	47431	3	47428
13741	0	0	0	0	46033	58807	0	46033	3	46030
13663	0	0	0	0	46111	59057	0	46111	3	46108
13346	0	0	0	0	46428	58932	0	46428	3	46425
13953	0	0	0	0	45821	58925	0	45821	3	45818
12647	0	0	0	0	47127	58837	0	47127	3	47124
14045	0	0	0	0	45729	58828	0	45729	3	45726
12782	0	0	0	0	46992	58106	0	46992	3	46989
13768	0	0	0	0	46006	58580	0	46006	3	46003
13576	0	0	0	0	46198	58723	0	46198	3	46195
14279	0	0	0	0	45495	58924	0	45495	3	45492
13508	0	0	0	0	46266	58863	0	46266	3	46263
14907	0	0	0	0	44867	58941	0	44867	3	44864
13706	0	0	0	0	46068	58815	0	46068	3	46065
14732	0	0	0	0	45042	58212	0	45042	3	45039
12390	0	0	0	0	47384	59071	0	47384	3	47381
14331	0	0	0	0	45443	58947	0	45443	3	45440
12710	0	0	0	0	47064	59054	0	47064	3	47061
13354	0	0	0	0	46420	58181	0	46420	3	46417
14097	0	0	0	0	45677	59059	0	45677	3	45674
13934	0	0	0	0	45840	58997	0	45840	3	45837
12945	0	0	0	0	46829	58927	0	46829	3	46826
13588	0	0	0	0	46186	58094	0	46186	3	46183
13350	0	0	0	0	46424	58013	0	46424	3	46421
12752	0	0	0	0	47022	58952	0	47022	3	47019
13549	0	0	0	0	46225	58813	0	46225	3	46222
13540	0	0	0	0	46234	58882	0	46234	3	46231
12928	0	0	0	0	46846	58869	0	46846	3	46843
14304	0	0	0	0	45470	58211	0	45470	3	45467
13420	0	0	0	0	46354	58972	0	46354	3	46351
14381	0	0	0	0	45393	58070	0	45393	3	45390
14376	0	0	0	0	45398	58154	0	45398	3	45395
13156	0	0	0	0	46618	58940	0	46618	3	46615
12625	0	0	0	0	47149	59096	0	47149	3	47146
13847	0	0	0	0	45927	58044	0	45927	3	45924
15558	0	0	0	0	44216	58902	0	44216	3	44213
13229	0	0	0	0	46545	58756	0	46545	3	46542
13823	0	0	0	0	45951	58975	0	45951	3	45948
13545	0	0	0	0	46229	58903	0	46229	3	46226
13602	0	0	0	0	46172	58215	0	46172	3	46169
15275	0	0	0	0	44499	58754	0	44499	3	44496
12855	0	0	0	0	46919	58110	0	46919	3	46916
13745	0	0	0	0	46029	58840	0	46029	3	46026
13576	0	0	0	0	46198	58843	0	46198	3	46195
14269	0	0	0	0	45505	57973	0	45505	3	45502
13901	0	0	0	0	45873	58869	0	45873	3	45870
12747	0	0	0	0	47027	58935	0	47027	3	47024
13943	0	0	0	0	45831	59002	0	45831	3	45828
13532	0	0	0	0	46242	59111	0	46242	3	46239
12708	0	0	0	0	47066	58414	0	47066	3	47063
13253	0	0	0	0	46521	58131	0	46521	3	46518
15509	0	0	0	0	44265	58291	0	44265	3	44262
13265	0	0	0	0	46509	58532	0	46509	3	46506
12860	0	0	0	0	46914	58965	0	46914	3	46911
13720	0	0	0	0	46054	58913	0	46054	3	46051
12977	0	0	0	0	46797	58865	0	46797	3	46794
13741	0	0	0	0	46033	58891	0	46033	3	46030
13508	0	0	0	0	46266	58073	0	46266	3	46263
13628	0	0	0	0	46146	58843	0	46146	3	46143
15521	0	0	0	0	44253	58963	0	44253	3	44250
13049	0	0	0	0	46725	58397	0	46725	3	46722
13458	0	0	0	0	46316	58972	0	46316	3	46313
14052	0	0	0	0	45722	58961	0	45722	3	45719
12975	0	0	0	0	46799	59107	0	46799	3	46796
13513	0	0	0	0	46261	59031	0	46261	3	46258
13662	0	0	0	0	46112	58753	0	46112	3	46109
13188	0	0	0	0	46586	59008	0	46586	3	46583
12480	0	0	0	0	47294	59339	0	47294	3	47291
12402	0	0	0	0	47372	58936	0	47372	3	47369
13381	0	0	0	0	46393	58073	0	46393	3	46390
13702	0	0	0	0	46072	58021	0	46072	3	46069
13431	0	0	0	0	46343	58934	0	46343	3	46340
13593	0	0	0	0	46181	58138	0	46181	3	46178
13586	0	0	0	0	46188	58209	0	46188	3	46185
13087	0	0	0	0	46687	58887	0	46687	3	46684
12767	0	0	0	0	47007	58338	0	47007	3	47004
13496	0	0	0	0	46278	59055	0	46278	3	46275
13837	0	0	0	0	45937	58796	0	45937	3	45934
12919	0	0	0	0	46855	58877	0	46855	3	46852
13508	0	0	0	0	46266	59008	0	46266	3	46263
13960	0	0	0	0	45814	58939	0	45814	3	45811
12978	0	0	0	0	46796	58941	0	46796	3	46793
15595	0	0	0	0	44179	58168	0	44179	3	44176
13782	0	0	0	0	45992	58926	0	45992	3	45989
12924	0	0	0	0	46850	59048	0	46850	3	46847
13833	0	0	0	0	45941	58283	0	45941	3	45938
13533	0	0	0	0	46241	58863	0	46241	3	46238
13803	0	0	0	0	45971	58176	0	45971	3	45968
13443	0	0	0	0	46331	58168	0	46331	3	46328
15214	0	0	0	0	44560	58805	0	44560	3	44557
13559	0	0	0	0	46215	58150	0	46215	3	46212
14408	0	0	0	0	45366	59032	0	45366	3	45363
13271	0	0	0	0	46503	58833	0	46503	3	46500
12762	0	0	0	0	47012	59147	0	47012	3	47009
13932	0	0	0	0	45842	57915	0	45842	3	45839
14240	0	0	0	0	45534	59074	0	45534	3	45531
13950	0	0	0	0	45824	59083	0	45824	3	45821
13324	0	0	0	0	46450	57996	0	46450	3	46447
12675	0	0	0	0	47099	58912	0	47099	3	47096
14867	0	0	0	0	44907	58302	0	44907	3	44904
13631	0	0	0	0	46143	58846	0	46143	3	46140
13403	0	0	0	0	46371	58922	0	46371	3	46368
14497	0	0	0	0	45277	57937	0	45277	3	45274
12993	0	0	0	0	46781	58743	0	46781	3	46778
14734	0	0	0	0	45040	58925	0	45040	3	45037
12795	0	0	0	0	46979	58171	0	46979	3	46976
12588	0	0	0	0	47186	58084	0	47186	3	47183
14981	0	0	0	0	44793	58912	0	44793	3	44790
14100	0	0	0	0	45674	58922	0	45674	3	45671
13701	0	0	0	0	46073	58914	0	46073	3	46070
