48257	0	0	0	0	11517	59066	0	11517	3	11514
49465	0	0	0	0	10309	59019	0	10309	3	10306
49451	0	0	0	0	10323	58984	0	10323	3	10320
49539	0	0	0	0	10235	59086	0	10235	3	10232
48136	0	0	0	0	11638	59043	0	11638	3	11635
49254	0	0	0	0	10520	59078	0	10520	3	10517
49188	0	0	0	0	10586	58783	0	10586	3	10583
48353	0	0	0	0	11421	59022	0	11421	3	11418
48779	0	0	0	0	10995	59111	0	10995	3	10992
48070	0	0	0	0	11704	58956	0	11704	3	11701
48377	0	0	0	0	11397	58808	0	11397	3	11394
49107	0	0	0	0	10667	59101	0	10667	3	10664
48158	0	0	0	0	11616	59011	0	11616	3	11613
48666	0	0	0	0	11108	59010	0	11108	3	11105
49601	0	0	0	0	10173	58737	0	10173	3	10170
49339	0	0	0	0	10435	58824	0	10435	3	10432
48749	0	0	0	0	11025	58798	0	11025	3	11022
49099	0	0	0	0	10675	59058	0	10675	3	10672
49483	0	0	0	0	10291	59042	0	10291	3	10288
48119	0	0	0	0	11655	58984	0	11655	3	11652
48099	0	0	0	0	11675	58996	0	11675	3	11672
48522	0	0	0	0	11252	59022	0	11252	3	11249
48522	0	0	0	0	11252	59112	0	11252	3	11249
48806	0	0	0	0	10968	58969	0	10968	3	10965
48366	0	0	0	0	11408	58947	0	11408	3	11405
49518	0	0	0	0	10256	59099	0	10256	3	10253
49482	0	0	0	0	10292	59060	0	10292	3	10289
48649	0	0	0	0	11125	58796	0	11125	3	11122
48267	0	0	0	0	11507	58983	0	11507	3	11504
48542	0	0	0	0	11232	58906	0	11232	3	11229
48535	0	0	0	0	11239	59143	0	11239	3	11236
47930	0	0	0	0	11844	59006	0	11844	3	11841
49036	0	0	0	0	10738	58845	0	10738	3	10735
48316	0	0	0	0	11458	58840	0	11458	3	11455
49265	0	0	0	0	10509	58978	0	10509	3	10506
48632	0	0	0	0	11142	58865	0	11142	3	11139
49139	0	0	0	0	10635	59064	0	10635	3	10632
49465	0	0	0	0	10309	59043	0	10309	3	10306
48264	0	0	0	0	11510	59005	0	11510	3	11507
49824	0	0	0	0	9950	59035	0	9950	3	9947
49487	0	0	0	0	10287	58873	0	10287	3	10284
48999	0	0	0	0	10775	58914	0	10775	3	10772
48845	0	0	0	0	10929	59024	0	10929	3	10926
50126	0	0	0	0	9648	59111	0	9648	3	9645
48810	0	0	0	0	10964	58154	0	10964	3	10961
47999	0	0	0	0	11775	58903	0	11775	3	11772
49381	0	0	0	0	10393	58758	0	10393	3	10390
48947	0	0	0	0	10827	58715	0	10827	3	10824
48729	0	0	0	0	11045	59035	0	11045	3	11042
49019	0	0	0	0	10755	58838	0	10755	3	10752
48322	0	0	0	0	11452	59126	0	11452	3	11449
49855	0	0	0	0	9919	59047	0	9919	3	9916
48945	0	0	0	0	10829	59043	0	10829	3	10826
47230	0	0	0	0	12544	59235	0	12544	3	12541
47771	0	0	0	0	12003	58804	0	12003	3	12000
47883	0	0	0	0	11891	59092	0	11891	3	11888
48756	0	0	0	0	11018	59021	0	11018	3	11015
49193	0	0	0	0	10581	58973	0	10581	3	10578
49180	0	0	0	0	10594	59068	0	10594	3	10591
50169	0	0	0	0	9605	58828	0	9605	3	9602
48483	0	0	0	0	11291	59049	0	11291	3	11288
49110	0	0	0	0	10664	59037	0	10664	3	10661
48545	0	0	0	0	11229	59102	0	11229	3	11226
48520	0	0	0	0	11254	59026	0	11254	3	11251
49157	0	0	0	0	10617	58881	0	10617	3	10614
48782	0	0	0	0	10992	59100	0	10992	3	10989
49355	0	0	0	0	10419	58775	0	10419	3	10416
48002	0	0	0	0	11772	58812	0	11772	3	11769
49580	0	0	0	0	10194	58748	0	10194	3	10191
48729	0	0	0	0	11045	58973	0	11045	3	11042
48164	0	0	0	0	11610	59163	0	11610	3	11607
48443	0	0	0	0	11331	59008	0	11331	3	11328
48822	0	0	0	0	10952	58815	0	10952	3	10949
48620	0	0	0	0	11154	59082	0	11154	3	11151
48046	0	0	0	0	11728	58999	0	11728	3	11725
49685	0	0	0	0	10089	59020	0	10089	3	10086
48563	0	0	0	0	11211	59150	0	11211	3	11208
48962	0	0	0	0	10812	59031	0	10812	3	10809
48071	0	0	0	0	11703	58916	0	11703	3	11700
49241	0	0	0	0	10533	59034	0	10533	3	10530
47356	0	0	0	0	12418	59149	0	12418	3	12415
49251	0	0	0	0	10523	59092	0	10523	3	10520
48409	0	0	0	0	11365	59060	0	11365	3	11362
49272	0	0	0	0	10502	59079	0	10502	3	10499
48760	0	0	0	0	11014	59087	0	11014	3	11011
48899	0	0	0	0	10875	58763	0	10875	3	10872
49117	0	0	0	0	10657	59067	0	10657	3	10654
48813	0	0	0	0	10961	59211	0	10961	3	10958
49619	0	0	0	0	10155	58886	0	10155	3	10152
49536	0	0	0	0	10238	58974	0	10238	3	10235
48200	0	0	0	0	11574	59141	0	11574	3	11571
47776	0	0	0	0	11998	59050	0	11998	3	11995
49074	0	0	0	0	10700	58531	0	10700	3	10697
49018	0	0	0	0	10756	59103	0	10756	3	10753
49168	0	0	0	0	10606	59289	0	10606	3	10603
49352	0	0	0	0	10422	59016	0	10422	3	10419
48373	0	0	0	0	11401	58885	0	11401	3	11398
48688	0	0	0	0	11086	58828	0	11086	3	11083
48518	0	0	0	0	11256	58836	0	11256	3	11253
49510	0	0	0	0	10264	59041	0	10264	3	10261
49773	0	0	0	0	10001	58707	0	10001	3	9998
48932	0	0	0	0	10842	59127	0	10842	3	10839
48988	0	0	0	0	10786	58755	0	10786	3	10783
49647	0	0	0	0	10127	58759	0	10127	3	10124
47990	0	0	0	0	11784	58826	0	11784	3	11781
49163	0	0	0	0	10611	59085	0	10611	3	10608
47643	0	0	0	0	12131	58936	0	12131	3	12128
49259	0	0	0	0	10515	59019	0	10515	3	10512
49126	0	0	0	0	10648	58695	0	10648	3	10645
48885	0	0	0	0	10889	59007	0	10889	3	10886
49328	0	0	0	0	10446	59055	0	10446	3	10443
47816	0	0	0	0	11958	59087	0	11958	3	11955
49937	0	0	0	0	9837	58733	0	9837	3	9834
48382	0	0	0	0	11392	58742	0	11392	3	11389
48549	0	0	0	0	11225	58974	0	11225	3	11222
48662	0	0	0	0	11112	58878	0	11112	3	11109
49694	0	0	0	0	10080	59071	0	10080	3	10077
48449	0	0	0	0	11325	58979	0	11325	3	11322
48716	0	0	0	0	11058	58999	0	11058	3	11055
48624	0	0	0	0	11150	59067	0	11150	3	11147
48291	0	0	0	0	11483	59113	0	11483	3	11480
48437	0	0	0	0	11337	59118	0	11337	3	11334
48643	0	0	0	0	11131	58533	0	11131	3	11128
49344	0	0	0	0	10430	59084	0	10430	3	10427
49466	0	0	0	0	10308	59096	0	10308	3	10305
48704	0	0	0	0	11070	59027	0	11070	3	11067
48398	0	0	0	0	11376	59121	0	11376	3	11373
48534	0	0	0	0	11240	58981	0	11240	3	11237
48467	0	0	0	0	11307	59148	0	11307	3	11304
47997	0	0	0	0	11777	59071	0	11777	3	11774
48337	0	0	0	0	11437	59109	0	11437	3	11434
48685	0	0	0	0	11089	58771	0	11089	3	11086
49542	0	0	0	0	10232	59031	0	10232	3	10229
49521	0	0	0	0	10253	59080	0	10253	3	10250
48236	0	0	0	0	11538	59088	0	11538	3	11535
49298	0	0	0	0	10476	58688	0	10476	3	10473
48813	0	0	0	0	10961	59042	0	10961	3	10958
48595	0	0	0	0	11179	58889	0	11179	3	11176
49397	0	0	0	0	10377	59075	0	10377	3	10374
48858	0	0	0	0	10916	59078	0	10916	3	10913
47857	0	0	0	0	11917	58993	0	11917	3	11914
48926	0	0	0	0	10848	59175	0	10848	3	10845
49097	0	0	0	0	10677	58886	0	10677	3	10674
48558	0	0	0	0	11216	58993	0	11216	3	11213
48837	0	0	0	0	10937	58898	0	10937	3	10934
48046	0	0	0	0	11728	59044	0	11728	3	11725
47695	0	0	0	0	12079	59068	0	12079	3	12076
48443	0	0	0	0	11331	59086	0	11331	3	11328
49303	0	0	0	0	10471	59080	0	10471	3	10468
48620	0	0	0	0	11154	59148	0	11154	3	11151
49323	0	0	0	0	10451	58940	0	10451	3	10448
49698	0	0	0	0	10076	58768	0	10076	3	10073
47920	0	0	0	0	11854	59078	0	11854	3	11851
49202	0	0	0	0	10572	58809	0	10572	3	10569
48728	0	0	0	0	11046	58848	0	11046	3	11043
48775	0	0	0	0	10999	59072	0	10999	3	10996
47860	0	0	0	0	11914	58670	0	11914	3	11911
49596	0	0	0	0	10178	59075	0	10178	3	10175
47983	0	0	0	0	11791	59080	0	11791	3	11788
49084	0	0	0	0	10690	59107	0	10690	3	10687
48576	0	0	0	0	11198	59039	0	11198	3	11195
49340	0	0	0	0	10434	58917	0	10434	3	10431
48861	0	0	0	0	10913	59094	0	10913	3	10910
49220	0	0	0	0	10554	58816	0	10554	3	10551
49041	0	0	0	0	10733	59035	0	10733	3	10730
48752	0	0	0	0	11022	59095	0	11022	3	11019
48381	0	0	0	0	11393	59067	0	11393	3	11390
49875	0	0	0	0	9899	58957	0	9899	3	9896
49943	0	0	0	0	9831	59011	0	9831	3	9828
48834	0	0	0	0	10940	58860	0	10940	3	10937
49303	0	0	0	0	10471	58982	0	10471	3	10468
49344	0	0	0	0	10430	59023	0	10430	3	10427
48202	0	0	0	0	11572	59033	0	11572	3	11569
49361	0	0	0	0	10413	58813	0	10413	3	10410
48793	0	0	0	0	10981	58831	0	10981	3	10978
48395	0	0	0	0	11379	59063	0	11379	3	11376
48645	0	0	0	0	11129	59030	0	11129	3	11126
49558	0	0	0	0	10216	58904	0	10216	3	10213
49722	0	0	0	0	10052	59071	0	10052	3	10049
49136	0	0	0	0	10638	58759	0	10638	3	10635
49469	0	0	0	0	10305	59073	0	10305	3	10302
48565	0	0	0	0	11209	59006	0	11209	3	11206
48682	0	0	0	0	11092	59069	0	11092	3	11089
48666	0	0	0	0	11108	59021	0	11108	3	11105
48474	0	0	0	0	11300	59045	0	11300	3	11297
49004	0	0	0	0	10770	58994	0	10770	3	10767
49612	0	0	0	0	10162	59043	0	10162	3	10159
49670	0	0	0	0	10104	58794	0	10104	3	10101
49461	0	0	0	0	10313	59053	0	10313	3	10310
48324	0	0	0	0	11450	59032	0	11450	3	11447
48869	0	0	0	0	10905	59017	0	10905	3	10902
47923	0	0	0	0	11851	58828	0	11851	3	11848
49919	0	0	0	0	9855	58970	0	9855	3	9852
49351	0	0	0	0	10423	59023	0	10423	3	10420
48602	0	0	0	0	11172	59003	0	11172	3	11169
49158	0	0	0	0	10616	59050	0	10616	3	10613
49024	0	0	0	0	10750	59049	0	10750	3	10747
48762	0	0	0	0	11012	58861	0	11012	3	11009
48700	0	0	0	0	11074	59389	0	11074	3	11071
49315	0	0	0	0	10459	59008	0	10459	3	10456
49234	0	0	0	0	10540	59060	0	10540	3	10537
49324	0	0	0	0	10450	59041	0	10450	3	10447
47749	0	0	0	0	12025	59069	0	12025	3	12022
48181	0	0	0	0	11593	59036	0	11593	3	11590
49423	0	0	0	0	10351	59042	0	10351	3	10348
48111	0	0	0	0	11663	58712	0	11663	3	11660
48926	0	0	0	0	10848	59026	0	10848	3	10845
48528	0	0	0	0	11246	59084	0	11246	3	11243
48873	0	0	0	0	10901	58847	0	10901	3	10898
48783	0	0	0	0	10991	58940	0	10991	3	10988
48680	0	0	0	0	11094	59141	0	11094	3	11091
48674	0	0	0	0	11100	59048	0	11100	3	11097
48721	0	0	0	0	11053	59009	0	11053	3	11050
49254	0	0	0	0	10520	59006	0	10520	3	10517
48768	0	0	0	0	11006	58791	0	11006	3	11003
48035	0	0	0	0	11739	58999	0	11739	3	11736
48002	0	0	0	0	11772	58904	0	11772	3	11769
49262	0	0	0	0	10512	59075	0	10512	3	10509
48908	0	0	0	0	10866	59074	0	10866	3	10863
48459	0	0	0	0	11315	59108	0	11315	3	11312
48283	0	0	0	0	11491	59055	0	11491	3	11488
49006	0	0	0	0	10768	58893	0	10768	3	10765
49744	0	0	0	0	10030	59008	0	10030	3	10027
49296	0	0	0	0	10478	59122	0	10478	3	10475
48554	0	0	0	0	11220	59080	0	11220	3	11217
48728	0	0	0	0	11046	59049	0	11046	3	11043
47982	0	0	0	0	11792	58818	0	11792	3	11789
48153	0	0	0	0	11621	59059	0	11621	3	11618
49490	0	0	0	0	10284	59223	0	10284	3	10281
48772	0	0	0	0	11002	59006	0	11002	3	10999
49587	0	0	0	0	10187	59077	0	10187	3	10184
50361	0	0	0	0	9413	58814	0	9413	3	9410
48593	0	0	0	0	11181	58781	0	11181	3	11178
49617	0	0	0	0	10157	59014	0	10157	3	10154
48589	0	0	0	0	11185	59057	0	11185	3	11182
49065	0	0	0	0	10709	59077	0	10709	3	10706
48433	0	0	0	0	11341	58819	0	11341	3	11338
48711	0	0	0	0	11063	58752	0	11063	3	11060
48644	0	0	0	0	11130	59302	0	11130	3	11127
47943	0	0	0	0	11831	58961	0	11831	3	11828
48548	0	0	0	0	11226	59134	0	11226	3	11223
48840	0	0	0	0	10934	58872	0	10934	3	10931
47385	0	0	0	0	12389	58815	0	12389	3	12386
49949	0	0	0	0	9825	58872	0	9825	3	9822
49293	0	0	0	0	10481	59094	0	10481	3	10478
48484	0	0	0	0	11290	59044	0	11290	3	11287
48259	0	0	0	0	11515	59018	0	11515	3	11512
48025	0	0	0	0	11749	58920	0	11749	3	11746
48707	0	0	0	0	11067	59066	0	11067	3	11064
48966	0	0	0	0	10808	59118	0	10808	3	10805
49032	0	0	0	0	10742	59011	0	10742	3	10739
49084	0	0	0	0	10690	58909	0	10690	3	10687
48679	0	0	0	0	11095	58803	0	11095	3	11092
48634	0	0	0	0	11140	58822	0	11140	3	11137
49089	0	0	0	0	10685	58871	0	10685	3	10682
48514	0	0	0	0	11260	59067	0	11260	3	11257
48243	0	0	0	0	11531	58755	0	11531	3	11528
50579	0	0	0	0	9195	59033	0	9195	3	9192
48546	0	0	0	0	11228	59078	0	11228	3	11225
48672	0	0	0	0	11102	58843	0	11102	3	11099
48915	0	0	0	0	10859	58880	0	10859	3	10856
48681	0	0	0	0	11093	58816	0	11093	3	11090
49695	0	0	0	0	10079	58764	0	10079	3	10076
49193	0	0	0	0	10581	59041	0	10581	3	10578
48906	0	0	0	0	10868	58938	0	10868	3	10865
48927	0	0	0	0	10847	59169	0	10847	3	10844
48924	0	0	0	0	10850	59096	0	10850	3	10847
48313	0	0	0	0	11461	59121	0	11461	3	11458
48936	0	0	0	0	10838	58790	0	10838	3	10835
48421	0	0	0	0	11353	58916	0	11353	3	11350
48939	0	0	0	0	10835	59100	0	10835	3	10832
49470	0	0	0	0	10304	59047	0	10304	3	10301
48551	0	0	0	0	11223	59139	0	11223	3	11220
49483	0	0	0	0	10291	58860	0	10291	3	10288
49352	0	0	0	0	10422	59050	0	10422	3	10419
49187	0	0	0	0	10587	58808	0	10587	3	10584
47996	0	0	0	0	11778	59330	0	11778	3	11775
48239	0	0	0	0	11535	59067	0	11535	3	11532
48902	0	0	0	0	10872	58864	0	10872	3	10869
48026	0	0	0	0	11748	58827	0	11748	3	11745
49010	0	0	0	0	10764	59066	0	10764	3	10761
49442	0	0	0	0	10332	59111	0	10332	3	10329
49572	0	0	0	0	10202	59025	0	10202	3	10199
49197	0	0	0	0	10577	58807	0	10577	3	10574
48171	0	0	0	0	11603	58980	0	11603	3	11600
48557	0	0	0	0	11217	59055	0	11217	3	11214
49381	0	0	0	0	10393	58810	0	10393	3	10390
48679	0	0	0	0	11095	59050	0	11095	3	11092
49240	0	0	0	0	10534	59048	0	10534	3	10531
49191	0	0	0	0	10583	58775	0	10583	3	10580
49702	0	0	0	0	10072	58874	0	10072	3	10069
47742	0	0	0	0	12032	58734	0	12032	3	12029
47427	0	0	0	0	12347	59030	0	12347	3	12344
49925	0	0	0	0	9849	59077	0	9849	3	9846
48681	0	0	0	0	11093	58720	0	11093	3	11090
49662	0	0	0	0	10112	59067	0	10112	3	10109
48432	0	0	0	0	11342	59062	0	11342	3	11339
48142	0	0	0	0	11632	58996	0	11632	3	11629
49054	0	0	0	0	10720	57922	0	10720	3	10717
48118	0	0	0	0	11656	59087	0	11656	3	11653
48836	0	0	0	0	10938	58896	0	10938	3	10935
47537	0	0	0	0	12237	59083	0	12237	3	12234
48792	0	0	0	0	10982	59092	0	10982	3	10979
49119	0	0	0	0	10655	59020	0	10655	3	10652
48576	0	0	0	0	11198	59372	0	11198	3	11195
48882	0	0	0	0	10892	59009	0	10892	3	10889
47687	0	0	0	0	12087	59122	0	12087	3	12084
48250	0	0	0	0	11524	59050	0	11524	3	11521
48997	0	0	0	0	10777	59115	0	10777	3	10774
48372	0	0	0	0	11402	59117	0	11402	3	11399
48697	0	0	0	0	11077	59050	0	11077	3	11074
49053	0	0	0	0	10721	59019	0	10721	3	10718
47706	0	0	0	0	12068	59025	0	12068	3	12065
48565	0	0	0	0	11209	59078	0	11209	3	11206
47648	0	0	0	0	12126	59084	0	12126	3	12123
48674	0	0	0	0	11100	59027	0	11100	3	11097
49111	0	0	0	0	10663	59101	0	10663	3	10660
48516	0	0	0	0	11258	59111	0	11258	3	11255
48472	0	0	0	0	11302	59114	0	11302	3	11299
48374	0	0	0	0	11400	59094	0	11400	3	11397
49445	0	0	0	0	10329	58792	0	10329	3	10326
48937	0	0	0	0	10837	59034	0	10837	3	10834
48776	0	0	0	0	10998	58692	0	10998	3	10995
49791	0	0	0	0	9983	59067	0	9983	3	9980
49192	0	0	0	0	10582	59076	0	10582	3	10579
49021	0	0	0	0	10753	58807	0	10753	3	10750
48510	0	0	0	0	11264	59121	0	11264	3	11261
48317	0	0	0	0	11457	59051	0	11457	3	11454
48652	0	0	0	0	11122	58965	0	11122	3	11119
50237	0	0	0	0	9537	59135	0	9537	3	9534
47901	0	0	0	0	11873	59060	0	11873	3	11870
48318	0	0	0	0	11456	58997	0	11456	3	11453
48226	0	0	0	0	11548	59055	0	11548	3	11545
49215	0	0	0	0	10559	59030	0	10559	3	10556
49069	0	0	0	0	10705	58955	0	10705	3	10702
47870	0	0	0	0	11904	58788	0	11904	3	11901
48351	0	0	0	0	11423	59086	0	11423	3	11420
49640	0	0	0	0	10134	59088	0	10134	3	10131
48595	0	0	0	0	11179	58747	0	11179	3	11176
48544	0	0	0	0	11230	59005	0	11230	3	11227
49114	0	0	0	0	10660	59062	0	10660	3	10657
48228	0	0	0	0	11546	59113	0	11546	3	11543
50034	0	0	0	0	9740	59183	0	9740	3	9737
48723	0	0	0	0	11051	59081	0	11051	3	11048
48833	0	0	0	0	10941	59079	0	10941	3	10938
48931	0	0	0	0	10843	58721	0	10843	3	10840
48673	0	0	0	0	11101	59036	0	11101	3	11098
48483	0	0	0	0	11291	59033	0	11291	3	11288
49507	0	0	0	0	10267	58853	0	10267	3	10264
48992	0	0	0	0	10782	59047	0	10782	3	10779
48475	0	0	0	0	11299	59071	0	11299	3	11296
48442	0	0	0	0	11332	58940	0	11332	3	11329
48696	0	0	0	0	11078	59077	0	11078	3	11075
48496	0	0	0	0	11278	58784	0	11278	3	11275
48110	0	0	0	0	11664	59082	0	11664	3	11661
48420	0	0	0	0	11354	59027	0	11354	3	11351
48479	0	0	0	0	11295	58980	0	11295	3	11292
48534	0	0	0	0	11240	58852	0	11240	3	11237
49214	0	0	0	0	10560	58672	0	10560	3	10557
48228	0	0	0	0	11546	58782	0	11546	3	11543
48627	0	0	0	0	11147	59094	0	11147	3	11144
47656	0	0	0	0	12118	58834	0	12118	3	12115
49237	0	0	0	0	10537	58869	0	10537	3	10534
49183	0	0	0	0	10591	58902	0	10591	3	10588
48560	0	0	0	0	11214	59065	0	11214	3	11211
48478	0	0	0	0	11296	58736	0	11296	3	11293
47814	0	0	0	0	11960	58943	0	11960	3	11957
49283	0	0	0	0	10491	58840	0	10491	3	10488
48935	0	0	0	0	10839	59048	0	10839	3	10836
48810	0	0	0	0	10964	58936	0	10964	3	10961
48799	0	0	0	0	10975	59027	0	10975	3	10972
48969	0	0	0	0	10805	58932	0	10805	3	10802
48863	0	0	0	0	10911	59349	0	10911	3	10908
48403	0	0	0	0	11371	58785	0	11371	3	11368
48622	0	0	0	0	11152	59014	0	11152	3	11149
48777	0	0	0	0	10997	59035	0	10997	3	10994
48479	0	0	0	0	11295	58713	0	11295	3	11292
48532	0	0	0	0	11242	58921	0	11242	3	11239
49046	0	0	0	0	10728	59133	0	10728	3	10725
48673	0	0	0	0	11101	59132	0	11101	3	11098
49921	0	0	0	0	9853	58710	0	9853	3	9850
48473	0	0	0	0	11301	58706	0	11301	3	11298
47975	0	0	0	0	11799	58700	0	11799	3	11796
48649	0	0	0	0	11125	58619	0	11125	3	11122
48384	0	0	0	0	11390	58888	0	11390	3	11387
48384	0	0	0	0	11390	59106	0	11390	3	11387
48001	0	0	0	0	11773	59042	0	11773	3	11770
49607	0	0	0	0	10167	58976	0	10167	3	10164
48955	0	0	0	0	10819	59094	0	10819	3	10816
48741	0	0	0	0	11033	58742	0	11033	3	11030
49126	0	0	0	0	10648	58985	0	10648	3	10645
49175	0	0	0	0	10599	59052	0	10599	3	10596
48425	0	0	0	0	11349	59037	0	11349	3	11346
48867	0	0	0	0	10907	58906	0	10907	3	10904
49557	0	0	0	0	10217	58989	0	10217	3	10214
48914	0	0	0	0	10860	59060	0	10860	3	10857
48933	0	0	0	0	10841	58953	0	10841	3	10838
48110	0	0	0	0	11664	59067	0	11664	3	11661
49184	0	0	0	0	10590	58763	0	10590	3	10587
48785	0	0	0	0	10989	58937	0	10989	3	10986
49324	0	0	0	0	10450	59086	0	10450	3	10447
49052	0	0	0	0	10722	59061	0	10722	3	10719
49542	0	0	0	0	10232	59098	0	10232	3	10229
48661	0	0	0	0	11113	58986	0	11113	3	11110
48968	0	0	0	0	10806	59091	0	10806	3	10803
48535	0	0	0	0	11239	59024	0	11239	3	11236
47895	0	0	0	0	11879	58788	0	11879	3	11876
48634	0	0	0	0	11140	59023	0	11140	3	11137
48070	0	0	0	0	11704	59064	0	11704	3	11701
48189	0	0	0	0	11585	58936	0	11585	3	11582
49002	0	0	0	0	10772	59097	0	10772	3	10769
48174	0	0	0	0	11600	59082	0	11600	3	11597
49495	0	0	0	0	10279	59103	0	10279	3	10276
49576	0	0	0	0	10198	59093	0	10198	3	10195
49614	0	0	0	0	10160	58639	0	10160	3	10157
48422	0	0	0	0	11352	59114	0	11352	3	11349
47916	0	0	0	0	11858	59118	0	11858	3	11855
48347	0	0	0	0	11427	59036	0	11427	3	11424
47956	0	0	0	0	11818	59104	0	11818	3	11815
49765	0	0	0	0	10009	59006	0	10009	3	10006
47791	0	0	0	0	11983	59122	0	11983	3	11980
49583	0	0	0	0	10191	58907	0	10191	3	10188
48623	0	0	0	0	11151	59070	0	11151	3	11148
48651	0	0	0	0	11123	59044	0	11123	3	11120
48613	0	0	0	0	11161	59046	0	11161	3	11158
48645	0	0	0	0	11129	58789	0	11129	3	11126
47462	0	0	0	0	12312	59087	0	12312	3	12309
48386	0	0	0	0	11388	59065	0	11388	3	11385
49827	0	0	0	0	9947	59025	0	9947	3	9944
47976	0	0	0	0	11798	59080	0	11798	3	11795
48961	0	0	0	0	10813	59314	0	10813	3	10810
49645	0	0	0	0	10129	59043	0	10129	3	10126
48984	0	0	0	0	10790	59003	0	10790	3	10787
48840	0	0	0	0	10934	59137	0	10934	3	10931
48994	0	0	0	0	10780	59111	0	10780	3	10777
49060	0	0	0	0	10714	58793	0	10714	3	10711
47809	0	0	0	0	11965	58850	0	11965	3	11962
47325	0	0	0	0	12449	59054	0	12449	3	12446
49466	0	0	0	0	10308	59044	0	10308	3	10305
49164	0	0	0	0	10610	58966	0	10610	3	10607
49051	0	0	0	0	10723	59008	0	10723	3	10720
49056	0	0	0	0	10718	59075	0	10718	3	10715
48307	0	0	0	0	11467	59099	0	11467	3	11464
49197	0	0	0	0	10577	58652	0	10577	3	10574
48631	0	0	0	0	11143	59075	0	11143	3	11140
48296	0	0	0	0	11478	59086	0	11478	3	11475
48989	0	0	0	0	10785	58983	0	10785	3	10782
48928	0	0	0	0	10846	58847	0	10846	3	10843
48318	0	0	0	0	11456	59205	0	11456	3	11453
47834	0	0	0	0	11940	59196	0	11940	3	11937
48779	0	0	0	0	10995	58763	0	10995	3	10992
49191	0	0	0	0	10583	58917	0	10583	3	10580
49581	0	0	0	0	10193	58947	0	10193	3	10190
48816	0	0	0	0	10958	59012	0	10958	3	10955
48464	0	0	0	0	11310	59068	0	11310	3	11307
49003	0	0	0	0	10771	59069	0	10771	3	10768
48309	0	0	0	0	11465	58277	0	11465	3	11462
48695	0	0	0	0	11079	59080	0	11079	3	11076
48723	0	0	0	0	11051	59053	0	11051	3	11048
48939	0	0	0	0	10835	59098	0	10835	3	10832
48506	0	0	0	0	11268	59132	0	11268	3	11265
48351	0	0	0	0	11423	59061	0	11423	3	11420
49520	0	0	0	0	10254	59021	0	10254	3	10251
49131	0	0	0	0	10643	59032	0	10643	3	10640
48222	0	0	0	0	11552	59112	0	11552	3	11549
49912	0	0	0	0	9862	58990	0	9862	3	9859
48432	0	0	0	0	11342	59405	0	11342	3	11339
49005	0	0	0	0	10769	59021	0	10769	3	10766
48023	0	0	0	0	11751	58753	0	11751	3	11748
47641	0	0	0	0	12133	59059	0	12133	3	12130
49925	0	0	0	0	9849	58994	0	9849	3	9846
48237	0	0	0	0	11537	59046	0	11537	3	11534
49211	0	0	0	0	10563	59071	0	10563	3	10560
48606	0	0	0	0	11168	59003	0	11168	3	11165
48783	0	0	0	0	10991	59386	0	10991	3	10988
49149	0	0	0	0	10625	58919	0	10625	3	10622
48889	0	0	0	0	10885	58887	0	10885	3	10882
48324	0	0	0	0	11450	59003	0	11450	3	11447
48762	0	0	0	0	11012	58766	0	11012	3	11009
47934	0	0	0	0	11840	59066	0	11840	3	11837
48069	0	0	0	0	11705	58804	0	11705	3	11702
49812	0	0	0	0	9962	59083	0	9962	3	9959
49532	0	0	0	0	10242	59022	0	10242	3	10239
48604	0	0	0	0	11170	58865	0	11170	3	11167
48775	0	0	0	0	10999	58652	0	10999	3	10996
47943	0	0	0	0	11831	58999	0	11831	3	11828
48317	0	0	0	0	11457	58935	0	11457	3	11454
49624	0	0	0	0	10150	58967	0	10150	3	10147
48626	0	0	0	0	11148	59044	0	11148	3	11145
49362	0	0	0	0	10412	58982	0	10412	3	10409
48103	0	0	0	0	11671	58850	0	11671	3	11668
48011	0	0	0	0	11763	59053	0	11763	3	11760
48709	0	0	0	0	11065	58868	0	11065	3	11062
48754	0	0	0	0	11020	59053	0	11020	3	11017
48506	0	0	0	0	11268	59117	0	11268	3	11265
49734	0	0	0	0	10040	59121	0	10040	3	10037
48544	0	0	0	0	11230	58792	0	11230	3	11227
50213	0	0	0	0	9561	59084	0	9561	3	9558
48553	0	0	0	0	11221	58844	0	11221	3	11218
48723	0	0	0	0	11051	58977	0	11051	3	11048
