52205	0	0	0	0	7569	57120	0	7569	1758	5811
52139	0	0	0	0	7635	57152	0	7635	1801	5834
51728	0	0	0	0	8046	57170	0	8046	1773	6273
51873	0	0	0	0	7901	57140	0	7901	1786	6115
52392	0	0	0	0	7382	57037	0	7382	1724	5658
52219	0	0	0	0	7555	57204	0	7555	1750	5805
52191	0	0	0	0	7583	57298	0	7583	1770	5813
52199	0	0	0	0	7575	57159	0	7575	1741	5834
51873	0	0	0	0	7901	57232	0	7901	1753	6148
51746	0	0	0	0	8028	57288	0	8028	1808	6220
52466	0	0	0	0	7308	56653	0	7308	1703	5605
52235	0	0	0	0	7539	57040	0	7539	1759	5780
52311	0	0	0	0	7463	57107	0	7463	1744	5719
52755	0	0	0	0	7019	57343	0	7019	1754	5265
52126	0	0	0	0	7648	57319	0	7648	1746	5902
52311	0	0	0	0	7463	57059	0	7463	1766	5697
52736	0	0	0	0	7038	56961	0	7038	1722	5316
52491	0	0	0	0	7283	57059	0	7283	1752	5531
52018	0	0	0	0	7756	57247	0	7756	1792	5964
52036	0	0	0	0	7738	57282	0	7738	1778	5960
52063	0	0	0	0	7711	57339	0	7711	1758	5953
52432	0	0	0	0	7342	57276	0	7342	1752	5590
51823	0	0	0	0	7951	57100	0	7951	1782	6169
51681	0	0	0	0	8093	57094	0	8093	1765	6328
52086	0	0	0	0	7688	56884	0	7688	1722	5966
51856	0	0	0	0	7918	57289	0	7918	1772	6146
52142	0	0	0	0	7632	57083	0	7632	1779	5853
52114	0	0	0	0	7660	57088	0	7660	1767	5893
52208	0	0	0	0	7566	57259	0	7566	1781	5785
52136	0	0	0	0	7638	57057	0	7638	1758	5880
51987	0	0	0	0	7787	57156	0	7787	1775	6012
52187	0	0	0	0	7587	57260	0	7587	1772	5815
52661	0	0	0	0	7113	57277	0	7113	1792	5321
52362	0	0	0	0	7412	57307	0	7412	1799	5613
52436	0	0	0	0	7338	57133	0	7338	1768	5570
52274	0	0	0	0	7500	57092	0	7500	1776	5724
51831	0	0	0	0	7943	56673	0	7943	1726	6217
51676	0	0	0	0	8098	57177	0	8098	1765	6333
52306	0	0	0	0	7468	56922	0	7468	1751	5717
52313	0	0	0	0	7461	57101	0	7461	1773	5688
52068	0	0	0	0	7706	57170	0	7706	1761	5945
52620	0	0	0	0	7154	57250	0	7154	1762	5392
52233	0	0	0	0	7541	57132	0	7541	1733	5808
52367	0	0	0	0	7407	57193	0	7407	1766	5641
51914	0	0	0	0	7860	57172	0	7860	1753	6107
52277	0	0	0	0	7497	57318	0	7497	1771	5726
51930	0	0	0	0	7844	57240	0	7844	1765	6079
52418	0	0	0	0	7356	57135	0	7356	1729	5627
51563	0	0	0	0	8211	57132	0	8211	1782	6429
51693	0	0	0	0	8081	57323	0	8081	1798	6283
51873	0	0	0	0	7901	57309	0	7901	1787	6114
51834	0	0	0	0	7940	57258	0	7940	1798	6142
51898	0	0	0	0	7876	56928	0	7876	1752	6124
51910	0	0	0	0	7864	57294	0	7864	1766	6098
52087	0	0	0	0	7687	57181	0	7687	1763	5924
52006	0	0	0	0	7768	57072	0	7768	1737	6031
51798	0	0	0	0	7976	57282	0	7976	1770	6206
52097	0	0	0	0	7677	57091	0	7677	1769	5908
52662	0	0	0	0	7112	57190	0	7112	1741	5371
51722	0	0	0	0	8052	57243	0	8052	1757	6295
52160	0	0	0	0	7614	57122	0	7614	1756	5858
52122	0	0	0	0	7652	57073	0	7652	1750	5902
51832	0	0	0	0	7942	57289	0	7942	1793	6149
51799	0	0	0	0	7975	57007	0	7975	1736	6239
52018	0	0	0	0	7756	57221	0	7756	1765	5991
52355	0	0	0	0	7419	57103	0	7419	1733	5686
51879	0	0	0	0	7895	57178	0	7895	1757	6138
52219	0	0	0	0	7555	57276	0	7555	1774	5781
52155	0	0	0	0	7619	57247	0	7619	1768	5851
51958	0	0	0	0	7816	57085	0	7816	1768	6048
52115	0	0	0	0	7659	57245	0	7659	1769	5890
51909	0	0	0	0	7865	57012	0	7865	1753	6112
52565	0	0	0	0	7209	57115	0	7209	1773	5436
51869	0	0	0	0	7905	57177	0	7905	1759	6146
51893	0	0	0	0	7881	57287	0	7881	1792	6089
52457	0	0	0	0	7317	56663	0	7317	1664	5653
52378	0	0	0	0	7396	57278	0	7396	1758	5638
52228	0	0	0	0	7546	57093	0	7546	1764	5782
52028	0	0	0	0	7746	57305	0	7746	1768	5978
52195	0	0	0	0	7579	57158	0	7579	1758	5821
52252	0	0	0	0	7522	57297	0	7522	1764	5758
51982	0	0	0	0	7792	57279	0	7792	1811	5981
51987	0	0	0	0	7787	57270	0	7787	1790	5997
51938	0	0	0	0	7836	57120	0	7836	1767	6069
52328	0	0	0	0	7446	57313	0	7446	1770	5676
51996	0	0	0	0	7778	57081	0	7778	1786	5992
52371	0	0	0	0	7403	57286	0	7403	1782	5621
52076	0	0	0	0	7698	57278	0	7698	1770	5928
52144	0	0	0	0	7630	57133	0	7630	1764	5866
52193	0	0	0	0	7581	57063	0	7581	1735	5846
51244	0	0	0	0	8530	57308	0	8530	1795	6735
51719	0	0	0	0	8055	57328	0	8055	1804	6251
52018	0	0	0	0	7756	57087	0	7756	1782	5974
51826	0	0	0	0	7948	57301	0	7948	1784	6164
51855	0	0	0	0	7919	57059	0	7919	1741	6178
52039	0	0	0	0	7735	57295	0	7735	1773	5962
52169	0	0	0	0	7605	57161	0	7605	1761	5844
52212	0	0	0	0	7562	57302	0	7562	1763	5799
51555	0	0	0	0	8219	57260	0	8219	1788	6431
51908	0	0	0	0	7866	57314	0	7866	1774	6092
52373	0	0	0	0	7401	57187	0	7401	1738	5663
51371	0	0	0	0	8403	57388	0	8403	1816	6587
52205	0	0	0	0	7569	57081	0	7569	1768	5801
52016	0	0	0	0	7758	57087	0	7758	1784	5974
51837	0	0	0	0	7937	57268	0	7937	1787	6150
51687	0	0	0	0	8087	57137	0	8087	1782	6305
52039	0	0	0	0	7735	57302	0	7735	1767	5968
51967	0	0	0	0	7807	57313	0	7807	1765	6042
51853	0	0	0	0	7921	57071	0	7921	1774	6147
51866	0	0	0	0	7908	57288	0	7908	1766	6142
51766	0	0	0	0	8008	57087	0	8008	1771	6237
51832	0	0	0	0	7942	57244	0	7942	1793	6149
52232	0	0	0	0	7542	57027	0	7542	1748	5794
51683	0	0	0	0	8091	57035	0	8091	1752	6339
51502	0	0	0	0	8272	57285	0	8272	1804	6468
52328	0	0	0	0	7446	57219	0	7446	1770	5676
52415	0	0	0	0	7359	57267	0	7359	1795	5564
52156	0	0	0	0	7618	57206	0	7618	1733	5885
52108	0	0	0	0	7666	57127	0	7666	1759	5907
51871	0	0	0	0	7903	57114	0	7903	1768	6135
52040	0	0	0	0	7734	57124	0	7734	1788	5946
52296	0	0	0	0	7478	57263	0	7478	1768	5710
52116	0	0	0	0	7658	57262	0	7658	1752	5906
52316	0	0	0	0	7458	57175	0	7458	1775	5683
51728	0	0	0	0	8046	56959	0	8046	1767	6279
51995	0	0	0	0	7779	57177	0	7779	1746	6033
51649	0	0	0	0	8125	57070	0	8125	1774	6351
51855	0	0	0	0	7919	57275	0	7919	1773	6146
52192	0	0	0	0	7582	57128	0	7582	1768	5814
52502	0	0	0	0	7272	57073	0	7272	1769	5503
51901	0	0	0	0	7873	57236	0	7873	1770	6103
52272	0	0	0	0	7502	57337	0	7502	1778	5724
51899	0	0	0	0	7875	57255	0	7875	1748	6127
51933	0	0	0	0	7841	57316	0	7841	1806	6035
51698	0	0	0	0	8076	57294	0	8076	1757	6319
52169	0	0	0	0	7605	57129	0	7605	1767	5838
52302	0	0	0	0	7472	57085	0	7472	1764	5708
52328	0	0	0	0	7446	57167	0	7446	1742	5704
51998	0	0	0	0	7776	57240	0	7776	1769	6007
52437	0	0	0	0	7337	57249	0	7337	1741	5596
51936	0	0	0	0	7838	57183	0	7838	1748	6090
52062	0	0	0	0	7712	57262	0	7712	1762	5950
52259	0	0	0	0	7515	57305	0	7515	1784	5731
51819	0	0	0	0	7955	57255	0	7955	1789	6166
51706	0	0	0	0	8068	57261	0	8068	1804	6264
52645	0	0	0	0	7129	57084	0	7129	1777	5352
52548	0	0	0	0	7226	57289	0	7226	1747	5479
52307	0	0	0	0	7467	57275	0	7467	1767	5700
51622	0	0	0	0	8152	57251	0	8152	1807	6345
52603	0	0	0	0	7171	57139	0	7171	1742	5429
51765	0	0	0	0	8009	57262	0	8009	1788	6221
52075	0	0	0	0	7699	57334	0	7699	1794	5905
52246	0	0	0	0	7528	57076	0	7528	1732	5796
52204	0	0	0	0	7570	57205	0	7570	1742	5828
52621	0	0	0	0	7153	57285	0	7153	1779	5374
51640	0	0	0	0	8134	57221	0	8134	1762	6372
52102	0	0	0	0	7672	57190	0	7672	1750	5922
52441	0	0	0	0	7333	56934	0	7333	1715	5618
52010	0	0	0	0	7764	57020	0	7764	1758	6006
52371	0	0	0	0	7403	57272	0	7403	1747	5656
51647	0	0	0	0	8127	57300	0	8127	1778	6349
51999	0	0	0	0	7775	57267	0	7775	1764	6011
51841	0	0	0	0	7933	56996	0	7933	1769	6164
52387	0	0	0	0	7387	57271	0	7387	1754	5633
52463	0	0	0	0	7311	57222	0	7311	1773	5538
52147	0	0	0	0	7627	57031	0	7627	1772	5855
52221	0	0	0	0	7553	57317	0	7553	1763	5790
52113	0	0	0	0	7661	57367	0	7661	1804	5857
52471	0	0	0	0	7303	57151	0	7303	1755	5548
51631	0	0	0	0	8143	57315	0	8143	1803	6340
52413	0	0	0	0	7361	57168	0	7361	1753	5608
52109	0	0	0	0	7665	57285	0	7665	1779	5886
51995	0	0	0	0	7779	57348	0	7779	1804	5975
52285	0	0	0	0	7489	57044	0	7489	1769	5720
52602	0	0	0	0	7172	57135	0	7172	1743	5429
52095	0	0	0	0	7679	57278	0	7679	1760	5919
52060	0	0	0	0	7714	57193	0	7714	1761	5953
52047	0	0	0	0	7727	57095	0	7727	1753	5974
51585	0	0	0	0	8189	57114	0	8189	1772	6417
52124	0	0	0	0	7650	57267	0	7650	1801	5849
52248	0	0	0	0	7526	57036	0	7526	1751	5775
52220	0	0	0	0	7554	57308	0	7554	1800	5754
52376	0	0	0	0	7398	57278	0	7398	1777	5621
52469	0	0	0	0	7305	57316	0	7305	1785	5520
51623	0	0	0	0	8151	57333	0	8151	1805	6346
52109	0	0	0	0	7665	57094	0	7665	1778	5887
52130	0	0	0	0	7644	57237	0	7644	1774	5870
52397	0	0	0	0	7377	57371	0	7377	1753	5624
52304	0	0	0	0	7470	57262	0	7470	1783	5687
51592	0	0	0	0	8182	57343	0	8182	1800	6382
52190	0	0	0	0	7584	57232	0	7584	1767	5817
52258	0	0	0	0	7516	57077	0	7516	1747	5769
52544	0	0	0	0	7230	57312	0	7230	1769	5461
52120	0	0	0	0	7654	57251	0	7654	1760	5894
52178	0	0	0	0	7596	57114	0	7596	1755	5841
52257	0	0	0	0	7517	57149	0	7517	1781	5736
52491	0	0	0	0	7283	56701	0	7283	1693	5590
52180	0	0	0	0	7594	57299	0	7594	1774	5820
52282	0	0	0	0	7492	57131	0	7492	1797	5695
52121	0	0	0	0	7653	57073	0	7653	1742	5911
52089	0	0	0	0	7685	57247	0	7685	1768	5917
52258	0	0	0	0	7516	57064	0	7516	1701	5815
52075	0	0	0	0	7699	56619	0	7699	1690	6009
52070	0	0	0	0	7704	57091	0	7704	1773	5931
51802	0	0	0	0	7972	57294	0	7972	1768	6204
52123	0	0	0	0	7651	57235	0	7651	1758	5893
51867	0	0	0	0	7907	57340	0	7907	1777	6130
52192	0	0	0	0	7582	57302	0	7582	1769	5813
51777	0	0	0	0	7997	57302	0	7997	1767	6230
51988	0	0	0	0	7786	57231	0	7786	1806	5980
51994	0	0	0	0	7780	57273	0	7780	1816	5964
51785	0	0	0	0	7989	57312	0	7989	1782	6207
51850	0	0	0	0	7924	57120	0	7924	1794	6130
51908	0	0	0	0	7866	57246	0	7866	1769	6097
51986	0	0	0	0	7788	57279	0	7788	1779	6009
52185	0	0	0	0	7589	57297	0	7589	1788	5801
52115	0	0	0	0	7659	57350	0	7659	1793	5866
52175	0	0	0	0	7599	57372	0	7599	1782	5817
51834	0	0	0	0	7940	57406	0	7940	1762	6178
52298	0	0	0	0	7476	56872	0	7476	1726	5750
52167	0	0	0	0	7607	57313	0	7607	1774	5833
51893	0	0	0	0	7881	57296	0	7881	1767	6114
52036	0	0	0	0	7738	57272	0	7738	1750	5988
51944	0	0	0	0	7830	57273	0	7830	1773	6057
51882	0	0	0	0	7892	57273	0	7892	1785	6107
51807	0	0	0	0	7967	57138	0	7967	1773	6194
52080	0	0	0	0	7694	57235	0	7694	1777	5917
51915	0	0	0	0	7859	57229	0	7859	1768	6091
52104	0	0	0	0	7670	57290	0	7670	1797	5873
52295	0	0	0	0	7479	57246	0	7479	1787	5692
52271	0	0	0	0	7503	57073	0	7503	1752	5751
52274	0	0	0	0	7500	57146	0	7500	1740	5760
51985	0	0	0	0	7789	57125	0	7789	1746	6043
52026	0	0	0	0	7748	57268	0	7748	1780	5968
52363	0	0	0	0	7411	57288	0	7411	1750	5661
51937	0	0	0	0	7837	57304	0	7837	1779	6058
51977	0	0	0	0	7797	57036	0	7797	1777	6020
52432	0	0	0	0	7342	57279	0	7342	1771	5571
52187	0	0	0	0	7587	57112	0	7587	1735	5852
52383	0	0	0	0	7391	57295	0	7391	1796	5595
52375	0	0	0	0	7399	57281	0	7399	1771	5628
52292	0	0	0	0	7482	57268	0	7482	1806	5676
52176	0	0	0	0	7598	57082	0	7598	1760	5838
52202	0	0	0	0	7572	57175	0	7572	1797	5775
52140	0	0	0	0	7634	57348	0	7634	1786	5848
52422	0	0	0	0	7352	57093	0	7352	1782	5570
51922	0	0	0	0	7852	57046	0	7852	1766	6086
51942	0	0	0	0	7832	56978	0	7832	1748	6084
51989	0	0	0	0	7785	57115	0	7785	1768	6017
52373	0	0	0	0	7401	56926	0	7401	1759	5642
52119	0	0	0	0	7655	57016	0	7655	1759	5896
51958	0	0	0	0	7816	57303	0	7816	1817	5999
52285	0	0	0	0	7489	57157	0	7489	1759	5730
52397	0	0	0	0	7377	57323	0	7377	1751	5626
51685	0	0	0	0	8089	57301	0	8089	1800	6289
51736	0	0	0	0	8038	57225	0	8038	1748	6290
51929	0	0	0	0	7845	57184	0	7845	1773	6072
51941	0	0	0	0	7833	57111	0	7833	1758	6075
52275	0	0	0	0	7499	57069	0	7499	1758	5741
52343	0	0	0	0	7431	57012	0	7431	1755	5676
52097	0	0	0	0	7677	57337	0	7677	1814	5863
52723	0	0	0	0	7051	57092	0	7051	1742	5309
51883	0	0	0	0	7891	57326	0	7891	1770	6121
52378	0	0	0	0	7396	57107	0	7396	1763	5633
52145	0	0	0	0	7629	57333	0	7629	1774	5855
51900	0	0	0	0	7874	57274	0	7874	1792	6082
52286	0	0	0	0	7488	57326	0	7488	1735	5753
52063	0	0	0	0	7711	57233	0	7711	1780	5931
52428	0	0	0	0	7346	57368	0	7346	1757	5589
51862	0	0	0	0	7912	57105	0	7912	1776	6136
51770	0	0	0	0	8004	57145	0	8004	1783	6221
51907	0	0	0	0	7867	57322	0	7867	1797	6070
51885	0	0	0	0	7889	57316	0	7889	1800	6089
52071	0	0	0	0	7703	57142	0	7703	1797	5906
52722	0	0	0	0	7052	57244	0	7052	1755	5297
51955	0	0	0	0	7819	57235	0	7819	1786	6033
51450	0	0	0	0	8324	57266	0	8324	1784	6540
52094	0	0	0	0	7680	57148	0	7680	1775	5905
52138	0	0	0	0	7636	57289	0	7636	1761	5875
52271	0	0	0	0	7503	57177	0	7503	1749	5754
52173	0	0	0	0	7601	57302	0	7601	1781	5820
52396	0	0	0	0	7378	57092	0	7378	1743	5635
51518	0	0	0	0	8256	57262	0	8256	1785	6471
51831	0	0	0	0	7943	57265	0	7943	1773	6170
51858	0	0	0	0	7916	57219	0	7916	1746	6170
51677	0	0	0	0	8097	57332	0	8097	1812	6285
52194	0	0	0	0	7580	57123	0	7580	1774	5806
51928	0	0	0	0	7846	57324	0	7846	1787	6059
52289	0	0	0	0	7485	57067	0	7485	1771	5714
51994	0	0	0	0	7780	57185	0	7780	1736	6044
52152	0	0	0	0	7622	57288	0	7622	1786	5836
52446	0	0	0	0	7328	57266	0	7328	1760	5568
52028	0	0	0	0	7746	57434	0	7746	1781	5965
52114	0	0	0	0	7660	57291	0	7660	1807	5853
52244	0	0	0	0	7530	57540	0	7530	1801	5729
51776	0	0	0	0	7998	57205	0	7998	1752	6246
51857	0	0	0	0	7917	57260	0	7917	1757	6160
52225	0	0	0	0	7549	57006	0	7549	1739	5810
52501	0	0	0	0	7273	57228	0	7273	1764	5509
52346	0	0	0	0	7428	57056	0	7428	1760	5668
51901	0	0	0	0	7873	57111	0	7873	1755	6118
51779	0	0	0	0	7995	57314	0	7995	1770	6225
52425	0	0	0	0	7349	57093	0	7349	1777	5572
52095	0	0	0	0	7679	57300	0	7679	1773	5906
52585	0	0	0	0	7189	57331	0	7189	1772	5417
52135	0	0	0	0	7639	57014	0	7639	1771	5868
52169	0	0	0	0	7605	57048	0	7605	1753	5852
51877	0	0	0	0	7897	57299	0	7897	1779	6118
51594	0	0	0	0	8180	57079	0	8180	1790	6390
51651	0	0	0	0	8123	57307	0	8123	1780	6343
51959	0	0	0	0	7815	57342	0	7815	1805	6010
52048	0	0	0	0	7726	57253	0	7726	1780	5946
51415	0	0	0	0	8359	57303	0	8359	1806	6553
51862	0	0	0	0	7912	57284	0	7912	1755	6157
52385	0	0	0	0	7389	57196	0	7389	1769	5620
51645	0	0	0	0	8129	57099	0	8129	1791	6338
52354	0	0	0	0	7420	57285	0	7420	1736	5684
52006	0	0	0	0	7768	57126	0	7768	1753	6015
52433	0	0	0	0	7341	57286	0	7341	1756	5585
52349	0	0	0	0	7425	57307	0	7425	1786	5639
51378	0	0	0	0	8396	57138	0	8396	1790	6606
52089	0	0	0	0	7685	57059	0	7685	1758	5927
52328	0	0	0	0	7446	57277	0	7446	1794	5652
52043	0	0	0	0	7731	57280	0	7731	1782	5949
51818	0	0	0	0	7956	57321	0	7956	1780	6176
52042	0	0	0	0	7732	57064	0	7732	1728	6004
52648	0	0	0	0	7126	56474	0	7126	1692	5434
52089	0	0	0	0	7685	57239	0	7685	1785	5900
52213	0	0	0	0	7561	57081	0	7561	1769	5792
52302	0	0	0	0	7472	57330	0	7472	1761	5711
51963	0	0	0	0	7811	57119	0	7811	1775	6036
52464	0	0	0	0	7310	57083	0	7310	1720	5590
52454	0	0	0	0	7320	57266	0	7320	1762	5558
52261	0	0	0	0	7513	57238	0	7513	1759	5754
51911	0	0	0	0	7863	57270	0	7863	1763	6100
51869	0	0	0	0	7905	56481	0	7905	1675	6230
52477	0	0	0	0	7297	57277	0	7297	1766	5531
52001	0	0	0	0	7773	57181	0	7773	1761	6012
51860	0	0	0	0	7914	57214	0	7914	1754	6160
51875	0	0	0	0	7899	57299	0	7899	1775	6124
52228	0	0	0	0	7546	57262	0	7546	1783	5763
51668	0	0	0	0	8106	57134	0	8106	1780	6326
52090	0	0	0	0	7684	57240	0	7684	1774	5910
51449	0	0	0	0	8325	57284	0	8325	1781	6544
51982	0	0	0	0	7792	57144	0	7792	1769	6023
51948	0	0	0	0	7826	57287	0	7826	1789	6037
51821	0	0	0	0	7953	57475	0	7953	1788	6165
52053	0	0	0	0	7721	57245	0	7721	1770	5951
51904	0	0	0	0	7870	57283	0	7870	1796	6074
52323	0	0	0	0	7451	57240	0	7451	1765	5686
52245	0	0	0	0	7529	57329	0	7529	1767	5762
52176	0	0	0	0	7598	57287	0	7598	1797	5801
51614	0	0	0	0	8160	57291	0	8160	1776	6384
52200	0	0	0	0	7574	57113	0	7574	1771	5803
52265	0	0	0	0	7509	57073	0	7509	1785	5724
51748	0	0	0	0	8026	57041	0	8026	1768	6258
51944	0	0	0	0	7830	57005	0	7830	1755	6075
51848	0	0	0	0	7926	56900	0	7926	1737	6189
52069	0	0	0	0	7705	57105	0	7705	1749	5956
51681	0	0	0	0	8093	57275	0	8093	1771	6322
51666	0	0	0	0	8108	57301	0	8108	1766	6342
52011	0	0	0	0	7763	57540	0	7763	1820	5943
52357	0	0	0	0	7417	57289	0	7417	1766	5651
52171	0	0	0	0	7603	57332	0	7603	1749	5854
51838	0	0	0	0	7936	57283	0	7936	1798	6138
52341	0	0	0	0	7433	57264	0	7433	1769	5664
52331	0	0	0	0	7443	57110	0	7443	1766	5677
51995	0	0	0	0	7779	57243	0	7779	1768	6011
52483	0	0	0	0	7291	57206	0	7291	1746	5545
52156	0	0	0	0	7618	57197	0	7618	1746	5872
51926	0	0	0	0	7848	57022	0	7848	1767	6081
51976	0	0	0	0	7798	57168	0	7798	1757	6041
52275	0	0	0	0	7499	57371	0	7499	1769	5730
51714	0	0	0	0	8060	57256	0	8060	1779	6281
52345	0	0	0	0	7429	57257	0	7429	1729	5700
51472	0	0	0	0	8302	57259	0	8302	1793	6509
51766	0	0	0	0	8008	57294	0	8008	1758	6250
52036	0	0	0	0	7738	57289	0	7738	1771	5967
51911	0	0	0	0	7863	57311	0	7863	1791	6072
52294	0	0	0	0	7480	57057	0	7480	1768	5712
52191	0	0	0	0	7583	57259	0	7583	1782	5801
52275	0	0	0	0	7499	57247	0	7499	1744	5755
51665	0	0	0	0	8109	57138	0	8109	1748	6361
51685	0	0	0	0	8089	57063	0	8089	1772	6317
52239	0	0	0	0	7535	57316	0	7535	1798	5737
52224	0	0	0	0	7550	56584	0	7550	1687	5863
51845	0	0	0	0	7929	57163	0	7929	1764	6165
51883	0	0	0	0	7891	57288	0	7891	1764	6127
51984	0	0	0	0	7790	57293	0	7790	1784	6006
51858	0	0	0	0	7916	57081	0	7916	1783	6133
52168	0	0	0	0	7606	57220	0	7606	1783	5823
52143	0	0	0	0	7631	57290	0	7631	1755	5876
51815	0	0	0	0	7959	57018	0	7959	1770	6189
51848	0	0	0	0	7926	57332	0	7926	1796	6130
52214	0	0	0	0	7560	57098	0	7560	1731	5829
52081	0	0	0	0	7693	57005	0	7693	1780	5913
52083	0	0	0	0	7691	57120	0	7691	1757	5934
51851	0	0	0	0	7923	57274	0	7923	1769	6154
51901	0	0	0	0	7873	56959	0	7873	1791	6082
51831	0	0	0	0	7943	57354	0	7943	1795	6148
52017	0	0	0	0	7757	57328	0	7757	1776	5981
51584	0	0	0	0	8190	57265	0	8190	1765	6425
51822	0	0	0	0	7952	57315	0	7952	1773	6179
52044	0	0	0	0	7730	56863	0	7730	1728	6002
51715	0	0	0	0	8059	57281	0	8059	1806	6253
52184	0	0	0	0	7590	57281	0	7590	1790	5800
51913	0	0	0	0	7861	57103	0	7861	1746	6115
52014	0	0	0	0	7760	57159	0	7760	1760	6000
52384	0	0	0	0	7390	57507	0	7390	1816	5574
52486	0	0	0	0	7288	57266	0	7288	1778	5510
52315	0	0	0	0	7459	57240	0	7459	1763	5696
52061	0	0	0	0	7713	57050	0	7713	1753	5960
52187	0	0	0	0	7587	57177	0	7587	1762	5825
51790	0	0	0	0	7984	57093	0	7984	1780	6204
52054	0	0	0	0	7720	57301	0	7720	1774	5946
52210	0	0	0	0	7564	57025	0	7564	1748	5816
51845	0	0	0	0	7929	57285	0	7929	1780	6149
52516	0	0	0	0	7258	57074	0	7258	1738	5520
52302	0	0	0	0	7472	57068	0	7472	1766	5706
51951	0	0	0	0	7823	57362	0	7823	1762	6061
52512	0	0	0	0	7262	57189	0	7262	1759	5503
52256	0	0	0	0	7518	57145	0	7518	1772	5746
51991	0	0	0	0	7783	57165	0	7783	1776	6007
52156	0	0	0	0	7618	57129	0	7618	1764	5854
51937	0	0	0	0	7837	57090	0	7837	1753	6084
52438	0	0	0	0	7336	57168	0	7336	1756	5580
52059	0	0	0	0	7715	57354	0	7715	1770	5945
51868	0	0	0	0	7906	57119	0	7906	1769	6137
52007	0	0	0	0	7767	57199	0	7767	1761	6006
51887	0	0	0	0	7887	57056	0	7887	1759	6128
52022	0	0	0	0	7752	57150	0	7752	1757	5995
51746	0	0	0	0	8028	57097	0	8028	1769	6259
52239	0	0	0	0	7535	57243	0	7535	1779	5756
52192	0	0	0	0	7582	56997	0	7582	1740	5842
52056	0	0	0	0	7718	57140	0	7718	1778	5940
52177	0	0	0	0	7597	57185	0	7597	1743	5854
51725	0	0	0	0	8049	57355	0	8049	1785	6264
52395	0	0	0	0	7379	57101	0	7379	1785	5594
52002	0	0	0	0	7772	57250	0	7772	1765	6007
51841	0	0	0	0	7933	57276	0	7933	1779	6154
51384	0	0	0	0	8390	57227	0	8390	1775	6615
52404	0	0	0	0	7370	57177	0	7370	1739	5631
52461	0	0	0	0	7313	57099	0	7313	1771	5542
52244	0	0	0	0	7530	57180	0	7530	1757	5773
51814	0	0	0	0	7960	57307	0	7960	1750	6210
52416	0	0	0	0	7358	57318	0	7358	1771	5587
51950	0	0	0	0	7824	57138	0	7824	1769	6055
52161	0	0	0	0	7613	57283	0	7613	1788	5825
51972	0	0	0	0	7802	57138	0	7802	1750	6052
51821	0	0	0	0	7953	57199	0	7953	1775	6178
51895	0	0	0	0	7879	57100	0	7879	1754	6125
52250	0	0	0	0	7524	57103	0	7524	1740	5784
52233	0	0	0	0	7541	57046	0	7541	1742	5799
51618	0	0	0	0	8156	57223	0	8156	1802	6354
52327	0	0	0	0	7447	57089	0	7447	1738	5709
52061	0	0	0	0	7713	56989	0	7713	1768	5945
52038	0	0	0	0	7736	57247	0	7736	1773	5963
52277	0	0	0	0	7497	57309	0	7497	1730	5767
51937	0	0	0	0	7837	57128	0	7837	1764	6073
52559	0	0	0	0	7215	57164	0	7215	1750	5465
51822	0	0	0	0	7952	57268	0	7952	1761	6191
52060	0	0	0	0	7714	57280	0	7714	1769	5945
52341	0	0	0	0	7433	57320	0	7433	1756	5677
52166	0	0	0	0	7608	57094	0	7608	1770	5838
51990	0	0	0	0	7784	57281	0	7784	1799	5985
52136	0	0	0	0	7638	57302	0	7638	1759	5879
51779	0	0	0	0	7995	57279	0	7995	1771	6224
52077	0	0	0	0	7697	57209	0	7697	1750	5947
51874	0	0	0	0	7900	57244	0	7900	1801	6099
52046	0	0	0	0	7728	57051	0	7728	1711	6017
52105	0	0	0	0	7669	57299	0	7669	1740	5929
52166	0	0	0	0	7608	57105	0	7608	1751	5857
51779	0	0	0	0	7995	57303	0	7995	1826	6169
52082	0	0	0	0	7692	57202	0	7692	1743	5949
51448	0	0	0	0	8326	57159	0	8326	1773	6553
52260	0	0	0	0	7514	56997	0	7514	1746	5768
51987	0	0	0	0	7787	57166	0	7787	1759	6028
52494	0	0	0	0	7280	57106	0	7280	1736	5544
52425	0	0	0	0	7349	56888	0	7349	1695	5654
51879	0	0	0	0	7895	57312	0	7895	1796	6099
51540	0	0	0	0	8234	57256	0	8234	1783	6451
52039	0	0	0	0	7735	57304	0	7735	1741	5994
52382	0	0	0	0	7392	57246	0	7392	1741	5651
52105	0	0	0	0	7669	57111	0	7669	1744	5925
52287	0	0	0	0	7487	57299	0	7487	1782	5705
52155	0	0	0	0	7619	57202	0	7619	1744	5875
52380	0	0	0	0	7394	57088	0	7394	1742	5652
51806	0	0	0	0	7968	57112	0	7968	1779	6189
51710	0	0	0	0	8064	57301	0	8064	1774	6290
52158	0	0	0	0	7616	57309	0	7616	1774	5842
51817	0	0	0	0	7957	57049	0	7957	1749	6208
52038	0	0	0	0	7736	57309	0	7736	1800	5936
51940	0	0	0	0	7834	57334	0	7834	1794	6040
51948	0	0	0	0	7826	57277	0	7826	1795	6031
52003	0	0	0	0	7771	57263	0	7771	1765	6006
51785	0	0	0	0	7989	57195	0	7989	1780	6209
51714	0	0	0	0	8060	57280	0	8060	1728	6332
51717	0	0	0	0	8057	57221	0	8057	1795	6262
52117	0	0	0	0	7657	57016	0	7657	1740	5917
52018	0	0	0	0	7756	57292	0	7756	1764	5992
