43116	0	0	0	0	16658	44399	44399	16658	14264	2394
42654	0	0	0	0	17120	44357	44357	17120	14258	2862
43218	0	0	0	0	16556	44403	44403	16556	14239	2317
42566	0	0	0	0	17208	44606	44606	17208	14471	2737
42580	0	0	0	0	17194	44616	44615	17194	14466	2728
42903	0	0	0	0	16871	44428	44428	16871	14295	2576
42683	0	0	0	0	17091	44401	44399	17091	14291	2800
42777	0	0	0	0	16997	44672	44672	16997	14468	2529
42516	0	0	0	0	17258	44684	44684	17258	14548	2710
42608	0	0	0	0	17166	44348	44348	17166	14264	2902
42584	0	0	0	0	17190	44436	44435	17190	14314	2876
42897	0	0	0	0	16877	44393	44393	16877	14214	2663
42814	0	0	0	0	16960	44600	44600	16960	14478	2482
42692	0	0	0	0	17082	44338	44337	17082	14271	2811
42599	0	0	0	0	17175	44625	44624	17175	14436	2739
42703	0	0	0	0	17071	44631	44631	17071	14465	2606
42757	0	0	0	0	17017	44574	44574	17017	14456	2561
42639	0	0	0	0	17135	44396	44396	17135	14243	2892
42749	0	0	0	0	17025	44623	44623	17025	14446	2579
42655	0	0	0	0	17119	44390	44389	17119	14284	2835
43108	0	0	0	0	16666	44387	44387	16666	14249	2417
42728	0	0	0	0	17046	44386	44385	17046	14292	2754
42478	0	0	0	0	17296	44613	44613	17296	14460	2836
42884	0	0	0	0	16890	44603	44602	16890	14416	2474
42507	0	0	0	0	17267	44588	44587	17267	14486	2781
42711	0	0	0	0	17063	44629	44628	17063	14494	2569
42695	0	0	0	0	17079	44373	44371	17079	14229	2850
42844	0	0	0	0	16930	44366	44365	16930	14284	2646
42672	0	0	0	0	17102	44671	44670	17102	14460	2642
42840	0	0	0	0	16934	44420	44419	16934	14264	2670
42633	0	0	0	0	17141	44664	44664	17141	14463	2678
42907	0	0	0	0	16867	44401	44401	16867	14246	2621
42754	0	0	0	0	17020	44386	44386	17020	14240	2780
42785	0	0	0	0	16989	44623	44622	16989	14476	2513
42642	0	0	0	0	17132	44388	44388	17132	14257	2875
42547	0	0	0	0	17227	44625	44625	17227	14494	2733
42350	0	0	0	0	17424	44640	44639	17424	14445	2979
42831	0	0	0	0	16943	44438	44437	16943	14265	2678
42577	0	0	0	0	17197	44574	44573	17197	14467	2730
42718	0	0	0	0	17056	44581	44579	17056	14500	2556
42534	0	0	0	0	17240	44463	44462	17240	14206	3034
42574	0	0	0	0	17200	44368	44368	17200	14287	2913
42728	0	0	0	0	17046	44380	44380	17046	14254	2792
42795	0	0	0	0	16979	44353	44353	16979	14267	2712
43067	0	0	0	0	16707	44456	44456	16707	14280	2427
42811	0	0	0	0	16963	44578	44576	16963	14412	2551
42967	0	0	0	0	16807	44480	44479	16807	14267	2540
42800	0	0	0	0	16974	44408	44407	16974	14244	2730
42831	0	0	0	0	16943	44426	44426	16943	14261	2682
42684	0	0	0	0	17090	44605	44605	17090	14511	2579
43045	0	0	0	0	16729	44449	44448	16729	14270	2459
42867	0	0	0	0	16907	44449	44448	16907	14235	2672
42561	0	0	0	0	17213	44655	44653	17213	14495	2718
42888	0	0	0	0	16886	44620	44619	16886	14488	2398
42798	0	0	0	0	16976	44329	44328	16976	14260	2716
43021	0	0	0	0	16753	44393	44393	16753	14303	2450
42755	0	0	0	0	17019	44452	44452	17019	14280	2739
42665	0	0	0	0	17109	44616	44616	17109	14493	2616
42551	0	0	0	0	17223	44410	44410	17223	14288	2935
42670	0	0	0	0	17104	44568	44567	17104	14454	2650
42842	0	0	0	0	16932	44618	44618	16932	14515	2417
42830	0	0	0	0	16944	44457	44457	16944	14261	2683
42632	0	0	0	0	17142	44620	44620	17142	14478	2664
42670	0	0	0	0	17104	44575	44574	17104	14477	2627
42514	0	0	0	0	17260	44626	44626	17260	14490	2770
42969	0	0	0	0	16805	44461	44461	16805	14216	2589
42967	0	0	0	0	16807	44511	44509	16807	14242	2565
42617	0	0	0	0	17157	44379	44378	17157	14305	2852
42825	0	0	0	0	16949	44494	44493	16949	14286	2663
42822	0	0	0	0	16952	44493	44491	16952	14231	2721
42621	0	0	0	0	17153	44721	44721	17153	14546	2607
43178	0	0	0	0	16596	44413	44412	16596	14256	2340
42702	0	0	0	0	17072	44579	44578	17072	14455	2617
42758	0	0	0	0	17016	44641	44640	17016	14493	2523
42671	0	0	0	0	17103	44460	44459	17103	14262	2841
42620	0	0	0	0	17154	44645	44644	17154	14469	2685
42832	0	0	0	0	16942	44613	44613	16942	14511	2431
42964	0	0	0	0	16810	44404	44404	16810	14197	2613
42614	0	0	0	0	17160	44643	44642	17160	14488	2672
42626	0	0	0	0	17148	44491	44491	17148	14235	2913
42586	0	0	0	0	17188	44336	44335	17188	14302	2886
42606	0	0	0	0	17168	44684	44684	17168	14517	2651
42860	0	0	0	0	16914	44451	44451	16914	14280	2634
42712	0	0	0	0	17062	44641	44641	17062	14475	2587
42900	0	0	0	0	16874	44423	44423	16874	14249	2625
42560	0	0	0	0	17214	44414	44414	17214	14237	2977
42829	0	0	0	0	16945	44586	44586	16945	14432	2513
42891	0	0	0	0	16883	44602	44601	16883	14454	2429
42543	0	0	0	0	17231	44575	44575	17231	14448	2783
42405	0	0	0	0	17369	44571	44570	17369	14472	2897
42690	0	0	0	0	17084	44638	44637	17084	14489	2595
43003	0	0	0	0	16771	44631	44630	16771	14477	2294
42842	0	0	0	0	16932	44608	44608	16932	14479	2453
42561	0	0	0	0	17213	44403	44403	17213	14306	2907
42913	0	0	0	0	16861	44320	44319	16861	14211	2650
42434	0	0	0	0	17340	44616	44616	17340	14482	2858
42971	0	0	0	0	16803	44417	44417	16803	14285	2518
42827	0	0	0	0	16947	44520	44519	16947	14309	2638
42719	0	0	0	0	17055	44663	44663	17055	14524	2531
42832	0	0	0	0	16942	44328	44328	16942	14182	2760
42413	0	0	0	0	17361	44601	44600	17361	14473	2888
42512	0	0	0	0	17262	44452	44452	17262	14332	2930
42826	0	0	0	0	16948	44368	44367	16948	14327	2621
42918	0	0	0	0	16856	44323	44323	16856	14249	2607
42671	0	0	0	0	17103	44663	44663	17103	14463	2640
42861	0	0	0	0	16913	44568	44568	16913	14465	2448
42853	0	0	0	0	16921	44609	44609	16921	14468	2453
43075	0	0	0	0	16699	44444	44444	16699	14220	2479
43239	0	0	0	0	16535	44329	44328	16535	14213	2322
42442	0	0	0	0	17332	44616	44616	17332	14439	2893
42658	0	0	0	0	17116	44451	44451	17116	14249	2867
42740	0	0	0	0	17034	44632	44631	17034	14484	2550
42778	0	0	0	0	16996	44348	44347	16996	14280	2716
42843	0	0	0	0	16931	44437	44435	16931	14276	2655
42707	0	0	0	0	17067	44382	44382	17067	14293	2774
42748	0	0	0	0	17026	44473	44473	17026	14239	2787
42659	0	0	0	0	17115	44614	44613	17115	14485	2630
42724	0	0	0	0	17050	44602	44602	17050	14500	2550
42487	0	0	0	0	17287	44652	44652	17287	14492	2795
42807	0	0	0	0	16967	44613	44612	16967	14491	2476
42930	0	0	0	0	16844	44410	44409	16844	14299	2545
42367	0	0	0	0	17407	44606	44605	17407	14488	2919
42655	0	0	0	0	17119	44626	44626	17119	14465	2654
42823	0	0	0	0	16951	44418	44418	16951	14245	2706
42536	0	0	0	0	17238	44601	44600	17238	14476	2762
42720	0	0	0	0	17054	44433	44432	17054	14259	2795
42851	0	0	0	0	16923	44412	44411	16923	14256	2667
42923	0	0	0	0	16851	44377	44376	16851	14216	2635
42507	0	0	0	0	17267	44606	44606	17267	14468	2799
42591	0	0	0	0	17183	44603	44601	17183	14448	2735
42825	0	0	0	0	16949	44617	44616	16949	14473	2476
42324	0	0	0	0	17450	44492	44492	17450	14264	3186
42662	0	0	0	0	17112	44633	44633	17112	14485	2627
42745	0	0	0	0	17029	44369	44368	17029	14275	2754
42756	0	0	0	0	17018	44502	44502	17018	14285	2733
42856	0	0	0	0	16918	44449	44449	16918	14289	2629
42887	0	0	0	0	16887	44426	44425	16887	14275	2612
43007	0	0	0	0	16767	44371	44370	16767	14249	2518
42696	0	0	0	0	17078	44417	44415	17078	14319	2759
42532	0	0	0	0	17242	44628	44628	17242	14470	2772
42369	0	0	0	0	17405	44623	44622	17405	14465	2940
42687	0	0	0	0	17087	44416	44416	17087	14291	2796
42719	0	0	0	0	17055	44626	44626	17055	14512	2543
42928	0	0	0	0	16846	44429	44428	16846	14245	2601
42500	0	0	0	0	17274	44659	44659	17274	14483	2791
42871	0	0	0	0	16903	44383	44381	16903	14296	2607
42851	0	0	0	0	16923	44410	44410	16923	14242	2681
42661	0	0	0	0	17113	44578	44578	17113	14497	2616
42829	0	0	0	0	16945	44392	44392	16945	14234	2711
43047	0	0	0	0	16727	44380	44379	16727	14251	2476
42689	0	0	0	0	17085	44622	44622	17085	14498	2587
42392	0	0	0	0	17382	44486	44485	17382	14303	3079
42731	0	0	0	0	17043	44378	44378	17043	14288	2755
42791	0	0	0	0	16983	44476	44475	16983	14274	2709
42722	0	0	0	0	17052	44606	44606	17052	14477	2575
42725	0	0	0	0	17049	44670	44670	17049	14450	2599
42969	0	0	0	0	16805	44378	44377	16805	14316	2489
42637	0	0	0	0	17137	44663	44663	17137	14481	2656
42951	0	0	0	0	16823	44436	44435	16823	14265	2558
42654	0	0	0	0	17120	44418	44417	17120	14265	2855
42853	0	0	0	0	16921	44361	44361	16921	14261	2660
42493	0	0	0	0	17281	44636	44636	17281	14495	2786
42967	0	0	0	0	16807	44414	44413	16807	14251	2556
42904	0	0	0	0	16870	44344	44344	16870	14261	2609
42923	0	0	0	0	16851	44376	44375	16851	14246	2605
42574	0	0	0	0	17200	44568	44568	17200	14460	2740
42839	0	0	0	0	16935	44362	44361	16935	14255	2680
42594	0	0	0	0	17180	44638	44636	17180	14518	2662
42555	0	0	0	0	17219	44604	44603	17219	14487	2732
42432	0	0	0	0	17342	44655	44654	17342	14495	2847
42408	0	0	0	0	17366	44594	44594	17366	14514	2852
42742	0	0	0	0	17032	44628	44627	17032	14508	2524
42319	0	0	0	0	17455	44713	44713	17455	14548	2907
42675	0	0	0	0	17099	44629	44629	17099	14481	2618
42508	0	0	0	0	17266	44639	44639	17266	14493	2773
42713	0	0	0	0	17061	44434	44433	17061	14295	2766
42851	0	0	0	0	16923	44387	44387	16923	14272	2651
43023	0	0	0	0	16751	44417	44416	16751	14258	2493
42850	0	0	0	0	16924	44605	44604	16924	14432	2492
42621	0	0	0	0	17153	44590	44590	17153	14458	2695
42689	0	0	0	0	17085	44640	44640	17085	14486	2599
42577	0	0	0	0	17197	44638	44638	17197	14482	2715
42532	0	0	0	0	17242	44656	44656	17242	14495	2747
42496	0	0	0	0	17278	44373	44372	17278	14304	2974
42669	0	0	0	0	17105	44396	44396	17105	14258	2847
42989	0	0	0	0	16785	44429	44429	16785	14243	2542
42644	0	0	0	0	17130	44436	44436	17130	14267	2863
42757	0	0	0	0	17017	44461	44460	17017	14281	2736
42560	0	0	0	0	17214	44613	44612	17214	14459	2755
42684	0	0	0	0	17090	44596	44595	17090	14492	2598
42728	0	0	0	0	17046	44638	44638	17046	14463	2583
42979	0	0	0	0	16795	44389	44388	16795	14259	2536
42827	0	0	0	0	16947	44464	44464	16947	14239	2708
43005	0	0	0	0	16769	44442	44441	16769	14220	2549
42874	0	0	0	0	16900	44429	44429	16900	14257	2643
42421	0	0	0	0	17353	44583	44583	17353	14472	2881
42711	0	0	0	0	17063	44446	44444	17063	14268	2795
42586	0	0	0	0	17188	44757	44757	17188	14588	2600
42646	0	0	0	0	17128	44668	44668	17128	14496	2632
42825	0	0	0	0	16949	44451	44451	16949	14341	2608
43066	0	0	0	0	16708	44420	44420	16708	14248	2460
42908	0	0	0	0	16866	44403	44401	16866	14261	2605
42705	0	0	0	0	17069	44442	44442	17069	14283	2786
42699	0	0	0	0	17075	44572	44572	17075	14423	2652
42580	0	0	0	0	17194	44473	44473	17194	14271	2923
42682	0	0	0	0	17092	44620	44620	17092	14504	2588
42965	0	0	0	0	16809	44422	44421	16809	14296	2513
42769	0	0	0	0	17005	44400	44400	17005	14262	2743
42879	0	0	0	0	16895	44641	44641	16895	14506	2389
42749	0	0	0	0	17025	44590	44590	17025	14485	2540
42503	0	0	0	0	17271	44630	44629	17271	14497	2774
42783	0	0	0	0	16991	44593	44593	16991	14458	2533
42865	0	0	0	0	16909	44370	44370	16909	14265	2644
42979	0	0	0	0	16795	44358	44357	16795	14195	2600
43018	0	0	0	0	16756	44389	44389	16756	14233	2523
42495	0	0	0	0	17279	44586	44586	17279	14498	2781
42831	0	0	0	0	16943	44394	44394	16943	14252	2691
42776	0	0	0	0	16998	44623	44622	16998	14458	2540
42540	0	0	0	0	17234	44615	44614	17234	14486	2748
42783	0	0	0	0	16991	44409	44409	16991	14269	2722
42896	0	0	0	0	16878	44368	44367	16878	14207	2671
42416	0	0	0	0	17358	44649	44649	17358	14480	2878
42396	0	0	0	0	17378	44616	44616	17378	14504	2874
42615	0	0	0	0	17159	44651	44651	17159	14513	2646
42836	0	0	0	0	16938	44603	44603	16938	14522	2416
42677	0	0	0	0	17097	44416	44416	17097	14303	2794
42728	0	0	0	0	17046	44599	44599	17046	14487	2559
42966	0	0	0	0	16808	44424	44423	16808	14233	2575
42467	0	0	0	0	17307	44617	44617	17307	14459	2848
42850	0	0	0	0	16924	44605	44605	16924	14479	2445
42826	0	0	0	0	16948	44410	44410	16948	14278	2670
42924	0	0	0	0	16850	44403	44403	16850	14291	2559
42839	0	0	0	0	16935	44419	44419	16935	14258	2677
42740	0	0	0	0	17034	44646	44646	17034	14493	2541
42662	0	0	0	0	17112	44581	44581	17112	14468	2644
42867	0	0	0	0	16907	44398	44398	16907	14238	2669
42867	0	0	0	0	16907	44407	44407	16907	14294	2613
42747	0	0	0	0	17027	44610	44609	17027	14457	2570
42572	0	0	0	0	17202	44576	44576	17202	14479	2723
42584	0	0	0	0	17190	44608	44608	17190	14512	2678
42673	0	0	0	0	17101	44586	44585	17101	14468	2633
42811	0	0	0	0	16963	44575	44575	16963	14443	2520
42642	0	0	0	0	17132	44593	44593	17132	14466	2666
42443	0	0	0	0	17331	44430	44430	17331	14332	2999
43127	0	0	0	0	16647	44385	44383	16647	14223	2424
42897	0	0	0	0	16877	44354	44354	16877	14194	2683
43114	0	0	0	0	16660	44399	44399	16660	14252	2408
42509	0	0	0	0	17265	44629	44628	17265	14501	2764
43077	0	0	0	0	16697	44400	44398	16697	14209	2488
42474	0	0	0	0	17300	44658	44658	17300	14509	2791
42714	0	0	0	0	17060	44432	44432	17060	14252	2808
42539	0	0	0	0	17235	44591	44591	17235	14464	2771
42747	0	0	0	0	17027	44437	44437	17027	14288	2739
42713	0	0	0	0	17061	44513	44513	17061	14239	2822
42620	0	0	0	0	17154	44421	44420	17154	14221	2933
42505	0	0	0	0	17269	44598	44598	17269	14450	2819
42774	0	0	0	0	17000	44340	44340	17000	14320	2680
42698	0	0	0	0	17076	44594	44592	17076	14444	2632
43000	0	0	0	0	16774	44383	44383	16774	14262	2512
42817	0	0	0	0	16957	44553	44551	16957	14465	2492
42725	0	0	0	0	17049	44622	44621	17049	14524	2525
43031	0	0	0	0	16743	44603	44603	16743	14451	2292
42939	0	0	0	0	16835	44355	44354	16835	14255	2580
42841	0	0	0	0	16933	44429	44428	16933	14198	2735
42382	0	0	0	0	17392	44649	44649	17392	14480	2912
42446	0	0	0	0	17328	44611	44611	17328	14467	2861
42645	0	0	0	0	17129	44560	44560	17129	14449	2680
42708	0	0	0	0	17066	44587	44587	17066	14453	2613
42861	0	0	0	0	16913	44470	44468	16913	14236	2677
43041	0	0	0	0	16733	44389	44389	16733	14289	2444
42635	0	0	0	0	17139	44612	44612	17139	14468	2671
42374	0	0	0	0	17400	44626	44626	17400	14481	2919
43028	0	0	0	0	16746	44383	44383	16746	14257	2489
42745	0	0	0	0	17029	44428	44428	17029	14285	2744
42792	0	0	0	0	16982	44623	44623	16982	14489	2493
42801	0	0	0	0	16973	44595	44594	16973	14430	2543
43069	0	0	0	0	16705	44410	44409	16705	14321	2384
42846	0	0	0	0	16928	44626	44626	16928	14454	2474
42872	0	0	0	0	16902	44396	44396	16902	14247	2655
42569	0	0	0	0	17205	44611	44611	17205	14498	2707
42421	0	0	0	0	17353	44642	44640	17353	14508	2845
42602	0	0	0	0	17172	44573	44573	17172	14457	2715
42832	0	0	0	0	16942	44390	44390	16942	14271	2671
42849	0	0	0	0	16925	44474	44474	16925	14274	2651
42294	0	0	0	0	17480	44655	44655	17480	14495	2985
42718	0	0	0	0	17056	44535	44535	17056	14279	2777
42455	0	0	0	0	17319	44593	44592	17319	14466	2853
42924	0	0	0	0	16850	44426	44425	16850	14256	2594
42621	0	0	0	0	17153	44570	44570	17153	14444	2709
42786	0	0	0	0	16988	44414	44413	16988	14281	2707
42710	0	0	0	0	17064	44592	44592	17064	14453	2611
42866	0	0	0	0	16908	44588	44587	16908	14435	2473
42858	0	0	0	0	16916	44382	44381	16916	14285	2631
42621	0	0	0	0	17153	44619	44618	17153	14492	2661
42775	0	0	0	0	16999	44607	44605	16999	14507	2492
42600	0	0	0	0	17174	44644	44643	17174	14449	2725
42921	0	0	0	0	16853	44460	44459	16853	14261	2592
42459	0	0	0	0	17315	44651	44651	17315	14496	2819
42964	0	0	0	0	16810	44660	44660	16810	14472	2338
42740	0	0	0	0	17034	44604	44604	17034	14473	2561
42523	0	0	0	0	17251	44609	44609	17251	14485	2766
43030	0	0	0	0	16744	44511	44511	16744	14284	2460
42539	0	0	0	0	17235	44646	44644	17235	14478	2757
42763	0	0	0	0	17011	44626	44625	17011	14443	2568
42572	0	0	0	0	17202	44489	44488	17202	14229	2973
42943	0	0	0	0	16831	44385	44385	16831	14195	2636
43023	0	0	0	0	16751	44354	44354	16751	14256	2495
42673	0	0	0	0	17101	44624	44624	17101	14460	2641
42883	0	0	0	0	16891	44469	44469	16891	14269	2622
42865	0	0	0	0	16909	44427	44426	16909	14237	2672
42443	0	0	0	0	17331	44610	44610	17331	14519	2812
42770	0	0	0	0	17004	44328	44328	17004	14255	2749
42704	0	0	0	0	17070	44568	44568	17070	14494	2576
42572	0	0	0	0	17202	44596	44595	17202	14466	2736
42980	0	0	0	0	16794	44532	44532	16794	14354	2440
42831	0	0	0	0	16943	44612	44612	16943	14467	2476
42552	0	0	0	0	17222	44425	44425	17222	14241	2981
42899	0	0	0	0	16875	44403	44403	16875	14262	2613
42505	0	0	0	0	17269	44610	44610	17269	14480	2789
42421	0	0	0	0	17353	44592	44592	17353	14497	2856
42759	0	0	0	0	17015	44434	44434	17015	14303	2712
42426	0	0	0	0	17348	44739	44739	17348	14559	2789
42736	0	0	0	0	17038	44646	44645	17038	14441	2597
42917	0	0	0	0	16857	44411	44411	16857	14270	2587
42582	0	0	0	0	17192	44589	44589	17192	14447	2745
42623	0	0	0	0	17151	44384	44384	17151	14287	2864
42715	0	0	0	0	17059	44440	44440	17059	14263	2796
42968	0	0	0	0	16806	44384	44384	16806	14269	2537
42715	0	0	0	0	17059	44396	44396	17059	14232	2827
42901	0	0	0	0	16873	44401	44400	16873	14265	2608
42773	0	0	0	0	17001	44632	44632	17001	14512	2489
42491	0	0	0	0	17283	44681	44680	17283	14482	2801
42955	0	0	0	0	16819	44396	44395	16819	14240	2579
43068	0	0	0	0	16706	44410	44409	16706	14286	2420
42816	0	0	0	0	16958	44359	44358	16958	14285	2673
42452	0	0	0	0	17322	44611	44610	17322	14495	2827
43077	0	0	0	0	16697	44447	44447	16697	14273	2424
42789	0	0	0	0	16985	44435	44435	16985	14292	2693
42702	0	0	0	0	17072	44625	44623	17072	14461	2611
42927	0	0	0	0	16847	44409	44409	16847	14293	2554
42721	0	0	0	0	17053	44587	44587	17053	14465	2588
42549	0	0	0	0	17225	44590	44589	17225	14462	2763
42704	0	0	0	0	17070	44597	44595	17070	14470	2600
42669	0	0	0	0	17105	44444	44444	17105	14221	2884
42676	0	0	0	0	17098	44590	44589	17098	14460	2638
42977	0	0	0	0	16797	44605	44604	16797	14496	2301
42726	0	0	0	0	17048	44488	44487	17048	14314	2734
42585	0	0	0	0	17189	44609	44609	17189	14456	2733
42664	0	0	0	0	17110	44678	44677	17110	14496	2614
42653	0	0	0	0	17121	44615	44615	17121	14531	2590
42910	0	0	0	0	16864	44403	44403	16864	14234	2630
42778	0	0	0	0	16996	44660	44659	16996	14493	2503
42619	0	0	0	0	17155	44668	44667	17155	14489	2666
42199	0	0	0	0	17575	44620	44619	17575	14526	3049
42820	0	0	0	0	16954	44624	44623	16954	14492	2462
43019	0	0	0	0	16755	44436	44436	16755	14259	2496
42572	0	0	0	0	17202	44622	44622	17202	14494	2708
42594	0	0	0	0	17180	44481	44481	17180	14296	2884
42688	0	0	0	0	17086	44501	44501	17086	14310	2776
43136	0	0	0	0	16638	44421	44420	16638	14236	2402
43033	0	0	0	0	16741	44382	44381	16741	14260	2481
42998	0	0	0	0	16776	44408	44407	16776	14271	2505
42756	0	0	0	0	17018	44624	44623	17018	14470	2548
42644	0	0	0	0	17130	44637	44637	17130	14525	2605
42381	0	0	0	0	17393	44662	44661	17393	14515	2878
42653	0	0	0	0	17121	44645	44644	17121	14480	2641
42921	0	0	0	0	16853	44456	44454	16853	14257	2596
42953	0	0	0	0	16821	44382	44382	16821	14269	2552
43003	0	0	0	0	16771	44457	44457	16771	14254	2517
42756	0	0	0	0	17018	44379	44379	17018	14265	2753
42709	0	0	0	0	17065	44581	44581	17065	14512	2553
42984	0	0	0	0	16790	44431	44431	16790	14255	2535
42670	0	0	0	0	17104	44398	44398	17104	14293	2811
42621	0	0	0	0	17153	44663	44662	17153	14491	2662
42895	0	0	0	0	16879	44634	44634	16879	14501	2378
42928	0	0	0	0	16846	44421	44421	16846	14273	2573
42672	0	0	0	0	17102	44677	44677	17102	14492	2610
42986	0	0	0	0	16788	44407	44407	16788	14250	2538
42760	0	0	0	0	17014	44408	44407	17014	14231	2783
42990	0	0	0	0	16784	44408	44407	16784	14304	2480
42730	0	0	0	0	17044	44428	44427	17044	14259	2785
42553	0	0	0	0	17221	44512	44512	17221	14310	2911
42793	0	0	0	0	16981	44461	44460	16981	14299	2682
42717	0	0	0	0	17057	44588	44588	17057	14466	2591
42275	0	0	0	0	17499	44655	44654	17499	14478	3021
42983	0	0	0	0	16791	44449	44448	16791	14280	2511
42978	0	0	0	0	16796	44422	44420	16796	14231	2565
42431	0	0	0	0	17343	44606	44606	17343	14481	2862
42933	0	0	0	0	16841	44521	44519	16841	14336	2505
42865	0	0	0	0	16909	44661	44660	16909	14453	2456
42917	0	0	0	0	16857	44414	44412	16857	14302	2555
42528	0	0	0	0	17246	44606	44606	17246	14514	2732
42839	0	0	0	0	16935	44342	44342	16935	14261	2674
42775	0	0	0	0	16999	44607	44607	16999	14440	2559
42958	0	0	0	0	16816	44445	44445	16816	14291	2525
42518	0	0	0	0	17256	44651	44650	17256	14516	2740
42843	0	0	0	0	16931	44395	44394	16931	14257	2674
42802	0	0	0	0	16972	44665	44664	16972	14457	2515
42675	0	0	0	0	17099	44601	44600	17099	14461	2638
42896	0	0	0	0	16878	44633	44632	16878	14469	2409
43139	0	0	0	0	16635	44652	44651	16635	14497	2138
42871	0	0	0	0	16903	44362	44361	16903	14228	2675
42843	0	0	0	0	16931	44348	44348	16931	14242	2689
42794	0	0	0	0	16980	44541	44540	16980	14354	2626
42422	0	0	0	0	17352	44599	44597	17352	14434	2918
42690	0	0	0	0	17084	44636	44636	17084	14494	2590
42551	0	0	0	0	17223	44599	44598	17223	14465	2758
42777	0	0	0	0	16997	44335	44335	16997	14292	2705
42909	0	0	0	0	16865	44385	44385	16865	14296	2569
42651	0	0	0	0	17123	44739	44737	17123	14535	2588
42726	0	0	0	0	17048	44657	44657	17048	14478	2570
42657	0	0	0	0	17117	44582	44581	17117	14455	2662
42897	0	0	0	0	16877	44610	44609	16877	14497	2380
42686	0	0	0	0	17088	44642	44642	17088	14525	2563
42640	0	0	0	0	17134	44435	44435	17134	14300	2834
42781	0	0	0	0	16993	44662	44662	16993	14463	2530
42440	0	0	0	0	17334	44599	44599	17334	14455	2879
42902	0	0	0	0	16872	44464	44464	16872	14285	2587
43006	0	0	0	0	16768	44380	44380	16768	14253	2515
42662	0	0	0	0	17112	44399	44399	17112	14238	2874
42558	0	0	0	0	17216	44620	44619	17216	14519	2697
42774	0	0	0	0	17000	44592	44592	17000	14421	2579
42872	0	0	0	0	16902	44411	44411	16902	14242	2660
42791	0	0	0	0	16983	44422	44422	16983	14266	2717
42587	0	0	0	0	17187	44490	44489	17187	14298	2889
42599	0	0	0	0	17175	44614	44614	17175	14440	2735
42788	0	0	0	0	16986	44451	44451	16986	14287	2699
42657	0	0	0	0	17117	44635	44635	17117	14475	2642
42724	0	0	0	0	17050	44451	44451	17050	14281	2769
42925	0	0	0	0	16849	44458	44457	16849	14285	2564
42504	0	0	0	0	17270	44606	44606	17270	14498	2772
42439	0	0	0	0	17335	44620	44620	17335	14495	2840
42273	0	0	0	0	17501	44650	44650	17501	14496	3005
42898	0	0	0	0	16876	44420	44420	16876	14274	2602
42402	0	0	0	0	17372	44601	44601	17372	14451	2921
43248	0	0	0	0	16526	44506	44506	16526	14231	2295
42776	0	0	0	0	16998	44623	44623	16998	14424	2574
42663	0	0	0	0	17111	44572	44571	17111	14484	2627
42511	0	0	0	0	17263	44606	44606	17263	14486	2777
42944	0	0	0	0	16830	44636	44636	16830	14483	2347
42859	0	0	0	0	16915	44393	44393	16915	14246	2669
42942	0	0	0	0	16832	44389	44389	16832	14258	2574
42919	0	0	0	0	16855	44404	44402	16855	14263	2592
42719	0	0	0	0	17055	44597	44597	17055	14394	2661
42782	0	0	0	0	16992	44614	44614	16992	14444	2548
42696	0	0	0	0	17078	44644	44643	17078	14486	2592
42752	0	0	0	0	17022	44564	44564	17022	14463	2559
42889	0	0	0	0	16885	44382	44381	16885	14240	2645
42444	0	0	0	0	17330	44434	44432	17330	14220	3110
42528	0	0	0	0	17246	44588	44588	17246	14521	2725
42959	0	0	0	0	16815	44362	44362	16815	14278	2537
42754	0	0	0	0	17020	44615	44614	17020	14471	2549
43019	0	0	0	0	16755	44595	44594	16755	14429	2326
43084	0	0	0	0	16690	44408	44408	16690	14270	2420
42672	0	0	0	0	17102	44663	44663	17102	14499	2603
42699	0	0	0	0	17075	44373	44373	17075	14272	2803
42604	0	0	0	0	17170	44585	44583	17170	14478	2692
42838	0	0	0	0	16936	44650	44649	16936	14476	2460
42430	0	0	0	0	17344	44643	44643	17344	14525	2819
43025	0	0	0	0	16749	44388	44387	16749	14243	2506
43076	0	0	0	0	16698	44440	44439	16698	14225	2473
42797	0	0	0	0	16977	44600	44600	16977	14389	2588
42564	0	0	0	0	17210	44389	44388	17210	14231	2979
42814	0	0	0	0	16960	44641	44641	16960	14482	2478
42748	0	0	0	0	17026	44398	44397	17026	14256	2770
42837	0	0	0	0	16937	44416	44416	16937	14287	2650
42492	0	0	0	0	17282	44551	44551	17282	14467	2815
42917	0	0	0	0	16857	44398	44397	16857	14254	2603
42388	0	0	0	0	17386	44579	44578	17386	14429	2957
43238	0	0	0	0	16536	44426	44425	16536	14201	2335
42744	0	0	0	0	17030	44624	44624	17030	14512	2518
42664	0	0	0	0	17110	44594	44593	17110	14438	2672
42818	0	0	0	0	16956	44492	44492	16956	14296	2660
42433	0	0	0	0	17341	44594	44594	17341	14508	2833
42802	0	0	0	0	16972	44415	44413	16972	14233	2739
42801	0	0	0	0	16973	44336	44336	16973	14260	2713
42656	0	0	0	0	17118	44581	44581	17118	14445	2673
42763	0	0	0	0	17011	44410	44410	17011	14240	2771
42449	0	0	0	0	17325	44578	44576	17325	14463	2862
42943	0	0	0	0	16831	44491	44491	16831	14274	2557
43001	0	0	0	0	16773	44420	44420	16773	14257	2516
42590	0	0	0	0	17184	44626	44626	17184	14531	2653
43038	0	0	0	0	16736	44379	44379	16736	14252	2484
42800	0	0	0	0	16974	44623	44623	16974	14446	2528
42565	0	0	0	0	17209	44620	44619	17209	14486	2723
42725	0	0	0	0	17049	44597	44595	17049	14436	2613
42641	0	0	0	0	17133	44640	44640	17133	14479	2654
43242	0	0	0	0	16532	44422	44422	16532	14195	2337
42858	0	0	0	0	16916	44415	44414	16916	14271	2645
42710	0	0	0	0	17064	44598	44597	17064	14500	2564
43126	0	0	0	0	16648	44628	44626	16648	14494	2154
42542	0	0	0	0	17232	44418	44418	17232	14253	2979
42896	0	0	0	0	16878	44638	44638	16878	14542	2336
42617	0	0	0	0	17157	44617	44616	17157	14476	2681
42615	0	0	0	0	17159	44610	44609	17159	14501	2658
43032	0	0	0	0	16742	44394	44393	16742	14168	2574
42308	0	0	0	0	17466	44633	44633	17466	14544	2922
42803	0	0	0	0	16971	44386	44386	16971	14244	2727
42477	0	0	0	0	17297	44627	44627	17297	14509	2788
42594	0	0	0	0	17180	44568	44568	17180	14479	2701
