397	0	0	0	0	59377	0	0	59377	59377	0
397	0	0	0	0	59377	0	0	59377	59377	0
294	0	0	0	0	59480	0	0	59480	59480	0
373	0	0	0	0	59401	0	0	59401	59401	0
276	0	0	0	0	59498	0	0	59498	59498	0
276	0	0	0	0	59498	0	0	59498	59498	0
300	0	0	0	0	59474	0	0	59474	59474	0
393	0	0	0	0	59381	0	0	59381	59381	0
289	0	0	0	0	59485	0	0	59485	59485	0
295	0	0	0	0	59479	0	0	59479	59479	0
402	0	0	0	0	59372	0	0	59372	59372	0
401	0	0	0	0	59373	0	0	59373	59373	0
299	0	0	0	0	59475	0	0	59475	59475	0
633	0	0	0	0	59141	0	0	59141	59141	0
381	0	0	0	0	59393	0	0	59393	59393	0
266	0	0	0	0	59508	0	0	59508	59508	0
387	0	0	0	0	59387	0	0	59387	59387	0
301	0	0	0	0	59473	0	0	59473	59473	0
278	0	0	0	0	59496	0	0	59496	59496	0
292	0	0	0	0	59482	0	0	59482	59482	0
303	0	0	0	0	59471	0	0	59471	59471	0
385	0	0	0	0	59389	0	0	59389	59389	0
388	0	0	0	0	59386	0	0	59386	59386	0
260	0	0	0	0	59514	0	0	59514	59514	0
374	0	0	0	0	59400	0	0	59400	59400	0
265	0	0	0	0	59509	0	0	59509	59509	0
295	0	0	0	0	59479	0	0	59479	59479	0
280	0	0	0	0	59494	0	0	59494	59494	0
267	0	0	0	0	59507	0	0	59507	59507	0
272	0	0	0	0	59502	0	0	59502	59502	0
315	0	0	0	0	59459	0	0	59459	59459	0
277	0	0	0	0	59497	0	0	59497	59497	0
292	0	0	0	0	59482	0	0	59482	59482	0
266	0	0	0	0	59508	0	0	59508	59508	0
375	0	0	0	0	59399	0	0	59399	59399	0
289	0	0	0	0	59485	0	0	59485	59485	0
404	0	0	0	0	59370	0	0	59370	59370	0
299	0	0	0	0	59475	0	0	59475	59475	0
280	0	0	0	0	59494	0	0	59494	59494	0
379	0	0	0	0	59395	0	0	59395	59395	0
309	0	0	0	0	59465	0	0	59465	59465	0
272	0	0	0	0	59502	0	0	59502	59502	0
268	0	0	0	0	59506	0	0	59506	59506	0
288	0	0	0	0	59486	0	0	59486	59486	0
291	0	0	0	0	59483	0	0	59483	59483	0
394	0	0	0	0	59380	0	0	59380	59380	0
284	0	0	0	0	59490	0	0	59490	59490	0
275	0	0	0	0	59499	0	0	59499	59499	0
382	0	0	0	0	59392	0	0	59392	59392	0
375	0	0	0	0	59399	0	0	59399	59399	0
278	0	0	0	0	59496	0	0	59496	59496	0
315	0	0	0	0	59459	0	0	59459	59459	0
302	0	0	0	0	59472	0	0	59472	59472	0
413	0	0	0	0	59361	0	0	59361	59361	0
273	0	0	0	0	59501	0	0	59501	59501	0
384	0	0	0	0	59390	0	0	59390	59390	0
300	0	0	0	0	59474	0	0	59474	59474	0
391	0	0	0	0	59383	0	0	59383	59383	0
309	0	0	0	0	59465	0	0	59465	59465	0
298	0	0	0	0	59476	0	0	59476	59476	0
296	0	0	0	0	59478	0	0	59478	59478	0
277	0	0	0	0	59497	0	0	59497	59497	0
278	0	0	0	0	59496	0	0	59496	59496	0
292	0	0	0	0	59482	0	0	59482	59482	0
269	0	0	0	0	59505	0	0	59505	59505	0
409	0	0	0	0	59365	0	0	59365	59365	0
282	0	0	0	0	59492	0	0	59492	59492	0
276	0	0	0	0	59498	0	0	59498	59498	0
296	0	0	0	0	59478	0	0	59478	59478	0
291	0	0	0	0	59483	0	0	59483	59483	0
284	0	0	0	0	59490	0	0	59490	59490	0
286	0	0	0	0	59488	0	0	59488	59488	0
293	0	0	0	0	59481	0	0	59481	59481	0
256	0	0	0	0	59518	0	0	59518	59518	0
280	0	0	0	0	59494	0	0	59494	59494	0
273	0	0	0	0	59501	0	0	59501	59501	0
376	0	0	0	0	59398	0	0	59398	59398	0
412	0	0	0	0	59362	0	0	59362	59362	0
286	0	0	0	0	59488	0	0	59488	59488	0
379	0	0	0	0	59395	0	0	59395	59395	0
299	0	0	0	0	59475	0	0	59475	59475	0
272	0	0	0	0	59502	0	0	59502	59502	0
281	0	0	0	0	59493	0	0	59493	59493	0
280	0	0	0	0	59494	0	0	59494	59494	0
273	0	0	0	0	59501	0	0	59501	59501	0
265	0	0	0	0	59509	0	0	59509	59509	0
312	0	0	0	0	59462	0	0	59462	59462	0
309	0	0	0	0	59465	0	0	59465	59465	0
273	0	0	0	0	59501	0	0	59501	59501	0
280	0	0	0	0	59494	0	0	59494	59494	0
292	0	0	0	0	59482	0	0	59482	59482	0
296	0	0	0	0	59478	0	0	59478	59478	0
296	0	0	0	0	59478	0	0	59478	59478	0
396	0	0	0	0	59378	0	0	59378	59378	0
289	0	0	0	0	59485	0	0	59485	59485	0
278	0	0	0	0	59496	0	0	59496	59496	0
269	0	0	0	0	59505	0	0	59505	59505	0
306	0	0	0	0	59468	0	0	59468	59468	0
277	0	0	0	0	59497	0	0	59497	59497	0
289	0	0	0	0	59485	0	0	59485	59485	0
301	0	0	0	0	59473	0	0	59473	59473	0
275	0	0	0	0	59499	0	0	59499	59499	0
390	0	0	0	0	59384	0	0	59384	59384	0
392	0	0	0	0	59382	0	0	59382	59382	0
287	0	0	0	0	59487	0	0	59487	59487	0
300	0	0	0	0	59474	0	0	59474	59474	0
293	0	0	0	0	59481	0	0	59481	59481	0
301	0	0	0	0	59473	0	0	59473	59473	0
268	0	0	0	0	59506	0	0	59506	59506	0
287	0	0	0	0	59487	0	0	59487	59487	0
278	0	0	0	0	59496	0	0	59496	59496	0
282	0	0	0	0	59492	0	0	59492	59492	0
275	0	0	0	0	59499	0	0	59499	59499	0
286	0	0	0	0	59488	0	0	59488	59488	0
272	0	0	0	0	59502	0	0	59502	59502	0
290	0	0	0	0	59484	0	0	59484	59484	0
400	0	0	0	0	59374	0	0	59374	59374	0
282	0	0	0	0	59492	0	0	59492	59492	0
293	0	0	0	0	59481	0	0	59481	59481	0
285	0	0	0	0	59489	0	0	59489	59489	0
365	0	0	0	0	59409	0	0	59409	59409	0
300	0	0	0	0	59474	0	0	59474	59474	0
282	0	0	0	0	59492	0	0	59492	59492	0
285	0	0	0	0	59489	0	0	59489	59489	0
301	0	0	0	0	59473	0	0	59473	59473	0
262	0	0	0	0	59512	0	0	59512	59512	0
316	0	0	0	0	59458	0	0	59458	59458	0
277	0	0	0	0	59497	0	0	59497	59497	0
269	0	0	0	0	59505	0	0	59505	59505	0
284	0	0	0	0	59490	0	0	59490	59490	0
281	0	0	0	0	59493	0	0	59493	59493	0
294	0	0	0	0	59480	0	0	59480	59480	0
293	0	0	0	0	59481	0	0	59481	59481	0
271	0	0	0	0	59503	0	0	59503	59503	0
387	0	0	0	0	59387	0	0	59387	59387	0
301	0	0	0	0	59473	0	0	59473	59473	0
315	0	0	0	0	59459	0	0	59459	59459	0
415	0	0	0	0	59359	0	0	59359	59359	0
391	0	0	0	0	59383	0	0	59383	59383	0
283	0	0	0	0	59491	0	0	59491	59491	0
367	0	0	0	0	59407	0	0	59407	59407	0
392	0	0	0	0	59382	0	0	59382	59382	0
406	0	0	0	0	59368	0	0	59368	59368	0
378	0	0	0	0	59396	0	0	59396	59396	0
295	0	0	0	0	59479	0	0	59479	59479	0
282	0	0	0	0	59492	0	0	59492	59492	0
276	0	0	0	0	59498	0	0	59498	59498	0
287	0	0	0	0	59487	0	0	59487	59487	0
279	0	0	0	0	59495	0	0	59495	59495	0
400	0	0	0	0	59374	0	0	59374	59374	0
293	0	0	0	0	59481	0	0	59481	59481	0
302	0	0	0	0	59472	0	0	59472	59472	0
290	0	0	0	0	59484	0	0	59484	59484	0
312	0	0	0	0	59462	0	0	59462	59462	0
310	0	0	0	0	59464	0	0	59464	59464	0
280	0	0	0	0	59494	0	0	59494	59494	0
289	0	0	0	0	59485	0	0	59485	59485	0
296	0	0	0	0	59478	0	0	59478	59478	0
377	0	0	0	0	59397	0	0	59397	59397	0
285	0	0	0	0	59489	0	0	59489	59489	0
275	0	0	0	0	59499	0	0	59499	59499	0
281	0	0	0	0	59493	0	0	59493	59493	0
276	0	0	0	0	59498	0	0	59498	59498	0
392	0	0	0	0	59382	0	0	59382	59382	0
274	0	0	0	0	59500	0	0	59500	59500	0
269	0	0	0	0	59505	0	0	59505	59505	0
392	0	0	0	0	59382	0	0	59382	59382	0
284	0	0	0	0	59490	0	0	59490	59490	0
287	0	0	0	0	59487	0	0	59487	59487	0
259	0	0	0	0	59515	0	0	59515	59515	0
399	0	0	0	0	59375	0	0	59375	59375	0
403	0	0	0	0	59371	0	0	59371	59371	0
324	0	0	0	0	59450	0	0	59450	59450	0
278	0	0	0	0	59496	0	0	59496	59496	0
281	0	0	0	0	59493	0	0	59493	59493	0
378	0	0	0	0	59396	0	0	59396	59396	0
279	0	0	0	0	59495	0	0	59495	59495	0
306	0	0	0	0	59468	0	0	59468	59468	0
297	0	0	0	0	59477	0	0	59477	59477	0
264	0	0	0	0	59510	0	0	59510	59510	0
387	0	0	0	0	59387	0	0	59387	59387	0
260	0	0	0	0	59514	0	0	59514	59514	0
285	0	0	0	0	59489	0	0	59489	59489	0
279	0	0	0	0	59495	0	0	59495	59495	0
277	0	0	0	0	59497	0	0	59497	59497	0
289	0	0	0	0	59485	0	0	59485	59485	0
289	0	0	0	0	59485	0	0	59485	59485	0
279	0	0	0	0	59495	0	0	59495	59495	0
287	0	0	0	0	59487	0	0	59487	59487	0
270	0	0	0	0	59504	0	0	59504	59504	0
283	0	0	0	0	59491	0	0	59491	59491	0
276	0	0	0	0	59498	0	0	59498	59498	0
375	0	0	0	0	59399	0	0	59399	59399	0
284	0	0	0	0	59490	0	0	59490	59490	0
298	0	0	0	0	59476	0	0	59476	59476	0
288	0	0	0	0	59486	0	0	59486	59486	0
303	0	0	0	0	59471	0	0	59471	59471	0
301	0	0	0	0	59473	0	0	59473	59473	0
297	0	0	0	0	59477	0	0	59477	59477	0
290	0	0	0	0	59484	0	0	59484	59484	0
311	0	0	0	0	59463	0	0	59463	59463	0
297	0	0	0	0	59477	0	0	59477	59477	0
288	0	0	0	0	59486	0	0	59486	59486	0
281	0	0	0	0	59493	0	0	59493	59493	0
393	0	0	0	0	59381	0	0	59381	59381	0
334	0	0	0	0	59440	0	0	59440	59440	0
395	0	0	0	0	59379	0	0	59379	59379	0
300	0	0	0	0	59474	0	0	59474	59474	0
406	0	0	0	0	59368	0	0	59368	59368	0
301	0	0	0	0	59473	0	0	59473	59473	0
281	0	0	0	0	59493	0	0	59493	59493	0
390	0	0	0	0	59384	0	0	59384	59384	0
283	0	0	0	0	59491	0	0	59491	59491	0
299	0	0	0	0	59475	0	0	59475	59475	0
297	0	0	0	0	59477	0	0	59477	59477	0
395	0	0	0	0	59379	0	0	59379	59379	0
299	0	0	0	0	59475	0	0	59475	59475	0
382	0	0	0	0	59392	0	0	59392	59392	0
393	0	0	0	0	59381	0	0	59381	59381	0
298	0	0	0	0	59476	0	0	59476	59476	0
302	0	0	0	0	59472	0	0	59472	59472	0
386	0	0	0	0	59388	0	0	59388	59388	0
282	0	0	0	0	59492	0	0	59492	59492	0
397	0	0	0	0	59377	0	0	59377	59377	0
270	0	0	0	0	59504	0	0	59504	59504	0
274	0	0	0	0	59500	0	0	59500	59500	0
370	0	0	0	0	59404	0	0	59404	59404	0
374	0	0	0	0	59400	0	0	59400	59400	0
293	0	0	0	0	59481	0	0	59481	59481	0
381	0	0	0	0	59393	0	0	59393	59393	0
284	0	0	0	0	59490	0	0	59490	59490	0
284	0	0	0	0	59490	0	0	59490	59490	0
286	0	0	0	0	59488	0	0	59488	59488	0
388	0	0	0	0	59386	0	0	59386	59386	0
376	0	0	0	0	59398	0	0	59398	59398	0
279	0	0	0	0	59495	0	0	59495	59495	0
343	0	0	0	0	59431	0	0	59431	59431	0
278	0	0	0	0	59496	0	0	59496	59496	0
278	0	0	0	0	59496	0	0	59496	59496	0
279	0	0	0	0	59495	0	0	59495	59495	0
399	0	0	0	0	59375	0	0	59375	59375	0
296	0	0	0	0	59478	0	0	59478	59478	0
382	0	0	0	0	59392	0	0	59392	59392	0
283	0	0	0	0	59491	0	0	59491	59491	0
281	0	0	0	0	59493	0	0	59493	59493	0
297	0	0	0	0	59477	0	0	59477	59477	0
279	0	0	0	0	59495	0	0	59495	59495	0
266	0	0	0	0	59508	0	0	59508	59508	0
276	0	0	0	0	59498	0	0	59498	59498	0
265	0	0	0	0	59509	0	0	59509	59509	0
278	0	0	0	0	59496	0	0	59496	59496	0
284	0	0	0	0	59490	0	0	59490	59490	0
303	0	0	0	0	59471	0	0	59471	59471	0
389	0	0	0	0	59385	0	0	59385	59385	0
271	0	0	0	0	59503	0	0	59503	59503	0
286	0	0	0	0	59488	0	0	59488	59488	0
273	0	0	0	0	59501	0	0	59501	59501	0
277	0	0	0	0	59497	0	0	59497	59497	0
297	0	0	0	0	59477	0	0	59477	59477	0
265	0	0	0	0	59509	0	0	59509	59509	0
292	0	0	0	0	59482	0	0	59482	59482	0
377	0	0	0	0	59397	0	0	59397	59397	0
315	0	0	0	0	59459	0	0	59459	59459	0
276	0	0	0	0	59498	0	0	59498	59498	0
266	0	0	0	0	59508	0	0	59508	59508	0
411	0	0	0	0	59363	0	0	59363	59363	0
269	0	0	0	0	59505	0	0	59505	59505	0
273	0	0	0	0	59501	0	0	59501	59501	0
305	0	0	0	0	59469	0	0	59469	59469	0
282	0	0	0	0	59492	0	0	59492	59492	0
295	0	0	0	0	59479	0	0	59479	59479	0
383	0	0	0	0	59391	0	0	59391	59391	0
283	0	0	0	0	59491	0	0	59491	59491	0
395	0	0	0	0	59379	0	0	59379	59379	0
391	0	0	0	0	59383	0	0	59383	59383	0
284	0	0	0	0	59490	0	0	59490	59490	0
279	0	0	0	0	59495	0	0	59495	59495	0
280	0	0	0	0	59494	0	0	59494	59494	0
297	0	0	0	0	59477	0	0	59477	59477	0
271	0	0	0	0	59503	0	0	59503	59503	0
284	0	0	0	0	59490	0	0	59490	59490	0
292	0	0	0	0	59482	0	0	59482	59482	0
276	0	0	0	0	59498	0	0	59498	59498	0
304	0	0	0	0	59470	0	0	59470	59470	0
293	0	0	0	0	59481	0	0	59481	59481	0
315	0	0	0	0	59459	0	0	59459	59459	0
310	0	0	0	0	59464	0	0	59464	59464	0
288	0	0	0	0	59486	0	0	59486	59486	0
390	0	0	0	0	59384	0	0	59384	59384	0
399	0	0	0	0	59375	0	0	59375	59375	0
305	0	0	0	0	59469	0	0	59469	59469	0
384	0	0	0	0	59390	0	0	59390	59390	0
275	0	0	0	0	59499	0	0	59499	59499	0
281	0	0	0	0	59493	0	0	59493	59493	0
276	0	0	0	0	59498	0	0	59498	59498	0
272	0	0	0	0	59502	0	0	59502	59502	0
274	0	0	0	0	59500	0	0	59500	59500	0
272	0	0	0	0	59502	0	0	59502	59502	0
293	0	0	0	0	59481	0	0	59481	59481	0
297	0	0	0	0	59477	0	0	59477	59477	0
287	0	0	0	0	59487	0	0	59487	59487	0
287	0	0	0	0	59487	0	0	59487	59487	0
280	0	0	0	0	59494	0	0	59494	59494	0
269	0	0	0	0	59505	0	0	59505	59505	0
386	0	0	0	0	59388	0	0	59388	59388	0
308	0	0	0	0	59466	0	0	59466	59466	0
290	0	0	0	0	59484	0	0	59484	59484	0
327	0	0	0	0	59447	0	0	59447	59447	0
313	0	0	0	0	59461	0	0	59461	59461	0
308	0	0	0	0	59466	0	0	59466	59466	0
275	0	0	0	0	59499	0	0	59499	59499	0
261	0	0	0	0	59513	0	0	59513	59513	0
303	0	0	0	0	59471	0	0	59471	59471	0
279	0	0	0	0	59495	0	0	59495	59495	0
313	0	0	0	0	59461	0	0	59461	59461	0
281	0	0	0	0	59493	0	0	59493	59493	0
409	0	0	0	0	59365	0	0	59365	59365	0
278	0	0	0	0	59496	0	0	59496	59496	0
264	0	0	0	0	59510	0	0	59510	59510	0
293	0	0	0	0	59481	0	0	59481	59481	0
384	0	0	0	0	59390	0	0	59390	59390	0
285	0	0	0	0	59489	0	0	59489	59489	0
378	0	0	0	0	59396	0	0	59396	59396	0
308	0	0	0	0	59466	0	0	59466	59466	0
393	0	0	0	0	59381	0	0	59381	59381	0
278	0	0	0	0	59496	0	0	59496	59496	0
382	0	0	0	0	59392	0	0	59392	59392	0
444	0	0	0	0	59330	0	0	59330	59330	0
275	0	0	0	0	59499	0	0	59499	59499	0
291	0	0	0	0	59483	0	0	59483	59483	0
280	0	0	0	0	59494	0	0	59494	59494	0
294	0	0	0	0	59480	0	0	59480	59480	0
292	0	0	0	0	59482	0	0	59482	59482	0
278	0	0	0	0	59496	0	0	59496	59496	0
295	0	0	0	0	59479	0	0	59479	59479	0
386	0	0	0	0	59388	0	0	59388	59388	0
284	0	0	0	0	59490	0	0	59490	59490	0
283	0	0	0	0	59491	0	0	59491	59491	0
294	0	0	0	0	59480	0	0	59480	59480	0
284	0	0	0	0	59490	0	0	59490	59490	0
304	0	0	0	0	59470	0	0	59470	59470	0
401	0	0	0	0	59373	0	0	59373	59373	0
263	0	0	0	0	59511	0	0	59511	59511	0
278	0	0	0	0	59496	0	0	59496	59496	0
278	0	0	0	0	59496	0	0	59496	59496	0
305	0	0	0	0	59469	0	0	59469	59469	0
396	0	0	0	0	59378	0	0	59378	59378	0
309	0	0	0	0	59465	0	0	59465	59465	0
289	0	0	0	0	59485	0	0	59485	59485	0
274	0	0	0	0	59500	0	0	59500	59500	0
273	0	0	0	0	59501	0	0	59501	59501	0
283	0	0	0	0	59491	0	0	59491	59491	0
300	0	0	0	0	59474	0	0	59474	59474	0
304	0	0	0	0	59470	0	0	59470	59470	0
376	0	0	0	0	59398	0	0	59398	59398	0
287	0	0	0	0	59487	0	0	59487	59487	0
281	0	0	0	0	59493	0	0	59493	59493	0
411	0	0	0	0	59363	0	0	59363	59363	0
305	0	0	0	0	59469	0	0	59469	59469	0
310	0	0	0	0	59464	0	0	59464	59464	0
392	0	0	0	0	59382	0	0	59382	59382	0
374	0	0	0	0	59400	0	0	59400	59400	0
293	0	0	0	0	59481	0	0	59481	59481	0
282	0	0	0	0	59492	0	0	59492	59492	0
274	0	0	0	0	59500	0	0	59500	59500	0
285	0	0	0	0	59489	0	0	59489	59489	0
391	0	0	0	0	59383	0	0	59383	59383	0
284	0	0	0	0	59490	0	0	59490	59490	0
280	0	0	0	0	59494	0	0	59494	59494	0
263	0	0	0	0	59511	0	0	59511	59511	0
284	0	0	0	0	59490	0	0	59490	59490	0
280	0	0	0	0	59494	0	0	59494	59494	0
380	0	0	0	0	59394	0	0	59394	59394	0
277	0	0	0	0	59497	0	0	59497	59497	0
274	0	0	0	0	59500	0	0	59500	59500	0
295	0	0	0	0	59479	0	0	59479	59479	0
378	0	0	0	0	59396	0	0	59396	59396	0
289	0	0	0	0	59485	0	0	59485	59485	0
293	0	0	0	0	59481	0	0	59481	59481	0
288	0	0	0	0	59486	0	0	59486	59486	0
391	0	0	0	0	59383	0	0	59383	59383	0
277	0	0	0	0	59497	0	0	59497	59497	0
287	0	0	0	0	59487	0	0	59487	59487	0
370	0	0	0	0	59404	0	0	59404	59404	0
317	0	0	0	0	59457	0	0	59457	59457	0
313	0	0	0	0	59461	0	0	59461	59461	0
293	0	0	0	0	59481	0	0	59481	59481	0
270	0	0	0	0	59504	0	0	59504	59504	0
294	0	0	0	0	59480	0	0	59480	59480	0
293	0	0	0	0	59481	0	0	59481	59481	0
400	0	0	0	0	59374	0	0	59374	59374	0
297	0	0	0	0	59477	0	0	59477	59477	0
301	0	0	0	0	59473	0	0	59473	59473	0
278	0	0	0	0	59496	0	0	59496	59496	0
269	0	0	0	0	59505	0	0	59505	59505	0
298	0	0	0	0	59476	0	0	59476	59476	0
296	0	0	0	0	59478	0	0	59478	59478	0
291	0	0	0	0	59483	0	0	59483	59483	0
296	0	0	0	0	59478	0	0	59478	59478	0
278	0	0	0	0	59496	0	0	59496	59496	0
275	0	0	0	0	59499	0	0	59499	59499	0
386	0	0	0	0	59388	0	0	59388	59388	0
296	0	0	0	0	59478	0	0	59478	59478	0
257	0	0	0	0	59517	0	0	59517	59517	0
278	0	0	0	0	59496	0	0	59496	59496	0
374	0	0	0	0	59400	0	0	59400	59400	0
292	0	0	0	0	59482	0	0	59482	59482	0
313	0	0	0	0	59461	0	0	59461	59461	0
300	0	0	0	0	59474	0	0	59474	59474	0
253	0	0	0	0	59521	0	0	59521	59521	0
299	0	0	0	0	59475	0	0	59475	59475	0
283	0	0	0	0	59491	0	0	59491	59491	0
406	0	0	0	0	59368	0	0	59368	59368	0
276	0	0	0	0	59498	0	0	59498	59498	0
283	0	0	0	0	59491	0	0	59491	59491	0
269	0	0	0	0	59505	0	0	59505	59505	0
287	0	0	0	0	59487	0	0	59487	59487	0
374	0	0	0	0	59400	0	0	59400	59400	0
409	0	0	0	0	59365	0	0	59365	59365	0
290	0	0	0	0	59484	0	0	59484	59484	0
263	0	0	0	0	59511	0	0	59511	59511	0
300	0	0	0	0	59474	0	0	59474	59474	0
385	0	0	0	0	59389	0	0	59389	59389	0
395	0	0	0	0	59379	0	0	59379	59379	0
277	0	0	0	0	59497	0	0	59497	59497	0
376	0	0	0	0	59398	0	0	59398	59398	0
269	0	0	0	0	59505	0	0	59505	59505	0
295	0	0	0	0	59479	0	0	59479	59479	0
302	0	0	0	0	59472	0	0	59472	59472	0
286	0	0	0	0	59488	0	0	59488	59488	0
287	0	0	0	0	59487	0	0	59487	59487	0
293	0	0	0	0	59481	0	0	59481	59481	0
627	0	0	0	0	59147	0	0	59147	59147	0
266	0	0	0	0	59508	0	0	59508	59508	0
281	0	0	0	0	59493	0	0	59493	59493	0
281	0	0	0	0	59493	0	0	59493	59493	0
278	0	0	0	0	59496	0	0	59496	59496	0
405	0	0	0	0	59369	0	0	59369	59369	0
309	0	0	0	0	59465	0	0	59465	59465	0
309	0	0	0	0	59465	0	0	59465	59465	0
283	0	0	0	0	59491	0	0	59491	59491	0
377	0	0	0	0	59397	0	0	59397	59397	0
318	0	0	0	0	59456	0	0	59456	59456	0
275	0	0	0	0	59499	0	0	59499	59499	0
300	0	0	0	0	59474	0	0	59474	59474	0
284	0	0	0	0	59490	0	0	59490	59490	0
386	0	0	0	0	59388	0	0	59388	59388	0
382	0	0	0	0	59392	0	0	59392	59392	0
291	0	0	0	0	59483	0	0	59483	59483	0
277	0	0	0	0	59497	0	0	59497	59497	0
294	0	0	0	0	59480	0	0	59480	59480	0
287	0	0	0	0	59487	0	0	59487	59487	0
272	0	0	0	0	59502	0	0	59502	59502	0
303	0	0	0	0	59471	0	0	59471	59471	0
271	0	0	0	0	59503	0	0	59503	59503	0
390	0	0	0	0	59384	0	0	59384	59384	0
311	0	0	0	0	59463	0	0	59463	59463	0
276	0	0	0	0	59498	0	0	59498	59498	0
382	0	0	0	0	59392	0	0	59392	59392	0
273	0	0	0	0	59501	0	0	59501	59501	0
372	0	0	0	0	59402	0	0	59402	59402	0
285	0	0	0	0	59489	0	0	59489	59489	0
272	0	0	0	0	59502	0	0	59502	59502	0
260	0	0	0	0	59514	0	0	59514	59514	0
365	0	0	0	0	59409	0	0	59409	59409	0
276	0	0	0	0	59498	0	0	59498	59498	0
291	0	0	0	0	59483	0	0	59483	59483	0
299	0	0	0	0	59475	0	0	59475	59475	0
267	0	0	0	0	59507	0	0	59507	59507	0
393	0	0	0	0	59381	0	0	59381	59381	0
287	0	0	0	0	59487	0	0	59487	59487	0
282	0	0	0	0	59492	0	0	59492	59492	0
276	0	0	0	0	59498	0	0	59498	59498	0
380	0	0	0	0	59394	0	0	59394	59394	0
385	0	0	0	0	59389	0	0	59389	59389	0
365	0	0	0	0	59409	0	0	59409	59409	0
266	0	0	0	0	59508	0	0	59508	59508	0
292	0	0	0	0	59482	0	0	59482	59482	0
283	0	0	0	0	59491	0	0	59491	59491	0
315	0	0	0	0	59459	0	0	59459	59459	0
412	0	0	0	0	59362	0	0	59362	59362	0
377	0	0	0	0	59397	0	0	59397	59397	0
314	0	0	0	0	59460	0	0	59460	59460	0
412	0	0	0	0	59362	0	0	59362	59362	0
311	0	0	0	0	59463	0	0	59463	59463	0
305	0	0	0	0	59469	0	0	59469	59469	0
280	0	0	0	0	59494	0	0	59494	59494	0
287	0	0	0	0	59487	0	0	59487	59487	0
298	0	0	0	0	59476	0	0	59476	59476	0
286	0	0	0	0	59488	0	0	59488	59488	0
286	0	0	0	0	59488	0	0	59488	59488	0
302	0	0	0	0	59472	0	0	59472	59472	0
407	0	0	0	0	59367	0	0	59367	59367	0
315	0	0	0	0	59459	0	0	59459	59459	0
302	0	0	0	0	59472	0	0	59472	59472	0
303	0	0	0	0	59471	0	0	59471	59471	0
291	0	0	0	0	59483	0	0	59483	59483	0
265	0	0	0	0	59509	0	0	59509	59509	0
279	0	0	0	0	59495	0	0	59495	59495	0
274	0	0	0	0	59500	0	0	59500	59500	0
