42638	0	0	0	0	17136	44417	44417	17136	14265	2871
42800	0	0	0	0	16974	44412	44412	16974	14311	2663
42693	0	0	0	0	17081	44414	44414	17081	14276	2805
42474	0	0	0	0	17300	44586	44586	17300	14464	2836
42681	0	0	0	0	17093	44601	44600	17093	14430	2663
42230	0	0	0	0	17544	44635	44635	17544	14450	3094
42514	0	0	0	0	17260	44673	44671	17260	14489	2771
42546	0	0	0	0	17228	44619	44619	17228	14479	2749
42723	0	0	0	0	17051	44412	44412	17051	14319	2732
42573	0	0	0	0	17201	44590	44590	17201	14474	2727
42597	0	0	0	0	17177	44611	44610	17177	14488	2689
42788	0	0	0	0	16986	44612	44612	16986	14421	2565
42643	0	0	0	0	17131	44638	44638	17131	14466	2665
42597	0	0	0	0	17177	44331	44330	17177	14276	2901
42792	0	0	0	0	16982	44619	44618	16982	14422	2560
43058	0	0	0	0	16716	44316	44316	16716	14231	2485
42512	0	0	0	0	17262	44651	44651	17262	14521	2741
42652	0	0	0	0	17122	44565	44565	17122	14481	2641
42777	0	0	0	0	16997	44462	44462	16997	14263	2734
42548	0	0	0	0	17226	44479	44478	17226	14275	2951
42679	0	0	0	0	17095	44346	44346	17095	14258	2837
43112	0	0	0	0	16662	44434	44433	16662	14302	2360
42950	0	0	0	0	16824	44468	44468	16824	14260	2564
42399	0	0	0	0	17375	44578	44577	17375	14459	2916
42457	0	0	0	0	17317	44572	44571	17317	14474	2843
42270	0	0	0	0	17504	44595	44594	17504	14513	2991
42617	0	0	0	0	17157	44417	44415	17157	14273	2884
42476	0	0	0	0	17298	44394	44393	17298	14279	3019
42567	0	0	0	0	17207	44652	44651	17207	14463	2744
42787	0	0	0	0	16987	44619	44618	16987	14426	2561
42653	0	0	0	0	17121	44611	44611	17121	14496	2625
42772	0	0	0	0	17002	44400	44400	17002	14253	2749
42617	0	0	0	0	17157	44398	44398	17157	14245	2912
42257	0	0	0	0	17517	44612	44611	17517	14487	3030
42606	0	0	0	0	17168	44642	44642	17168	14486	2682
42670	0	0	0	0	17104	44390	44390	17104	14327	2777
42611	0	0	0	0	17163	44629	44628	17163	14457	2706
42922	0	0	0	0	16852	44432	44431	16852	14291	2561
42641	0	0	0	0	17133	44579	44578	17133	14481	2652
42499	0	0	0	0	17275	44580	44578	17275	14495	2780
42411	0	0	0	0	17363	44639	44638	17363	14472	2891
42744	0	0	0	0	17030	44385	44385	17030	14293	2737
42765	0	0	0	0	17009	44397	44397	17009	14243	2766
42879	0	0	0	0	16895	44383	44383	16895	14223	2672
42959	0	0	0	0	16815	44490	44490	16815	14292	2523
42647	0	0	0	0	17127	44574	44572	17127	14430	2697
42684	0	0	0	0	17090	44667	44666	17090	14479	2611
42804	0	0	0	0	16970	44658	44657	16970	14474	2496
42732	0	0	0	0	17042	44416	44416	17042	14266	2776
42835	0	0	0	0	16939	44381	44381	16939	14307	2632
42483	0	0	0	0	17291	44599	44598	17291	14474	2817
42392	0	0	0	0	17382	44598	44597	17382	14491	2891
42544	0	0	0	0	17230	44631	44629	17230	14511	2719
42483	0	0	0	0	17291	44629	44628	17291	14512	2779
43103	0	0	0	0	16671	44331	44330	16671	14249	2422
42584	0	0	0	0	17190	44619	44619	17190	14508	2682
43059	0	0	0	0	16715	44376	44376	16715	14226	2489
42893	0	0	0	0	16881	44437	44437	16881	14270	2611
42521	0	0	0	0	17253	44661	44661	17253	14514	2739
42553	0	0	0	0	17221	44606	44605	17221	14486	2735
42748	0	0	0	0	17026	44624	44624	17026	14465	2561
43027	0	0	0	0	16747	44390	44390	16747	14217	2530
42719	0	0	0	0	17055	44627	44627	17055	14476	2579
42746	0	0	0	0	17028	44607	44606	17028	14482	2546
42556	0	0	0	0	17218	44596	44596	17218	14479	2739
42869	0	0	0	0	16905	44615	44615	16905	14372	2533
42550	0	0	0	0	17224	44602	44600	17224	14486	2738
42548	0	0	0	0	17226	44630	44629	17226	14519	2707
42969	0	0	0	0	16805	44356	44355	16805	14229	2576
42685	0	0	0	0	17089	44439	44437	17089	14196	2893
42425	0	0	0	0	17349	44622	44622	17349	14496	2853
42775	0	0	0	0	16999	44390	44389	16999	14252	2747
42584	0	0	0	0	17190	44643	44642	17190	14527	2663
42491	0	0	0	0	17283	44625	44624	17283	14477	2806
42800	0	0	0	0	16974	44457	44456	16974	14251	2723
43083	0	0	0	0	16691	44415	44414	16691	14184	2507
42655	0	0	0	0	17119	44626	44626	17119	14502	2617
42570	0	0	0	0	17204	44384	44384	17204	14243	2961
42561	0	0	0	0	17213	44610	44609	17213	14491	2722
42741	0	0	0	0	17033	44624	44624	17033	14479	2554
42893	0	0	0	0	16881	44394	44393	16881	14291	2590
42705	0	0	0	0	17069	44620	44620	17069	14463	2606
42597	0	0	0	0	17177	44634	44634	17177	14439	2738
42762	0	0	0	0	17012	44452	44452	17012	14234	2778
43014	0	0	0	0	16760	44393	44393	16760	14226	2534
42773	0	0	0	0	17001	44647	44647	17001	14486	2515
42419	0	0	0	0	17355	44613	44613	17355	14487	2868
42925	0	0	0	0	16849	44413	44412	16849	14245	2604
42607	0	0	0	0	17167	44600	44600	17167	14491	2676
42499	0	0	0	0	17275	44445	44444	17275	14308	2967
42515	0	0	0	0	17259	44623	44622	17259	14506	2753
42530	0	0	0	0	17244	44617	44616	17244	14453	2791
42618	0	0	0	0	17156	44400	44400	17156	14274	2882
42830	0	0	0	0	16944	44391	44391	16944	14305	2639
42532	0	0	0	0	17242	44487	44486	17242	14307	2935
42746	0	0	0	0	17028	44462	44462	17028	14291	2737
42484	0	0	0	0	17290	44610	44610	17290	14516	2774
42733	0	0	0	0	17041	44616	44615	17041	14498	2543
42292	0	0	0	0	17482	44637	44637	17482	14473	3009
42322	0	0	0	0	17452	44561	44561	17452	14429	3023
42336	0	0	0	0	17438	44624	44623	17438	14491	2947
42667	0	0	0	0	17107	44571	44571	17107	14498	2609
42818	0	0	0	0	16956	44394	44393	16956	14273	2683
42643	0	0	0	0	17131	44467	44467	17131	14304	2827
42329	0	0	0	0	17445	44685	44685	17445	14486	2959
42583	0	0	0	0	17191	44577	44577	17191	14428	2763
42503	0	0	0	0	17271	44593	44593	17271	14510	2761
42594	0	0	0	0	17180	44571	44571	17180	14461	2719
42547	0	0	0	0	17227	44601	44600	17227	14442	2785
42833	0	0	0	0	16941	44403	44403	16941	14223	2718
42783	0	0	0	0	16991	44463	44463	16991	14222	2769
42787	0	0	0	0	16987	44586	44585	16987	14434	2553
42826	0	0	0	0	16948	44560	44559	16948	14457	2491
42687	0	0	0	0	17087	44444	44442	17087	14195	2892
42606	0	0	0	0	17168	44599	44599	17168	14487	2681
42791	0	0	0	0	16983	44583	44583	16983	14393	2590
42726	0	0	0	0	17048	44561	44560	17048	14460	2588
42467	0	0	0	0	17307	44648	44648	17307	14492	2815
42883	0	0	0	0	16891	44437	44437	16891	14267	2624
42770	0	0	0	0	17004	44386	44385	17004	14200	2804
42606	0	0	0	0	17168	44667	44666	17168	14535	2633
42747	0	0	0	0	17027	44401	44400	17027	14236	2791
42652	0	0	0	0	17122	44610	44610	17122	14457	2665
42563	0	0	0	0	17211	44596	44596	17211	14503	2708
42705	0	0	0	0	17069	44621	44620	17069	14471	2598
42779	0	0	0	0	16995	44439	44438	16995	14262	2733
42422	0	0	0	0	17352	44414	44413	17352	14248	3104
42785	0	0	0	0	16989	44605	44604	16989	14493	2496
42622	0	0	0	0	17152	44420	44420	17152	14269	2883
42932	0	0	0	0	16842	44468	44466	16842	14282	2560
42434	0	0	0	0	17340	44594	44593	17340	14502	2838
42521	0	0	0	0	17253	44413	44413	17253	14244	3009
42707	0	0	0	0	17067	44426	44426	17067	14294	2773
43090	0	0	0	0	16684	44387	44386	16684	14301	2383
42707	0	0	0	0	17067	44514	44514	17067	14288	2779
42391	0	0	0	0	17383	44584	44584	17383	14489	2894
42694	0	0	0	0	17080	44438	44437	17080	14259	2821
42578	0	0	0	0	17196	44399	44398	17196	14280	2916
42782	0	0	0	0	16992	44408	44406	16992	14337	2655
42638	0	0	0	0	17136	44630	44630	17136	14461	2675
42654	0	0	0	0	17120	44612	44611	17120	14470	2650
42690	0	0	0	0	17084	44365	44365	17084	14237	2847
42213	0	0	0	0	17561	44644	44644	17561	14504	3057
42744	0	0	0	0	17030	44554	44553	17030	14429	2601
42689	0	0	0	0	17085	44411	44411	17085	14270	2815
42543	0	0	0	0	17231	44610	44608	17231	14468	2763
42616	0	0	0	0	17158	44633	44633	17158	14444	2714
42158	0	0	0	0	17616	44576	44576	17616	14515	3101
42676	0	0	0	0	17098	44353	44353	17098	14208	2890
42756	0	0	0	0	17018	44616	44615	17018	14484	2534
43112	0	0	0	0	16662	44412	44412	16662	14293	2369
42205	0	0	0	0	17569	44654	44653	17569	14548	3021
42760	0	0	0	0	17014	44438	44438	17014	14268	2746
43021	0	0	0	0	16753	44405	44404	16753	14274	2479
42560	0	0	0	0	17214	44717	44717	17214	14559	2655
42726	0	0	0	0	17048	44434	44434	17048	14259	2789
43022	0	0	0	0	16752	44454	44453	16752	14338	2414
42579	0	0	0	0	17195	44695	44695	17195	14476	2719
43031	0	0	0	0	16743	44411	44410	16743	14262	2481
42896	0	0	0	0	16878	44382	44381	16878	14242	2636
42596	0	0	0	0	17178	44584	44584	17178	14465	2713
42919	0	0	0	0	16855	44438	44438	16855	14211	2644
43107	0	0	0	0	16667	44450	44449	16667	14229	2438
42974	0	0	0	0	16800	44421	44421	16800	14290	2510
42876	0	0	0	0	16898	44408	44407	16898	14314	2584
42813	0	0	0	0	16961	44414	44414	16961	14283	2678
42496	0	0	0	0	17278	44581	44580	17278	14485	2793
42732	0	0	0	0	17042	44606	44604	17042	14507	2535
42370	0	0	0	0	17404	44619	44618	17404	14467	2937
42747	0	0	0	0	17027	44367	44366	17027	14273	2754
42959	0	0	0	0	16815	44431	44431	16815	14324	2491
42748	0	0	0	0	17026	44621	44620	17026	14477	2549
42503	0	0	0	0	17271	44608	44608	17271	14469	2802
42415	0	0	0	0	17359	44670	44670	17359	14458	2901
42931	0	0	0	0	16843	44431	44431	16843	14270	2573
42927	0	0	0	0	16847	44345	44344	16847	14222	2625
42651	0	0	0	0	17123	44374	44374	17123	14281	2842
42708	0	0	0	0	17066	44577	44576	17066	14471	2595
42178	0	0	0	0	17596	44642	44641	17596	14501	3095
42483	0	0	0	0	17291	44644	44644	17291	14460	2831
42974	0	0	0	0	16800	44348	44348	16800	14233	2567
42573	0	0	0	0	17201	44604	44604	17201	14452	2749
42734	0	0	0	0	17040	44614	44614	17040	14470	2570
42850	0	0	0	0	16924	44399	44398	16924	14303	2621
43072	0	0	0	0	16702	44451	44451	16702	14291	2411
42682	0	0	0	0	17092	44617	44617	17092	14470	2622
42519	0	0	0	0	17255	44608	44608	17255	14468	2787
42931	0	0	0	0	16843	44439	44438	16843	14269	2574
42337	0	0	0	0	17437	44402	44401	17437	14241	3196
42585	0	0	0	0	17189	44622	44621	17189	14529	2660
42385	0	0	0	0	17389	44674	44674	17389	14453	2936
42568	0	0	0	0	17206	44360	44359	17206	14231	2975
42649	0	0	0	0	17125	44458	44458	17125	14253	2872
42752	0	0	0	0	17022	44460	44459	17022	14249	2773
42553	0	0	0	0	17221	44573	44573	17221	14458	2763
42818	0	0	0	0	16956	44457	44457	16956	14277	2679
42837	0	0	0	0	16937	44456	44454	16937	14266	2671
43062	0	0	0	0	16712	44423	44423	16712	14230	2482
42467	0	0	0	0	17307	44605	44605	17307	14461	2846
42686	0	0	0	0	17088	44603	44603	17088	14522	2566
42732	0	0	0	0	17042	44593	44593	17042	14446	2596
42857	0	0	0	0	16917	44552	44550	16917	14451	2466
42723	0	0	0	0	17051	44566	44566	17051	14447	2604
42571	0	0	0	0	17203	44598	44598	17203	14472	2731
42659	0	0	0	0	17115	44632	44632	17115	14480	2635
42365	0	0	0	0	17409	44630	44630	17409	14503	2906
42530	0	0	0	0	17244	44582	44581	17244	14368	2876
42290	0	0	0	0	17484	44576	44576	17484	14476	3008
42726	0	0	0	0	17048	44455	44455	17048	14249	2799
42731	0	0	0	0	17043	44370	44370	17043	14254	2789
42858	0	0	0	0	16916	44446	44446	16916	14294	2622
42809	0	0	0	0	16965	44426	44426	16965	14262	2703
42712	0	0	0	0	17062	44367	44367	17062	14260	2802
42630	0	0	0	0	17144	44377	44376	17144	14229	2915
42951	0	0	0	0	16823	44384	44384	16823	14212	2611
42822	0	0	0	0	16952	44565	44565	16952	14492	2460
42857	0	0	0	0	16917	44592	44592	16917	14434	2483
42344	0	0	0	0	17430	44638	44637	17430	14489	2941
42512	0	0	0	0	17262	44399	44398	17262	14282	2980
42856	0	0	0	0	16918	44370	44370	16918	14248	2670
42833	0	0	0	0	16941	44366	44365	16941	14234	2707
42586	0	0	0	0	17188	44597	44597	17188	14448	2740
42744	0	0	0	0	17030	44395	44395	17030	14266	2764
42803	0	0	0	0	16971	44619	44619	16971	14479	2492
42274	0	0	0	0	17500	44583	44583	17500	14505	2995
42817	0	0	0	0	16957	44420	44420	16957	14272	2685
42854	0	0	0	0	16920	44421	44421	16920	14305	2615
42807	0	0	0	0	16967	44607	44606	16967	14432	2535
42410	0	0	0	0	17364	44637	44637	17364	14499	2865
42644	0	0	0	0	17130	44607	44607	17130	14463	2667
42918	0	0	0	0	16856	44435	44435	16856	14222	2634
42629	0	0	0	0	17145	44571	44571	17145	14535	2610
42486	0	0	0	0	17288	44663	44663	17288	14478	2810
42511	0	0	0	0	17263	44406	44406	17263	14324	2939
42601	0	0	0	0	17173	44559	44559	17173	14427	2746
42492	0	0	0	0	17282	44465	44465	17282	14290	2992
42766	0	0	0	0	17008	44422	44422	17008	14282	2726
42463	0	0	0	0	17311	44609	44608	17311	14478	2833
42462	0	0	0	0	17312	44576	44576	17312	14463	2849
42373	0	0	0	0	17401	44625	44625	17401	14529	2872
42834	0	0	0	0	16940	44357	44356	16940	14243	2697
42882	0	0	0	0	16892	44375	44375	16892	14274	2618
42413	0	0	0	0	17361	44655	44655	17361	14502	2859
42423	0	0	0	0	17351	44615	44615	17351	14492	2859
42647	0	0	0	0	17127	44599	44597	17127	14478	2649
42088	0	0	0	0	17686	44605	44605	17686	14469	3217
42782	0	0	0	0	16992	44370	44370	16992	14239	2753
42542	0	0	0	0	17232	44606	44605	17232	14503	2729
42699	0	0	0	0	17075	44447	44445	17075	14269	2806
42504	0	0	0	0	17270	44610	44610	17270	14511	2759
42492	0	0	0	0	17282	44603	44603	17282	14477	2805
42406	0	0	0	0	17368	44586	44586	17368	14456	2912
42537	0	0	0	0	17237	44608	44608	17237	14532	2705
42701	0	0	0	0	17073	44623	44623	17073	14469	2604
42878	0	0	0	0	16896	44439	44438	16896	14248	2648
42500	0	0	0	0	17274	44458	44458	17274	14285	2989
42625	0	0	0	0	17149	44343	44343	17149	14298	2851
42732	0	0	0	0	17042	44399	44397	17042	14217	2825
42524	0	0	0	0	17250	44359	44359	17250	14272	2978
42588	0	0	0	0	17186	44604	44602	17186	14491	2695
42856	0	0	0	0	16918	44647	44646	16918	14520	2398
42814	0	0	0	0	16960	44484	44484	16960	14214	2746
42306	0	0	0	0	17468	44579	44578	17468	14496	2972
42868	0	0	0	0	16906	44328	44327	16906	14179	2727
42852	0	0	0	0	16922	44442	44442	16922	14261	2661
42898	0	0	0	0	16876	44459	44459	16876	14260	2616
42652	0	0	0	0	17122	44612	44612	17122	14503	2619
42689	0	0	0	0	17085	44436	44436	17085	14285	2800
42534	0	0	0	0	17240	44625	44623	17240	14476	2764
42723	0	0	0	0	17051	44407	44407	17051	14288	2763
42632	0	0	0	0	17142	44590	44590	17142	14461	2681
42492	0	0	0	0	17282	44614	44614	17282	14499	2783
42352	0	0	0	0	17422	44601	44601	17422	14484	2938
42492	0	0	0	0	17282	44621	44621	17282	14527	2755
42864	0	0	0	0	16910	44435	44435	16910	14271	2639
42538	0	0	0	0	17236	44378	44377	17236	14258	2978
42620	0	0	0	0	17154	44380	44379	17154	14268	2886
42654	0	0	0	0	17120	44632	44632	17120	14453	2667
42660	0	0	0	0	17114	44687	44687	17114	14500	2614
42788	0	0	0	0	16986	44374	44374	16986	14247	2739
42858	0	0	0	0	16916	44393	44391	16916	14217	2699
42807	0	0	0	0	16967	44568	44568	16967	14453	2514
42812	0	0	0	0	16962	44400	44400	16962	14269	2693
42643	0	0	0	0	17131	44595	44595	17131	14493	2638
42689	0	0	0	0	17085	44591	44591	17085	14459	2626
42820	0	0	0	0	16954	44414	44414	16954	14253	2701
42600	0	0	0	0	17174	44617	44616	17174	14523	2651
42674	0	0	0	0	17100	44620	44619	17100	14445	2655
42540	0	0	0	0	17234	44630	44630	17234	14490	2744
42521	0	0	0	0	17253	44451	44450	17253	14275	2978
42645	0	0	0	0	17129	44445	44445	17129	14291	2838
42787	0	0	0	0	16987	44641	44640	16987	14484	2503
42864	0	0	0	0	16910	44457	44456	16910	14310	2600
42672	0	0	0	0	17102	44368	44367	17102	14240	2862
42272	0	0	0	0	17502	44624	44622	17502	14499	3003
42793	0	0	0	0	16981	44483	44482	16981	14231	2750
42773	0	0	0	0	17001	44406	44405	17001	14236	2765
42800	0	0	0	0	16974	44594	44594	16974	14411	2563
43022	0	0	0	0	16752	44369	44369	16752	14244	2508
42546	0	0	0	0	17228	44444	44444	17228	14297	2931
42786	0	0	0	0	16988	44423	44423	16988	14252	2736
43123	0	0	0	0	16651	44472	44472	16651	14237	2414
42450	0	0	0	0	17324	44639	44637	17324	14469	2855
42817	0	0	0	0	16957	44654	44653	16957	14475	2482
42282	0	0	0	0	17492	44652	44651	17492	14476	3016
42726	0	0	0	0	17048	44412	44412	17048	14260	2788
42818	0	0	0	0	16956	44401	44401	16956	14300	2656
42427	0	0	0	0	17347	44664	44664	17347	14525	2822
42591	0	0	0	0	17183	44642	44642	17183	14427	2756
42703	0	0	0	0	17071	44610	44609	17071	14483	2588
42616	0	0	0	0	17158	44336	44336	17158	14266	2892
42418	0	0	0	0	17356	44581	44581	17356	14502	2854
42931	0	0	0	0	16843	44345	44345	16843	14270	2573
42874	0	0	0	0	16900	44460	44459	16900	14273	2627
42263	0	0	0	0	17511	44670	44670	17511	14484	3027
42730	0	0	0	0	17044	44587	44587	17044	14440	2604
42734	0	0	0	0	17040	44372	44372	17040	14238	2802
42497	0	0	0	0	17277	44574	44574	17277	14473	2804
42621	0	0	0	0	17153	44598	44598	17153	14484	2669
42522	0	0	0	0	17252	44553	44553	17252	14478	2774
42514	0	0	0	0	17260	44691	44691	17260	14563	2697
42647	0	0	0	0	17127	44435	44435	17127	14304	2823
42284	0	0	0	0	17490	44769	44768	17490	14563	2927
42806	0	0	0	0	16968	44429	44429	16968	14273	2695
42819	0	0	0	0	16955	44325	44325	16955	14243	2712
42532	0	0	0	0	17242	44595	44595	17242	14495	2747
42487	0	0	0	0	17287	44636	44636	17287	14477	2810
42684	0	0	0	0	17090	44485	44485	17090	14252	2838
42699	0	0	0	0	17075	44598	44598	17075	14434	2641
42573	0	0	0	0	17201	44397	44396	17201	14263	2938
42630	0	0	0	0	17144	44661	44661	17144	14514	2630
42608	0	0	0	0	17166	44587	44586	17166	14465	2701
42576	0	0	0	0	17198	44617	44616	17198	14507	2691
42653	0	0	0	0	17121	44613	44612	17121	14480	2641
42660	0	0	0	0	17114	44403	44402	17114	14300	2814
42686	0	0	0	0	17088	44420	44419	17088	14295	2793
42599	0	0	0	0	17175	44628	44628	17175	14464	2711
42352	0	0	0	0	17422	44436	44436	17422	14271	3151
42612	0	0	0	0	17162	44361	44359	17162	14266	2896
42596	0	0	0	0	17178	44603	44603	17178	14509	2669
42818	0	0	0	0	16956	44406	44406	16956	14288	2668
42734	0	0	0	0	17040	44600	44599	17040	14469	2571
42732	0	0	0	0	17042	44411	44409	17042	14298	2744
42550	0	0	0	0	17224	44469	44469	17224	14229	2995
42763	0	0	0	0	17011	44431	44431	17011	14281	2730
42822	0	0	0	0	16952	44433	44432	16952	14302	2650
43030	0	0	0	0	16744	44438	44437	16744	14270	2474
42832	0	0	0	0	16942	44390	44390	16942	14283	2659
42666	0	0	0	0	17108	44687	44686	17108	14518	2590
42701	0	0	0	0	17073	44465	44465	17073	14320	2753
42564	0	0	0	0	17210	44461	44461	17210	14193	3017
42452	0	0	0	0	17322	44605	44604	17322	14477	2845
42615	0	0	0	0	17159	44686	44685	17159	14490	2669
42529	0	0	0	0	17245	44527	44526	17245	14443	2802
42817	0	0	0	0	16957	44378	44377	16957	14277	2680
42577	0	0	0	0	17197	44571	44571	17197	14463	2734
42283	0	0	0	0	17491	44633	44633	17491	14455	3036
42796	0	0	0	0	16978	44418	44418	16978	14311	2667
42698	0	0	0	0	17076	44401	44401	17076	14296	2780
42718	0	0	0	0	17056	44588	44587	17056	14500	2556
42618	0	0	0	0	17156	44429	44428	17156	14288	2868
42790	0	0	0	0	16984	44399	44398	16984	14259	2725
42659	0	0	0	0	17115	44515	44514	17115	14227	2888
42431	0	0	0	0	17343	44415	44415	17343	14285	3058
42849	0	0	0	0	16925	44497	44496	16925	14332	2593
42576	0	0	0	0	17198	44599	44598	17198	14462	2736
42683	0	0	0	0	17091	44640	44638	17091	14491	2600
42526	0	0	0	0	17248	44618	44618	17248	14494	2754
42857	0	0	0	0	16917	44407	44407	16917	14191	2726
42778	0	0	0	0	16996	44432	44432	16996	14241	2755
43079	0	0	0	0	16695	44373	44373	16695	14294	2401
42568	0	0	0	0	17206	44408	44408	17206	14240	2966
42805	0	0	0	0	16969	44407	44407	16969	14295	2674
42640	0	0	0	0	17134	44680	44679	17134	14510	2624
42709	0	0	0	0	17065	44588	44588	17065	14460	2605
42805	0	0	0	0	16969	44406	44406	16969	14247	2722
42551	0	0	0	0	17223	44660	44660	17223	14533	2690
42256	0	0	0	0	17518	44730	44730	17518	14549	2969
42787	0	0	0	0	16987	44570	44569	16987	14456	2531
42507	0	0	0	0	17267	44613	44612	17267	14477	2790
42770	0	0	0	0	17004	44455	44454	17004	14240	2764
42581	0	0	0	0	17193	44394	44394	17193	14232	2961
42807	0	0	0	0	16967	44387	44386	16967	14239	2728
42919	0	0	0	0	16855	44403	44403	16855	14206	2649
42824	0	0	0	0	16950	44445	44444	16950	14245	2705
42457	0	0	0	0	17317	44605	44604	17317	14493	2824
42874	0	0	0	0	16900	44563	44561	16900	14445	2455
42464	0	0	0	0	17310	44643	44643	17310	14502	2808
42592	0	0	0	0	17182	44419	44417	17182	14273	2909
42767	0	0	0	0	17007	44454	44453	17007	14271	2736
42250	0	0	0	0	17524	44582	44580	17524	14496	3028
42341	0	0	0	0	17433	44633	44633	17433	14549	2884
43069	0	0	0	0	16705	44349	44349	16705	14274	2431
42976	0	0	0	0	16798	44380	44380	16798	14209	2589
42765	0	0	0	0	17009	44359	44359	17009	14248	2761
42967	0	0	0	0	16807	44599	44598	16807	14442	2365
42778	0	0	0	0	16996	44441	44440	16996	14215	2781
43047	0	0	0	0	16727	44434	44433	16727	14212	2515
42504	0	0	0	0	17270	44632	44631	17270	14476	2794
42483	0	0	0	0	17291	44582	44581	17291	14431	2860
42523	0	0	0	0	17251	44628	44627	17251	14445	2806
42805	0	0	0	0	16969	44447	44446	16969	14284	2685
42794	0	0	0	0	16980	44447	44447	16980	14307	2673
42578	0	0	0	0	17196	44622	44621	17196	14486	2710
42775	0	0	0	0	16999	44372	44370	16999	14253	2746
43018	0	0	0	0	16756	44326	44326	16756	14280	2476
42380	0	0	0	0	17394	44622	44621	17394	14498	2896
42919	0	0	0	0	16855	44368	44368	16855	14279	2576
42522	0	0	0	0	17252	44597	44597	17252	14510	2742
42721	0	0	0	0	17053	44417	44415	17053	14238	2815
42648	0	0	0	0	17126	44393	44393	17126	14249	2877
42832	0	0	0	0	16942	44362	44361	16942	14263	2679
42731	0	0	0	0	17043	44386	44385	17043	14334	2709
43035	0	0	0	0	16739	44414	44414	16739	14289	2450
42423	0	0	0	0	17351	44696	44696	17351	14519	2832
42953	0	0	0	0	16821	44385	44385	16821	14281	2540
42894	0	0	0	0	16880	44431	44431	16880	14287	2593
42770	0	0	0	0	17004	44391	44391	17004	14305	2699
42510	0	0	0	0	17264	44576	44576	17264	14480	2784
42931	0	0	0	0	16843	44349	44349	16843	14208	2635
43063	0	0	0	0	16711	44445	44445	16711	14246	2465
42581	0	0	0	0	17193	44575	44575	17193	14434	2759
42465	0	0	0	0	17309	44611	44611	17309	14489	2820
42662	0	0	0	0	17112	44359	44359	17112	14253	2859
42549	0	0	0	0	17225	44601	44600	17225	14501	2724
42633	0	0	0	0	17141	44584	44584	17141	14426	2715
42798	0	0	0	0	16976	44607	44607	16976	14489	2487
42905	0	0	0	0	16869	44431	44431	16869	14218	2651
42819	0	0	0	0	16955	44487	44487	16955	14236	2719
42518	0	0	0	0	17256	44581	44580	17256	14464	2792
42609	0	0	0	0	17165	44618	44618	17165	14463	2702
42671	0	0	0	0	17103	44438	44438	17103	14288	2815
42360	0	0	0	0	17414	44612	44612	17414	14489	2925
42955	0	0	0	0	16819	44474	44474	16819	14280	2539
42894	0	0	0	0	16880	44497	44497	16880	14277	2603
42860	0	0	0	0	16914	44603	44603	16914	14443	2471
42409	0	0	0	0	17365	44656	44656	17365	14490	2875
42637	0	0	0	0	17137	44600	44599	17137	14489	2648
42649	0	0	0	0	17125	44403	44403	17125	14293	2832
42883	0	0	0	0	16891	44463	44463	16891	14223	2668
42449	0	0	0	0	17325	44582	44582	17325	14493	2832
42644	0	0	0	0	17130	44573	44573	17130	14454	2676
42885	0	0	0	0	16889	44431	44429	16889	14226	2663
42734	0	0	0	0	17040	44382	44382	17040	14242	2798
42944	0	0	0	0	16830	44620	44620	16830	14450	2380
42588	0	0	0	0	17186	44370	44369	17186	14237	2949
42916	0	0	0	0	16858	44409	44409	16858	14334	2524
42653	0	0	0	0	17121	44429	44428	17121	14228	2893
42645	0	0	0	0	17129	44451	44449	17129	14266	2863
42093	0	0	0	0	17681	44602	44602	17681	14531	3150
42255	0	0	0	0	17519	44655	44655	17519	14503	3016
42778	0	0	0	0	16996	44417	44416	16996	14260	2736
42641	0	0	0	0	17133	44408	44407	17133	14210	2923
42524	0	0	0	0	17250	44463	44463	17250	14262	2988
42893	0	0	0	0	16881	44414	44414	16881	14253	2628
42823	0	0	0	0	16951	44376	44376	16951	14268	2683
42838	0	0	0	0	16936	44352	44350	16936	14262	2674
42510	0	0	0	0	17264	44634	44633	17264	14493	2771
42877	0	0	0	0	16897	44405	44405	16897	14304	2593
42571	0	0	0	0	17203	44593	44592	17203	14468	2735
42599	0	0	0	0	17175	44547	44546	17175	14445	2730
42649	0	0	0	0	17125	44651	44651	17125	14432	2693
42813	0	0	0	0	16961	44561	44560	16961	14422	2539
42558	0	0	0	0	17216	44432	44432	17216	14269	2947
42726	0	0	0	0	17048	44598	44597	17048	14458	2590
42748	0	0	0	0	17026	44684	44684	17026	14526	2500
42932	0	0	0	0	16842	44310	44310	16842	14235	2607
42775	0	0	0	0	16999	44392	44391	16999	14246	2753
42737	0	0	0	0	17037	44387	44386	17037	14227	2810
42509	0	0	0	0	17265	44612	44611	17265	14464	2801
42804	0	0	0	0	16970	44393	44393	16970	14286	2684
42816	0	0	0	0	16958	44379	44378	16958	14243	2715
42477	0	0	0	0	17297	44401	44401	17297	14291	3006
42319	0	0	0	0	17455	44619	44619	17455	14518	2937
42565	0	0	0	0	17209	44424	44422	17209	14259	2950
42976	0	0	0	0	16798	44373	44373	16798	14276	2522
42912	0	0	0	0	16862	44380	44380	16862	14262	2600
42456	0	0	0	0	17318	44635	44635	17318	14469	2849
43146	0	0	0	0	16628	44444	44442	16628	14294	2334
43089	0	0	0	0	16685	44442	44442	16685	14267	2418
42347	0	0	0	0	17427	44592	44592	17427	14470	2957
42856	0	0	0	0	16918	44431	44431	16918	14305	2613
42648	0	0	0	0	17126	44579	44579	17126	14446	2680
42812	0	0	0	0	16962	44465	44465	16962	14263	2699
42403	0	0	0	0	17371	44587	44586	17371	14418	2953
42500	0	0	0	0	17274	44636	44634	17274	14475	2799
42904	0	0	0	0	16870	44416	44416	16870	14248	2622
42883	0	0	0	0	16891	44401	44401	16891	14188	2703
42609	0	0	0	0	17165	44602	44601	17165	14472	2693
42493	0	0	0	0	17281	44610	44609	17281	14493	2788
42502	0	0	0	0	17272	44676	44674	17272	14519	2753
42451	0	0	0	0	17323	44354	44354	17323	14210	3113
42878	0	0	0	0	16896	44403	44403	16896	14279	2617
42918	0	0	0	0	16856	44542	44541	16856	14311	2545
43072	0	0	0	0	16702	44402	44401	16702	14253	2449
42937	0	0	0	0	16837	44446	44445	16837	14202	2635
42687	0	0	0	0	17087	44606	44606	17087	14486	2601
42843	0	0	0	0	16931	44627	44627	16931	14458	2473
42842	0	0	0	0	16932	44394	44394	16932	14282	2650
42970	0	0	0	0	16804	44366	44366	16804	14262	2542
