51480	0	0	0	0	8294	57347	0	8294	1777	6517
50979	0	0	0	0	8795	57388	0	8795	1804	6991
51376	0	0	0	0	8398	57217	0	8398	1791	6607
50632	0	0	0	0	9142	57423	0	9142	1834	7308
51099	0	0	0	0	8675	57274	0	8675	1768	6907
50702	0	0	0	0	9072	57333	0	9072	1782	7290
51077	0	0	0	0	8697	57353	0	8697	1765	6932
51323	0	0	0	0	8451	57143	0	8451	1755	6696
50741	0	0	0	0	9033	57312	0	9033	1785	7248
50992	0	0	0	0	8782	57290	0	8782	1816	6966
51033	0	0	0	0	8741	57038	0	8741	1761	6980
50612	0	0	0	0	9162	57321	0	9162	1780	7382
51296	0	0	0	0	8478	57270	0	8478	1817	6661
51832	0	0	0	0	7942	57286	0	7942	1784	6158
50682	0	0	0	0	9092	57282	0	9092	1800	7292
51681	0	0	0	0	8093	57271	0	8093	1793	6300
51329	0	0	0	0	8445	57117	0	8445	1790	6655
51637	0	0	0	0	8137	57083	0	8137	1752	6385
50647	0	0	0	0	9127	57067	0	9127	1775	7352
51557	0	0	0	0	8217	57238	0	8217	1780	6437
50550	0	0	0	0	9224	57252	0	9224	1809	7415
51282	0	0	0	0	8492	57118	0	8492	1767	6725
51410	0	0	0	0	8364	57273	0	8364	1799	6565
51133	0	0	0	0	8641	57143	0	8641	1759	6882
51168	0	0	0	0	8606	57333	0	8606	1809	6797
51155	0	0	0	0	8619	57248	0	8619	1770	6849
51852	0	0	0	0	7922	57146	0	7922	1782	6140
50763	0	0	0	0	9011	57106	0	9011	1768	7243
51066	0	0	0	0	8708	56923	0	8708	1758	6950
51655	0	0	0	0	8119	57280	0	8119	1768	6351
51221	0	0	0	0	8553	57088	0	8553	1779	6774
51169	0	0	0	0	8605	57080	0	8605	1776	6829
51283	0	0	0	0	8491	57148	0	8491	1773	6718
50935	0	0	0	0	8839	57324	0	8839	1793	7046
51911	0	0	0	0	7863	57017	0	7863	1752	6111
50929	0	0	0	0	8845	57200	0	8845	1804	7041
50754	0	0	0	0	9020	57200	0	9020	1790	7230
50912	0	0	0	0	8862	57267	0	8862	1791	7071
51101	0	0	0	0	8673	57246	0	8673	1781	6892
51179	0	0	0	0	8595	57285	0	8595	1801	6794
50879	0	0	0	0	8895	57275	0	8895	1793	7102
51495	0	0	0	0	8279	57301	0	8279	1780	6499
51870	0	0	0	0	7904	57294	0	7904	1771	6133
51522	0	0	0	0	8252	57071	0	8252	1779	6473
51007	0	0	0	0	8767	57314	0	8767	1764	7003
51234	0	0	0	0	8540	57134	0	8540	1767	6773
51533	0	0	0	0	8241	57256	0	8241	1798	6443
51075	0	0	0	0	8699	57324	0	8699	1799	6900
51542	0	0	0	0	8232	57300	0	8232	1772	6460
50688	0	0	0	0	9086	57279	0	9086	1774	7312
51524	0	0	0	0	8250	57323	0	8250	1782	6468
51293	0	0	0	0	8481	57248	0	8481	1797	6684
51501	0	0	0	0	8273	57002	0	8273	1789	6484
51275	0	0	0	0	8499	57281	0	8499	1787	6712
51238	0	0	0	0	8536	57326	0	8536	1788	6748
51594	0	0	0	0	8180	57145	0	8180	1760	6420
51326	0	0	0	0	8448	57272	0	8448	1791	6657
51389	0	0	0	0	8385	57119	0	8385	1758	6627
51311	0	0	0	0	8463	57269	0	8463	1777	6686
50875	0	0	0	0	8899	57126	0	8899	1760	7139
51549	0	0	0	0	8225	57562	0	8225	1799	6426
51678	0	0	0	0	8096	57034	0	8096	1772	6324
51147	0	0	0	0	8627	57293	0	8627	1801	6826
50940	0	0	0	0	8834	57274	0	8834	1770	7064
51250	0	0	0	0	8524	57253	0	8524	1785	6739
51275	0	0	0	0	8499	57188	0	8499	1762	6737
51023	0	0	0	0	8751	57083	0	8751	1780	6971
50813	0	0	0	0	8961	57144	0	8961	1763	7198
51436	0	0	0	0	8338	57089	0	8338	1763	6575
51130	0	0	0	0	8644	57305	0	8644	1792	6852
50973	0	0	0	0	8801	57304	0	8801	1779	7022
51339	0	0	0	0	8435	57139	0	8435	1761	6674
51210	0	0	0	0	8564	57242	0	8564	1784	6780
51113	0	0	0	0	8661	57244	0	8661	1772	6889
51116	0	0	0	0	8658	57137	0	8658	1770	6888
51123	0	0	0	0	8651	57274	0	8651	1768	6883
50870	0	0	0	0	8904	57165	0	8904	1773	7131
50954	0	0	0	0	8820	57076	0	8820	1785	7035
51659	0	0	0	0	8115	57219	0	8115	1758	6357
51325	0	0	0	0	8449	57101	0	8449	1758	6691
51742	0	0	0	0	8032	56987	0	8032	1739	6293
51148	0	0	0	0	8626	57395	0	8626	1815	6811
51030	0	0	0	0	8744	57043	0	8744	1798	6946
51296	0	0	0	0	8478	57109	0	8478	1737	6741
51392	0	0	0	0	8382	56734	0	8382	1739	6643
51164	0	0	0	0	8610	57055	0	8610	1787	6823
50505	0	0	0	0	9269	57042	0	9269	1780	7489
51981	0	0	0	0	7793	57075	0	7793	1768	6025
50820	0	0	0	0	8954	57068	0	8954	1772	7182
50635	0	0	0	0	9139	57243	0	9139	1766	7373
51494	0	0	0	0	8280	57233	0	8280	1770	6510
51088	0	0	0	0	8686	57331	0	8686	1784	6902
50997	0	0	0	0	8777	57170	0	8777	1769	7008
51123	0	0	0	0	8651	57163	0	8651	1755	6896
51126	0	0	0	0	8648	57138	0	8648	1738	6910
51022	0	0	0	0	8752	57281	0	8752	1787	6965
50456	0	0	0	0	9318	57307	0	9318	1798	7520
51275	0	0	0	0	8499	57294	0	8499	1773	6726
51006	0	0	0	0	8768	57265	0	8768	1774	6994
51496	0	0	0	0	8278	57156	0	8278	1794	6484
50724	0	0	0	0	9050	57351	0	9050	1797	7253
51052	0	0	0	0	8722	57054	0	8722	1794	6928
50850	0	0	0	0	8924	57168	0	8924	1780	7144
51545	0	0	0	0	8229	57207	0	8229	1806	6423
50880	0	0	0	0	8894	57247	0	8894	1781	7113
51010	0	0	0	0	8764	57279	0	8764	1812	6952
51104	0	0	0	0	8670	57288	0	8670	1799	6871
50869	0	0	0	0	8905	57303	0	8905	1771	7134
50573	0	0	0	0	9201	57238	0	9201	1770	7431
51261	0	0	0	0	8513	57312	0	8513	1790	6723
51492	0	0	0	0	8282	57083	0	8282	1765	6517
51563	0	0	0	0	8211	56981	0	8211	1770	6441
51287	0	0	0	0	8487	57168	0	8487	1759	6728
51041	0	0	0	0	8733	57061	0	8733	1754	6979
51381	0	0	0	0	8393	57292	0	8393	1790	6603
52039	0	0	0	0	7735	57068	0	7735	1733	6002
50587	0	0	0	0	9187	57182	0	9187	1781	7406
51136	0	0	0	0	8638	57142	0	8638	1756	6882
50963	0	0	0	0	8811	57111	0	8811	1788	7023
51298	0	0	0	0	8476	57150	0	8476	1793	6683
50861	0	0	0	0	8913	57280	0	8913	1785	7128
50899	0	0	0	0	8875	57087	0	8875	1752	7123
51064	0	0	0	0	8710	57238	0	8710	1760	6950
50587	0	0	0	0	9187	57105	0	9187	1780	7407
51212	0	0	0	0	8562	57223	0	8562	1789	6773
51073	0	0	0	0	8701	57077	0	8701	1745	6956
51083	0	0	0	0	8691	57309	0	8691	1815	6876
50663	0	0	0	0	9111	57128	0	9111	1739	7372
51090	0	0	0	0	8684	57160	0	8684	1752	6932
51325	0	0	0	0	8449	57230	0	8449	1805	6644
51015	0	0	0	0	8759	57357	0	8759	1794	6965
51272	0	0	0	0	8502	57313	0	8502	1794	6708
51429	0	0	0	0	8345	57299	0	8345	1779	6566
52279	0	0	0	0	7495	57312	0	7495	1763	5732
50755	0	0	0	0	9019	57301	0	9019	1754	7265
50973	0	0	0	0	8801	57338	0	8801	1813	6988
50484	0	0	0	0	9290	57252	0	9290	1803	7487
51553	0	0	0	0	8221	57092	0	8221	1790	6431
51019	0	0	0	0	8755	57036	0	8755	1781	6974
51057	0	0	0	0	8717	57039	0	8717	1760	6957
51851	0	0	0	0	7923	57241	0	7923	1770	6153
50664	0	0	0	0	9110	57268	0	9110	1768	7342
50796	0	0	0	0	8978	57280	0	8978	1781	7197
50812	0	0	0	0	8962	57168	0	8962	1784	7178
51368	0	0	0	0	8406	57137	0	8406	1784	6622
51403	0	0	0	0	8371	57027	0	8371	1786	6585
52055	0	0	0	0	7719	57224	0	7719	1747	5972
51218	0	0	0	0	8556	57266	0	8556	1765	6791
51175	0	0	0	0	8599	57202	0	8599	1805	6794
51577	0	0	0	0	8197	57281	0	8197	1787	6410
51436	0	0	0	0	8338	57212	0	8338	1812	6526
50939	0	0	0	0	8835	57298	0	8835	1778	7057
50959	0	0	0	0	8815	57309	0	8815	1781	7034
51052	0	0	0	0	8722	57325	0	8722	1780	6942
51837	0	0	0	0	7937	57301	0	7937	1788	6149
50875	0	0	0	0	8899	57278	0	8899	1766	7133
50400	0	0	0	0	9374	57113	0	9374	1765	7609
51487	0	0	0	0	8287	57266	0	8287	1806	6481
50910	0	0	0	0	8864	57033	0	8864	1768	7096
51724	0	0	0	0	8050	57119	0	8050	1774	6276
51167	0	0	0	0	8607	57327	0	8607	1771	6836
51079	0	0	0	0	8695	57136	0	8695	1778	6917
50852	0	0	0	0	8922	57262	0	8922	1791	7131
51463	0	0	0	0	8311	57037	0	8311	1734	6577
50533	0	0	0	0	9241	57117	0	9241	1765	7476
50917	0	0	0	0	8857	57271	0	8857	1791	7066
50866	0	0	0	0	8908	57252	0	8908	1761	7147
50583	0	0	0	0	9191	57330	0	9191	1798	7393
51492	0	0	0	0	8282	57072	0	8282	1759	6523
50756	0	0	0	0	9018	57307	0	9018	1773	7245
51421	0	0	0	0	8353	57028	0	8353	1748	6605
51366	0	0	0	0	8408	57016	0	8408	1777	6631
51381	0	0	0	0	8393	57072	0	8393	1765	6628
50912	0	0	0	0	8862	57023	0	8862	1752	7110
50717	0	0	0	0	9057	57299	0	9057	1797	7260
51811	0	0	0	0	7963	57289	0	7963	1754	6209
51966	0	0	0	0	7808	57260	0	7808	1794	6014
51144	0	0	0	0	8630	57170	0	8630	1770	6860
50779	0	0	0	0	8995	57211	0	8995	1772	7223
51031	0	0	0	0	8743	57187	0	8743	1791	6952
51404	0	0	0	0	8370	57186	0	8370	1737	6633
51381	0	0	0	0	8393	57107	0	8393	1778	6615
51272	0	0	0	0	8502	57305	0	8502	1793	6709
50872	0	0	0	0	8902	57336	0	8902	1794	7108
51334	0	0	0	0	8440	57080	0	8440	1789	6651
50969	0	0	0	0	8805	57234	0	8805	1783	7022
51005	0	0	0	0	8769	57205	0	8769	1767	7002
51539	0	0	0	0	8235	57329	0	8235	1758	6477
51031	0	0	0	0	8743	57331	0	8743	1788	6955
50734	0	0	0	0	9040	56914	0	9040	1772	7268
51015	0	0	0	0	8759	57289	0	8759	1783	6976
50695	0	0	0	0	9079	57279	0	9079	1748	7331
50912	0	0	0	0	8862	57243	0	8862	1774	7088
50985	0	0	0	0	8789	57216	0	8789	1726	7063
51102	0	0	0	0	8672	57303	0	8672	1800	6872
51190	0	0	0	0	8584	57115	0	8584	1804	6780
51359	0	0	0	0	8415	57200	0	8415	1774	6641
51077	0	0	0	0	8697	56957	0	8697	1750	6947
51153	0	0	0	0	8621	57094	0	8621	1794	6827
51344	0	0	0	0	8430	57130	0	8430	1789	6641
50851	0	0	0	0	8923	57219	0	8923	1758	7165
50845	0	0	0	0	8929	57288	0	8929	1763	7166
51529	0	0	0	0	8245	57092	0	8245	1769	6476
50779	0	0	0	0	8995	57081	0	8995	1772	7223
51144	0	0	0	0	8630	57079	0	8630	1776	6854
51172	0	0	0	0	8602	57250	0	8602	1795	6807
50604	0	0	0	0	9170	57082	0	9170	1762	7408
51787	0	0	0	0	7987	57348	0	7987	1775	6212
51168	0	0	0	0	8606	57254	0	8606	1762	6844
50702	0	0	0	0	9072	57306	0	9072	1797	7275
51557	0	0	0	0	8217	57277	0	8217	1808	6409
51557	0	0	0	0	8217	57187	0	8217	1776	6441
51017	0	0	0	0	8757	57279	0	8757	1796	6961
51508	0	0	0	0	8266	57143	0	8266	1750	6516
50867	0	0	0	0	8907	57286	0	8907	1797	7110
51429	0	0	0	0	8345	57280	0	8345	1780	6565
50783	0	0	0	0	8991	57276	0	8991	1763	7228
51420	0	0	0	0	8354	57104	0	8354	1771	6583
50966	0	0	0	0	8808	57247	0	8808	1771	7037
50929	0	0	0	0	8845	57293	0	8845	1804	7041
51218	0	0	0	0	8556	57036	0	8556	1761	6795
51357	0	0	0	0	8417	57122	0	8417	1775	6642
51248	0	0	0	0	8526	57202	0	8526	1746	6780
51340	0	0	0	0	8434	57097	0	8434	1738	6696
51059	0	0	0	0	8715	57307	0	8715	1777	6938
51028	0	0	0	0	8746	57182	0	8746	1763	6983
51336	0	0	0	0	8438	57165	0	8438	1787	6651
51345	0	0	0	0	8429	57143	0	8429	1758	6671
50617	0	0	0	0	9157	57294	0	9157	1805	7352
51413	0	0	0	0	8361	57081	0	8361	1783	6578
51311	0	0	0	0	8463	57276	0	8463	1796	6667
51517	0	0	0	0	8257	57309	0	8257	1758	6499
51267	0	0	0	0	8507	57333	0	8507	1767	6740
50999	0	0	0	0	8775	57151	0	8775	1759	7016
51346	0	0	0	0	8428	57298	0	8428	1770	6658
50775	0	0	0	0	8999	57031	0	8999	1782	7217
50606	0	0	0	0	9168	57235	0	9168	1791	7377
50587	0	0	0	0	9187	57015	0	9187	1733	7454
50975	0	0	0	0	8799	57286	0	8799	1781	7018
50894	0	0	0	0	8880	57259	0	8880	1798	7082
50955	0	0	0	0	8819	56979	0	8819	1754	7065
51595	0	0	0	0	8179	57299	0	8179	1805	6374
51535	0	0	0	0	8239	57099	0	8239	1782	6457
51240	0	0	0	0	8534	57128	0	8534	1785	6749
51373	0	0	0	0	8401	57141	0	8401	1784	6617
51126	0	0	0	0	8648	57324	0	8648	1795	6853
51734	0	0	0	0	8040	57252	0	8040	1761	6279
51657	0	0	0	0	8117	57127	0	8117	1769	6348
51680	0	0	0	0	8094	57049	0	8094	1772	6322
50647	0	0	0	0	9127	57075	0	9127	1766	7361
51050	0	0	0	0	8724	57183	0	8724	1790	6934
51142	0	0	0	0	8632	57480	0	8632	1806	6826
50897	0	0	0	0	8877	57330	0	8877	1793	7084
51335	0	0	0	0	8439	57304	0	8439	1753	6686
50661	0	0	0	0	9113	57355	0	9113	1811	7302
50827	0	0	0	0	8947	57153	0	8947	1754	7193
50844	0	0	0	0	8930	57236	0	8930	1760	7170
51238	0	0	0	0	8536	57284	0	8536	1785	6751
50590	0	0	0	0	9184	57239	0	9184	1789	7395
51061	0	0	0	0	8713	57326	0	8713	1822	6891
50637	0	0	0	0	9137	57078	0	9137	1787	7350
50895	0	0	0	0	8879	57308	0	8879	1789	7090
51183	0	0	0	0	8591	57221	0	8591	1758	6833
50690	0	0	0	0	9084	57323	0	9084	1781	7303
50852	0	0	0	0	8922	57318	0	8922	1796	7126
50774	0	0	0	0	9000	57275	0	9000	1795	7205
51031	0	0	0	0	8743	57324	0	8743	1755	6988
50776	0	0	0	0	8998	57323	0	8998	1797	7201
51116	0	0	0	0	8658	57316	0	8658	1792	6866
50621	0	0	0	0	9153	57277	0	9153	1781	7372
51302	0	0	0	0	8472	57116	0	8472	1751	6721
50580	0	0	0	0	9194	57296	0	9194	1780	7414
51049	0	0	0	0	8725	57003	0	8725	1770	6955
51231	0	0	0	0	8543	57244	0	8543	1807	6736
51231	0	0	0	0	8543	57276	0	8543	1774	6769
51069	0	0	0	0	8705	57064	0	8705	1792	6913
50540	0	0	0	0	9234	57028	0	9234	1780	7454
51015	0	0	0	0	8759	57245	0	8759	1789	6970
51093	0	0	0	0	8681	57315	0	8681	1768	6913
51195	0	0	0	0	8579	57301	0	8579	1785	6794
51078	0	0	0	0	8696	57166	0	8696	1776	6920
51816	0	0	0	0	7958	57108	0	7958	1764	6194
50999	0	0	0	0	8775	57262	0	8775	1799	6976
51554	0	0	0	0	8220	57317	0	8220	1782	6438
50983	0	0	0	0	8791	57287	0	8791	1780	7011
50584	0	0	0	0	9190	57221	0	9190	1791	7399
51234	0	0	0	0	8540	57121	0	8540	1800	6740
50622	0	0	0	0	9152	57204	0	9152	1777	7375
51762	0	0	0	0	8012	56902	0	8012	1764	6248
50765	0	0	0	0	9009	57154	0	9009	1744	7265
51496	0	0	0	0	8278	57295	0	8278	1823	6455
50547	0	0	0	0	9227	57303	0	9227	1797	7430
51084	0	0	0	0	8690	57174	0	8690	1756	6934
51651	0	0	0	0	8123	57234	0	8123	1791	6332
51096	0	0	0	0	8678	57184	0	8678	1740	6938
50949	0	0	0	0	8825	57274	0	8825	1759	7066
50386	0	0	0	0	9388	57020	0	9388	1715	7673
51165	0	0	0	0	8609	56986	0	8609	1759	6850
51892	0	0	0	0	7882	56928	0	7882	1750	6132
50646	0	0	0	0	9128	57181	0	9128	1796	7332
50861	0	0	0	0	8913	57116	0	8913	1756	7157
50988	0	0	0	0	8786	57058	0	8786	1771	7015
51138	0	0	0	0	8636	57197	0	8636	1782	6854
50512	0	0	0	0	9262	57315	0	9262	1792	7470
50186	0	0	0	0	9588	57247	0	9588	1798	7790
51547	0	0	0	0	8227	56593	0	8227	1708	6519
51197	0	0	0	0	8577	57332	0	8577	1793	6784
51341	0	0	0	0	8433	57244	0	8433	1782	6651
50814	0	0	0	0	8960	57292	0	8960	1807	7153
50874	0	0	0	0	8900	57286	0	8900	1783	7117
51115	0	0	0	0	8659	57305	0	8659	1805	6854
52004	0	0	0	0	7770	57274	0	7770	1788	5982
51132	0	0	0	0	8642	57344	0	8642	1815	6827
50634	0	0	0	0	9140	57079	0	9140	1756	7384
51744	0	0	0	0	8030	56664	0	8030	1708	6322
51207	0	0	0	0	8567	57217	0	8567	1775	6792
51207	0	0	0	0	8567	57145	0	8567	1752	6815
51279	0	0	0	0	8495	57131	0	8495	1777	6718
51001	0	0	0	0	8773	57313	0	8773	1764	7009
50907	0	0	0	0	8867	57326	0	8867	1797	7070
51186	0	0	0	0	8588	57338	0	8588	1790	6798
51178	0	0	0	0	8596	57075	0	8596	1708	6888
51550	0	0	0	0	8224	57482	0	8224	1808	6416
51288	0	0	0	0	8486	57469	0	8486	1812	6674
51318	0	0	0	0	8456	57137	0	8456	1779	6677
51043	0	0	0	0	8731	57191	0	8731	1758	6973
51351	0	0	0	0	8423	57053	0	8423	1770	6653
51425	0	0	0	0	8349	57043	0	8349	1761	6588
51059	0	0	0	0	8715	57225	0	8715	1780	6935
52154	0	0	0	0	7620	57064	0	7620	1758	5862
50321	0	0	0	0	9453	57313	0	9453	1807	7646
51362	0	0	0	0	8412	57227	0	8412	1761	6651
50992	0	0	0	0	8782	57277	0	8782	1784	6998
51433	0	0	0	0	8341	57093	0	8341	1756	6585
51139	0	0	0	0	8635	57253	0	8635	1780	6855
51259	0	0	0	0	8515	57274	0	8515	1768	6747
51386	0	0	0	0	8388	57144	0	8388	1776	6612
51074	0	0	0	0	8700	57207	0	8700	1766	6934
50515	0	0	0	0	9259	57329	0	9259	1807	7452
51697	0	0	0	0	8077	57067	0	8077	1760	6317
50904	0	0	0	0	8870	57306	0	8870	1771	7099
50620	0	0	0	0	9154	57326	0	9154	1799	7355
51684	0	0	0	0	8090	57316	0	8090	1789	6301
51080	0	0	0	0	8694	57228	0	8694	1767	6927
51446	0	0	0	0	8328	57217	0	8328	1765	6563
51243	0	0	0	0	8531	57121	0	8531	1768	6763
50922	0	0	0	0	8852	57305	0	8852	1794	7058
51025	0	0	0	0	8749	57214	0	8749	1794	6955
50515	0	0	0	0	9259	57179	0	9259	1781	7478
51447	0	0	0	0	8327	56987	0	8327	1736	6591
50226	0	0	0	0	9548	57307	0	9548	1767	7781
51615	0	0	0	0	8159	57084	0	8159	1780	6379
51184	0	0	0	0	8590	57242	0	8590	1775	6815
51292	0	0	0	0	8482	57156	0	8482	1780	6702
50918	0	0	0	0	8856	57057	0	8856	1784	7072
50920	0	0	0	0	8854	57086	0	8854	1766	7088
51367	0	0	0	0	8407	57237	0	8407	1791	6616
51203	0	0	0	0	8571	57280	0	8571	1766	6805
51440	0	0	0	0	8334	57208	0	8334	1774	6560
51412	0	0	0	0	8362	57284	0	8362	1788	6574
51048	0	0	0	0	8726	57323	0	8726	1759	6967
51383	0	0	0	0	8391	57034	0	8391	1758	6633
51845	0	0	0	0	7929	57210	0	7929	1771	6158
51144	0	0	0	0	8630	56895	0	8630	1766	6864
51329	0	0	0	0	8445	57295	0	8445	1785	6660
51491	0	0	0	0	8283	57086	0	8283	1780	6503
51068	0	0	0	0	8706	57039	0	8706	1778	6928
51020	0	0	0	0	8754	57256	0	8754	1773	6981
50666	0	0	0	0	9108	57116	0	9108	1763	7345
50989	0	0	0	0	8785	57059	0	8785	1757	7028
51651	0	0	0	0	8123	56903	0	8123	1762	6361
50758	0	0	0	0	9016	57265	0	9016	1798	7218
51784	0	0	0	0	7990	57325	0	7990	1775	6215
51363	0	0	0	0	8411	57122	0	8411	1752	6659
51141	0	0	0	0	8633	57286	0	8633	1752	6881
50695	0	0	0	0	9079	57209	0	9079	1768	7311
50406	0	0	0	0	9368	57265	0	9368	1768	7600
51110	0	0	0	0	8664	57300	0	8664	1763	6901
50631	0	0	0	0	9143	57159	0	9143	1791	7352
50986	0	0	0	0	8788	57275	0	8788	1758	7030
51745	0	0	0	0	8029	57164	0	8029	1790	6239
51373	0	0	0	0	8401	57285	0	8401	1786	6615
51284	0	0	0	0	8490	57052	0	8490	1776	6714
51155	0	0	0	0	8619	57276	0	8619	1803	6816
50901	0	0	0	0	8873	57314	0	8873	1824	7049
51389	0	0	0	0	8385	57311	0	8385	1791	6594
50966	0	0	0	0	8808	56990	0	8808	1764	7044
51640	0	0	0	0	8134	57294	0	8134	1747	6387
51408	0	0	0	0	8366	57337	0	8366	1785	6581
51179	0	0	0	0	8595	57351	0	8595	1782	6813
51529	0	0	0	0	8245	57079	0	8245	1763	6482
51524	0	0	0	0	8250	57021	0	8250	1738	6512
50663	0	0	0	0	9111	57096	0	9111	1804	7307
51455	0	0	0	0	8319	57327	0	8319	1807	6512
51035	0	0	0	0	8739	57065	0	8739	1756	6983
51630	0	0	0	0	8144	57173	0	8144	1771	6373
51948	0	0	0	0	7826	57123	0	7826	1750	6076
50853	0	0	0	0	8921	57095	0	8921	1771	7150
51010	0	0	0	0	8764	57088	0	8764	1794	6970
51135	0	0	0	0	8639	57338	0	8639	1772	6867
51477	0	0	0	0	8297	57216	0	8297	1769	6528
51849	0	0	0	0	7925	57209	0	7925	1754	6171
50857	0	0	0	0	8917	57316	0	8917	1774	7143
50685	0	0	0	0	9089	57031	0	9089	1783	7306
50951	0	0	0	0	8823	57300	0	8823	1801	7022
51169	0	0	0	0	8605	57075	0	8605	1806	6799
51075	0	0	0	0	8699	57252	0	8699	1774	6925
51419	0	0	0	0	8355	57228	0	8355	1761	6594
50831	0	0	0	0	8943	57243	0	8943	1805	7138
50819	0	0	0	0	8955	57161	0	8955	1765	7190
50441	0	0	0	0	9333	57248	0	9333	1758	7575
50906	0	0	0	0	8868	57096	0	8868	1770	7098
50941	0	0	0	0	8833	57282	0	8833	1780	7053
51540	0	0	0	0	8234	57155	0	8234	1777	6457
51055	0	0	0	0	8719	57317	0	8719	1783	6936
51156	0	0	0	0	8618	57248	0	8618	1795	6823
51129	0	0	0	0	8645	57317	0	8645	1790	6855
51522	0	0	0	0	8252	57235	0	8252	1774	6478
51286	0	0	0	0	8488	57192	0	8488	1766	6722
51192	0	0	0	0	8582	57060	0	8582	1748	6834
51262	0	0	0	0	8512	57253	0	8512	1777	6735
51585	0	0	0	0	8189	57180	0	8189	1773	6416
51030	0	0	0	0	8744	57122	0	8744	1787	6957
51681	0	0	0	0	8093	56435	0	8093	1698	6395
51421	0	0	0	0	8353	57294	0	8353	1779	6574
51583	0	0	0	0	8191	57122	0	8191	1755	6436
50677	0	0	0	0	9097	57277	0	9097	1800	7297
50988	0	0	0	0	8786	57310	0	8786	1806	6980
50631	0	0	0	0	9143	57107	0	9143	1752	7391
50899	0	0	0	0	8875	57327	0	8875	1803	7072
51128	0	0	0	0	8646	57255	0	8646	1764	6882
51287	0	0	0	0	8487	57250	0	8487	1788	6699
50942	0	0	0	0	8832	56946	0	8832	1784	7048
51276	0	0	0	0	8498	57260	0	8498	1794	6704
50797	0	0	0	0	8977	57052	0	8977	1777	7200
51382	0	0	0	0	8392	57072	0	8392	1780	6612
51567	0	0	0	0	8207	57309	0	8207	1778	6429
50866	0	0	0	0	8908	57121	0	8908	1804	7104
50871	0	0	0	0	8903	57326	0	8903	1774	7129
51450	0	0	0	0	8324	57104	0	8324	1782	6542
50815	0	0	0	0	8959	57296	0	8959	1767	7192
51305	0	0	0	0	8469	57267	0	8469	1781	6688
51396	0	0	0	0	8378	57348	0	8378	1815	6563
51484	0	0	0	0	8290	57316	0	8290	1785	6505
50935	0	0	0	0	8839	57166	0	8839	1765	7074
50658	0	0	0	0	9116	57260	0	9116	1806	7310
51030	0	0	0	0	8744	57325	0	8744	1785	6959
51119	0	0	0	0	8655	57185	0	8655	1776	6879
50875	0	0	0	0	8899	57311	0	8899	1765	7134
51199	0	0	0	0	8575	57350	0	8575	1797	6778
50662	0	0	0	0	9112	57275	0	9112	1755	7357
50873	0	0	0	0	8901	57145	0	8901	1764	7137
50760	0	0	0	0	9014	57230	0	9014	1767	7247
50781	0	0	0	0	8993	57138	0	8993	1781	7212
51078	0	0	0	0	8696	57242	0	8696	1754	6942
51521	0	0	0	0	8253	57126	0	8253	1784	6469
50858	0	0	0	0	8916	57238	0	8916	1778	7138
50725	0	0	0	0	9049	57180	0	9049	1752	7297
51103	0	0	0	0	8671	57132	0	8671	1786	6885
51105	0	0	0	0	8669	57272	0	8669	1789	6880
50766	0	0	0	0	9008	56896	0	9008	1765	7243
51241	0	0	0	0	8533	57243	0	8533	1770	6763
50737	0	0	0	0	9037	57205	0	9037	1761	7276
51238	0	0	0	0	8536	57215	0	8536	1767	6769
50950	0	0	0	0	8824	57071	0	8824	1786	7038
51668	0	0	0	0	8106	57266	0	8106	1775	6331
50974	0	0	0	0	8800	57205	0	8800	1756	7044
51005	0	0	0	0	8769	57269	0	8769	1755	7014
51613	0	0	0	0	8161	57294	0	8161	1797	6364
51008	0	0	0	0	8766	57301	0	8766	1776	6990
51038	0	0	0	0	8736	57298	0	8736	1778	6958
51629	0	0	0	0	8145	57023	0	8145	1759	6386
51015	0	0	0	0	8759	57325	0	8759	1807	6952
50727	0	0	0	0	9047	57221	0	9047	1784	7263
50923	0	0	0	0	8851	57213	0	8851	1784	7067
51005	0	0	0	0	8769	57028	0	8769	1761	7008
50967	0	0	0	0	8807	57260	0	8807	1787	7020
50815	0	0	0	0	8959	57314	0	8959	1781	7178
51950	0	0	0	0	7824	57280	0	7824	1768	6056
51086	0	0	0	0	8688	57310	0	8688	1792	6896
51143	0	0	0	0	8631	57123	0	8631	1794	6837
51040	0	0	0	0	8734	57246	0	8734	1751	6983
51287	0	0	0	0	8487	57233	0	8487	1793	6694
51472	0	0	0	0	8302	57097	0	8302	1754	6548
50413	0	0	0	0	9361	57272	0	9361	1815	7546
51072	0	0	0	0	8702	57071	0	8702	1756	6946
50830	0	0	0	0	8944	57337	0	8944	1755	7189
51230	0	0	0	0	8544	57016	0	8544	1779	6765
50837	0	0	0	0	8937	57160	0	8937	1771	7166
50973	0	0	0	0	8801	57268	0	8801	1756	7045
51636	0	0	0	0	8138	57247	0	8138	1773	6365
51111	0	0	0	0	8663	57327	0	8663	1783	6880
50856	0	0	0	0	8918	57001	0	8918	1749	7169
51169	0	0	0	0	8605	57303	0	8605	1794	6811
51195	0	0	0	0	8579	57044	0	8579	1769	6810
51690	0	0	0	0	8084	57028	0	8084	1777	6307
50726	0	0	0	0	9048	57258	0	9048	1760	7288
51126	0	0	0	0	8648	57450	0	8648	1804	6844
51473	0	0	0	0	8301	57121	0	8301	1764	6537
51042	0	0	0	0	8732	57260	0	8732	1789	6943
