59386	0	0	0	0	388	50431	50431	388	3	385
58949	0	0	0	0	825	52264	52264	825	3	822
58478	0	0	0	0	1296	57000	57000	1296	3	1293
58945	0	0	0	0	829	56725	56725	829	3	826
59339	0	0	0	0	435	52822	52822	435	3	432
58783	0	0	0	0	991	56775	56775	991	3	988
58908	0	0	0	0	866	51781	51781	866	3	863
58990	0	0	0	0	784	56680	56680	784	3	781
58684	0	0	0	0	1090	56459	56459	1090	3	1087
58744	0	0	0	0	1030	56563	56563	1030	3	1027
58917	0	0	0	0	857	55949	55949	857	3	854
58854	0	0	0	0	920	56296	56296	920	3	917
59178	0	0	0	0	596	56353	56353	596	3	593
58775	0	0	0	0	999	55816	55816	999	3	996
59181	0	0	0	0	593	52332	52332	593	3	590
59063	0	0	0	0	711	56788	56788	711	3	708
58665	0	0	0	0	1109	56433	56433	1109	3	1106
58405	0	0	0	0	1369	58202	58202	1369	3	1366
58856	0	0	0	0	918	49561	49561	918	3	915
59157	0	0	0	0	617	57219	57219	617	3	614
58671	0	0	0	0	1103	57257	57257	1103	3	1100
59028	0	0	0	0	746	55429	55429	746	3	743
58936	0	0	0	0	838	55854	55854	838	3	835
58985	0	0	0	0	789	56374	56374	789	3	786
58807	0	0	0	0	967	57374	57374	967	3	964
58435	0	0	0	0	1339	55843	55843	1339	3	1336
58636	0	0	0	0	1138	53466	53466	1138	3	1135
59087	0	0	0	0	687	53711	53711	687	3	684
58612	0	0	0	0	1162	55427	55427	1162	3	1159
58942	0	0	0	0	832	56389	56389	832	3	829
59024	0	0	0	0	750	56290	56290	750	3	747
58697	0	0	0	0	1077	56782	56782	1077	3	1074
59373	0	0	0	0	401	51096	51096	401	3	398
59137	0	0	0	0	637	55838	55838	637	3	634
58768	0	0	0	0	1006	54237	54237	1006	3	1003
58566	0	0	0	0	1208	54421	54421	1208	3	1205
59105	0	0	0	0	669	56626	56626	669	3	666
58835	0	0	0	0	939	55318	55318	939	3	936
58583	0	0	0	0	1191	56983	56983	1191	3	1188
58941	0	0	0	0	833	56280	56280	833	3	830
58977	0	0	0	0	797	56475	56475	797	3	794
58896	0	0	0	0	878	56526	56526	878	3	875
58598	0	0	0	0	1176	56519	56519	1176	3	1173
59210	0	0	0	0	564	52669	52669	564	3	561
58973	0	0	0	0	801	55870	55870	801	3	798
58543	0	0	0	0	1231	55332	55332	1231	3	1228
59071	0	0	0	0	703	56350	56350	703	3	700
59005	0	0	0	0	769	54713	54713	769	3	766
58389	0	0	0	0	1385	52743	52743	1385	3	1382
58451	0	0	0	0	1323	55446	55446	1323	3	1320
58672	0	0	0	0	1102	55832	55832	1102	3	1099
58903	0	0	0	0	871	56535	56535	871	3	868
58862	0	0	0	0	912	55243	55243	912	3	909
58764	0	0	0	0	1010	55469	55469	1010	3	1007
58905	0	0	0	0	869	57170	57170	869	3	866
59044	0	0	0	0	730	50484	50484	730	3	727
58780	0	0	0	0	994	56835	56835	994	3	991
59185	0	0	0	0	589	54169	54169	589	3	586
58852	0	0	0	0	922	54133	54133	922	3	919
58413	0	0	0	0	1361	55236	55236	1361	3	1358
58759	0	0	0	0	1015	56445	56445	1015	3	1012
59237	0	0	0	0	537	52899	52899	537	3	534
58600	0	0	0	0	1174	56902	56902	1174	3	1171
59221	0	0	0	0	553	54940	54940	553	3	550
58944	0	0	0	0	830	53723	53723	830	3	827
58897	0	0	0	0	877	56407	56407	877	3	874
58446	0	0	0	0	1328	56538	56538	1328	3	1325
59329	0	0	0	0	445	49199	49199	445	3	442
59108	0	0	0	0	666	51946	51946	666	3	663
58715	0	0	0	0	1059	56929	56929	1059	3	1056
59049	0	0	0	0	725	56844	56844	725	3	722
58699	0	0	0	0	1075	56836	56836	1075	3	1072
58830	0	0	0	0	944	52883	52883	944	3	941
59023	0	0	0	0	751	56516	56516	751	3	748
59148	0	0	0	0	626	55160	55160	626	3	623
59236	0	0	0	0	538	51888	51888	538	3	535
59039	0	0	0	0	735	56146	56146	735	3	732
59226	0	0	0	0	548	52730	52730	548	3	545
58713	0	0	0	0	1061	54852	54852	1061	3	1058
58742	0	0	0	0	1032	56204	56204	1032	3	1029
58756	0	0	0	0	1018	56556	56556	1018	3	1015
58722	0	0	0	0	1052	56774	56774	1052	3	1049
58678	0	0	0	0	1096	56833	56833	1096	3	1093
59165	0	0	0	0	609	50301	50301	609	3	606
58948	0	0	0	0	826	56946	56946	826	3	823
58879	0	0	0	0	895	56762	56762	895	3	892
58789	0	0	0	0	985	55667	55667	985	3	982
58720	0	0	0	0	1054	57196	57196	1054	3	1051
59023	0	0	0	0	751	55794	55794	751	3	748
59086	0	0	0	0	688	55812	55812	688	3	685
58999	0	0	0	0	775	55219	55219	775	3	772
58973	0	0	0	0	801	57002	57002	801	3	798
58990	0	0	0	0	784	54668	54668	784	3	781
58875	0	0	0	0	899	55202	55202	899	3	896
58988	0	0	0	0	786	56148	56148	786	3	783
58459	0	0	0	0	1315	56778	56778	1315	3	1312
58906	0	0	0	0	868	56738	56738	868	3	865
58803	0	0	0	0	971	56092	56092	971	3	968
58842	0	0	0	0	932	56517	56517	932	3	929
58874	0	0	0	0	900	55266	55266	900	3	897
59372	0	0	0	0	402	50058	50058	402	3	399
58938	0	0	0	0	836	56923	56923	836	3	833
58921	0	0	0	0	853	56374	56374	853	3	850
58560	0	0	0	0	1214	56095	56095	1214	3	1211
58968	0	0	0	0	806	51235	51235	806	3	803
58844	0	0	0	0	930	56360	56360	930	3	927
59185	0	0	0	0	589	56755	56755	589	3	586
58934	0	0	0	0	840	56876	56876	840	3	837
58830	0	0	0	0	944	55580	55580	944	3	941
58811	0	0	0	0	963	54808	54808	963	3	960
58945	0	0	0	0	829	55232	55232	829	3	826
59033	0	0	0	0	741	55765	55765	741	3	738
58919	0	0	0	0	855	54827	54827	855	3	852
59282	0	0	0	0	492	54822	54822	492	3	489
58968	0	0	0	0	806	56563	56563	806	3	803
58486	0	0	0	0	1288	56717	56717	1288	3	1285
59082	0	0	0	0	692	56499	56499	692	3	689
58717	0	0	0	0	1057	56384	56384	1057	3	1054
58840	0	0	0	0	934	56815	56815	934	3	931
58720	0	0	0	0	1054	53520	53520	1054	3	1051
58645	0	0	0	0	1129	56817	56817	1129	3	1126
58969	0	0	0	0	805	55367	55367	805	3	802
58865	0	0	0	0	909	57064	57064	909	3	906
58953	0	0	0	0	821	55511	55511	821	3	818
59022	0	0	0	0	752	56751	56751	752	3	749
58977	0	0	0	0	797	56234	56234	797	3	794
58635	0	0	0	0	1139	56577	56577	1139	3	1136
58951	0	0	0	0	823	56816	56816	823	3	820
58738	0	0	0	0	1036	56775	56775	1036	3	1033
59027	0	0	0	0	747	55972	55972	747	3	744
58787	0	0	0	0	987	56269	56269	987	3	984
58893	0	0	0	0	881	55951	55951	881	3	878
58803	0	0	0	0	971	56726	56726	971	3	968
58820	0	0	0	0	954	56428	56428	954	3	951
58881	0	0	0	0	893	53706	53706	893	3	890
58741	0	0	0	0	1033	56422	56422	1033	3	1030
59207	0	0	0	0	567	55367	55367	567	3	564
58479	0	0	0	0	1295	56854	56854	1295	3	1292
58856	0	0	0	0	918	54706	54706	918	3	915
58953	0	0	0	0	821	56065	56065	821	3	818
59263	0	0	0	0	511	50355	50355	511	3	508
58952	0	0	0	0	822	56731	56731	822	3	819
58987	0	0	0	0	787	56181	56181	787	3	784
59066	0	0	0	0	708	56428	56428	708	3	705
59061	0	0	0	0	713	53294	53294	713	3	710
59243	0	0	0	0	531	50293	50293	531	3	528
58811	0	0	0	0	963	56543	56543	963	3	960
59134	0	0	0	0	640	53620	53620	640	3	637
59179	0	0	0	0	595	54151	54151	595	3	592
59273	0	0	0	0	501	54205	54205	501	3	498
58852	0	0	0	0	922	56888	56888	922	3	919
58936	0	0	0	0	838	54814	54814	838	3	835
58382	0	0	0	0	1392	56687	56687	1392	3	1389
59308	0	0	0	0	466	53028	53028	466	3	463
58832	0	0	0	0	942	56411	56411	942	3	939
58848	0	0	0	0	926	55907	55907	926	3	923
59140	0	0	0	0	634	57286	57286	634	3	631
58879	0	0	0	0	895	57584	57584	895	3	892
59230	0	0	0	0	544	55227	55227	544	3	541
59068	0	0	0	0	706	56445	56445	706	3	703
59181	0	0	0	0	593	53654	53654	593	3	590
59176	0	0	0	0	598	55974	55974	598	3	595
59150	0	0	0	0	624	56443	56443	624	3	621
58874	0	0	0	0	900	55705	55705	900	3	897
58668	0	0	0	0	1106	55376	55376	1106	3	1103
58988	0	0	0	0	786	56275	56275	786	3	783
58898	0	0	0	0	876	56660	56660	876	3	873
58951	0	0	0	0	823	56059	56059	823	3	820
58623	0	0	0	0	1151	55691	55691	1151	3	1148
58795	0	0	0	0	979	56965	56965	979	3	976
58728	0	0	0	0	1046	56460	56460	1046	3	1043
59122	0	0	0	0	652	55470	55470	652	3	649
59123	0	0	0	0	651	54387	54387	651	3	648
58785	0	0	0	0	989	56457	56457	989	3	986
58904	0	0	0	0	870	55172	55172	870	3	867
58858	0	0	0	0	916	56344	56344	916	3	913
59027	0	0	0	0	747	55409	55409	747	3	744
58573	0	0	0	0	1201	56943	56943	1201	3	1198
59049	0	0	0	0	725	56859	56859	725	3	722
58615	0	0	0	0	1159	56704	56704	1159	3	1156
59115	0	0	0	0	659	52609	52609	659	3	656
58755	0	0	0	0	1019	56464	56464	1019	3	1016
58598	0	0	0	0	1176	56605	56605	1176	3	1173
59012	0	0	0	0	762	56459	56459	762	3	759
58654	0	0	0	0	1120	55989	55989	1120	3	1117
59043	0	0	0	0	731	56617	56617	731	3	728
59058	0	0	0	0	716	48566	48566	716	3	713
58768	0	0	0	0	1006	53526	53526	1006	3	1003
59095	0	0	0	0	679	54616	54616	679	3	676
59026	0	0	0	0	748	56035	56035	748	3	745
58790	0	0	0	0	984	56418	56418	984	3	981
59120	0	0	0	0	654	57116	57116	654	3	651
58674	0	0	0	0	1100	54750	54750	1100	3	1097
58993	0	0	0	0	781	56402	56402	781	3	778
59190	0	0	0	0	584	51730	51730	584	3	581
58524	0	0	0	0	1250	56814	56814	1250	3	1247
58596	0	0	0	0	1178	56277	56277	1178	3	1175
58831	0	0	0	0	943	56800	56800	943	3	940
58917	0	0	0	0	857	56337	56337	857	3	854
59117	0	0	0	0	657	54728	54728	657	3	654
59109	0	0	0	0	665	56107	56107	665	3	662
59125	0	0	0	0	649	56562	56562	649	3	646
58627	0	0	0	0	1147	54784	54784	1147	3	1144
59331	0	0	0	0	443	53983	53983	443	3	440
59013	0	0	0	0	761	56936	56936	761	3	758
59171	0	0	0	0	603	56509	56509	603	3	600
58726	0	0	0	0	1048	55941	55941	1048	3	1045
58818	0	0	0	0	956	56789	56789	956	3	953
58962	0	0	0	0	812	56652	56652	812	3	809
58612	0	0	0	0	1162	55664	55664	1162	3	1159
58909	0	0	0	0	865	56849	56849	865	3	862
58763	0	0	0	0	1011	56703	56703	1011	3	1008
59525	0	0	0	0	249	46148	46148	249	3	246
59266	0	0	0	0	508	50424	50424	508	3	505
59118	0	0	0	0	656	52511	52511	656	3	653
58929	0	0	0	0	845	55593	55593	845	3	842
58792	0	0	0	0	982	57313	57313	982	3	979
58515	0	0	0	0	1259	57288	57288	1259	3	1256
59065	0	0	0	0	709	56256	56256	709	3	706
58696	0	0	0	0	1078	56913	56913	1078	3	1075
58949	0	0	0	0	825	56382	56382	825	3	822
59255	0	0	0	0	519	55313	55313	519	3	516
58956	0	0	0	0	818	56669	56669	818	3	815
58708	0	0	0	0	1066	55114	55114	1066	3	1063
58840	0	0	0	0	934	55112	55112	934	3	931
59082	0	0	0	0	692	55012	55012	692	3	689
59019	0	0	0	0	755	56323	56323	755	3	752
58917	0	0	0	0	857	56997	56997	857	3	854
58909	0	0	0	0	865	56605	56605	865	3	862
58872	0	0	0	0	902	51656	51656	902	3	899
59051	0	0	0	0	723	55975	55975	723	3	720
58819	0	0	0	0	955	55473	55473	955	3	952
58739	0	0	0	0	1035	57082	57082	1035	3	1032
58631	0	0	0	0	1143	56459	56459	1143	3	1140
58865	0	0	0	0	909	55683	55683	909	3	906
58652	0	0	0	0	1122	56744	56744	1122	3	1119
59072	0	0	0	0	702	55807	55807	702	3	699
59199	0	0	0	0	575	55840	55840	575	3	572
58663	0	0	0	0	1111	56588	56588	1111	3	1108
58896	0	0	0	0	878	56832	56832	878	3	875
58840	0	0	0	0	934	56515	56515	934	3	931
58816	0	0	0	0	958	56688	56688	958	3	955
58520	0	0	0	0	1254	57072	57072	1254	3	1251
58905	0	0	0	0	869	54767	54767	869	3	866
58676	0	0	0	0	1098	52019	52019	1098	3	1095
58340	0	0	0	0	1434	57209	57209	1434	3	1431
58688	0	0	0	0	1086	56870	56870	1086	3	1083
58653	0	0	0	0	1121	57494	57494	1121	3	1118
58782	0	0	0	0	992	54639	54639	992	3	989
59057	0	0	0	0	717	52136	52136	717	3	714
59360	0	0	0	0	414	51649	51649	414	3	411
58698	0	0	0	0	1076	55909	55909	1076	3	1073
59046	0	0	0	0	728	56038	56038	728	3	725
58804	0	0	0	0	970	56101	56101	970	3	967
58676	0	0	0	0	1098	56022	56022	1098	3	1095
58841	0	0	0	0	933	55780	55780	933	3	930
58830	0	0	0	0	944	55504	55504	944	3	941
58813	0	0	0	0	961	56478	56478	961	3	958
58593	0	0	0	0	1181	56607	56607	1181	3	1178
59592	0	0	0	0	182	45243	45243	182	3	179
58990	0	0	0	0	784	56428	56428	784	3	781
58969	0	0	0	0	805	56701	56701	805	3	802
58785	0	0	0	0	989	56769	56769	989	3	986
59196	0	0	0	0	578	52735	52735	578	3	575
58707	0	0	0	0	1067	56393	56393	1067	3	1064
59232	0	0	0	0	542	55697	55697	542	3	539
59210	0	0	0	0	564	53022	53022	564	3	561
59135	0	0	0	0	639	55697	55697	639	3	636
59143	0	0	0	0	631	56044	56044	631	3	628
58933	0	0	0	0	841	56289	56289	841	3	838
58854	0	0	0	0	920	55733	55733	920	3	917
58874	0	0	0	0	900	56270	56270	900	3	897
58636	0	0	0	0	1138	57293	57293	1138	3	1135
58352	0	0	0	0	1422	57370	57370	1422	3	1419
59147	0	0	0	0	627	51425	51425	627	3	624
58692	0	0	0	0	1082	56595	56595	1082	3	1079
58995	0	0	0	0	779	56269	56269	779	3	776
58423	0	0	0	0	1351	55291	55291	1351	3	1348
58900	0	0	0	0	874	50505	50505	874	3	871
58847	0	0	0	0	927	51913	51913	927	3	924
58739	0	0	0	0	1035	56068	56068	1035	3	1032
58918	0	0	0	0	856	53580	53580	856	3	853
58966	0	0	0	0	808	56473	56473	808	3	805
58825	0	0	0	0	949	54387	54387	949	3	946
58603	0	0	0	0	1171	56206	56206	1171	3	1168
59098	0	0	0	0	676	53373	53373	676	3	673
58992	0	0	0	0	782	56525	56525	782	3	779
58903	0	0	0	0	871	56673	56673	871	3	868
59216	0	0	0	0	558	51262	51262	558	3	555
58778	0	0	0	0	996	56302	56302	996	3	993
58606	0	0	0	0	1168	54916	54916	1168	3	1165
58970	0	0	0	0	804	55971	55971	804	3	801
59069	0	0	0	0	705	56578	56578	705	3	702
58624	0	0	0	0	1150	55620	55620	1150	3	1147
58904	0	0	0	0	870	57427	57427	870	3	867
58823	0	0	0	0	951	56553	56553	951	3	948
59182	0	0	0	0	592	57340	57340	592	3	589
58992	0	0	0	0	782	52373	52373	782	3	779
58742	0	0	0	0	1032	54443	54443	1032	3	1029
58806	0	0	0	0	968	56172	56172	968	3	965
58822	0	0	0	0	952	56018	56018	952	3	949
58672	0	0	0	0	1102	55320	55320	1102	3	1099
59168	0	0	0	0	606	55647	55647	606	3	603
58651	0	0	0	0	1123	54989	54989	1123	3	1120
58928	0	0	0	0	846	57239	57239	846	3	843
59094	0	0	0	0	680	54305	54305	680	3	677
58757	0	0	0	0	1017	54370	54370	1017	3	1014
59115	0	0	0	0	659	55757	55757	659	3	656
59120	0	0	0	0	654	54568	54568	654	3	651
59056	0	0	0	0	718	56507	56507	718	3	715
58424	0	0	0	0	1350	57154	57154	1350	3	1347
59013	0	0	0	0	761	54410	54410	761	3	758
58908	0	0	0	0	866	55810	55810	866	3	863
59350	0	0	0	0	424	50547	50547	424	3	421
58802	0	0	0	0	972	56562	56562	972	3	969
58928	0	0	0	0	846	55742	55742	846	3	843
58907	0	0	0	0	867	56949	56949	867	3	864
58829	0	0	0	0	945	56840	56840	945	3	942
58991	0	0	0	0	783	56711	56711	783	3	780
59156	0	0	0	0	618	55519	55519	618	3	615
59110	0	0	0	0	664	54189	54189	664	3	661
58988	0	0	0	0	786	56557	56557	786	3	783
58704	0	0	0	0	1070	55332	55332	1070	3	1067
58549	0	0	0	0	1225	56432	56432	1225	3	1222
58972	0	0	0	0	802	50247	50247	802	3	799
58473	0	0	0	0	1301	56565	56565	1301	3	1298
58717	0	0	0	0	1057	56697	56697	1057	3	1054
58936	0	0	0	0	838	56734	56734	838	3	835
59003	0	0	0	0	771	49828	49828	771	3	768
58524	0	0	0	0	1250	57098	57098	1250	3	1247
59047	0	0	0	0	727	56546	56546	727	3	724
58677	0	0	0	0	1097	56178	56178	1097	3	1094
58933	0	0	0	0	841	56834	56834	841	3	838
59229	0	0	0	0	545	55995	55995	545	3	542
58772	0	0	0	0	1002	56524	56524	1002	3	999
58853	0	0	0	0	921	56512	56512	921	3	918
58389	0	0	0	0	1385	56160	56160	1385	3	1382
58900	0	0	0	0	874	56563	56563	874	3	871
59119	0	0	0	0	655	56763	56763	655	3	652
59001	0	0	0	0	773	55548	55548	773	3	770
59128	0	0	0	0	646	56069	56069	646	3	643
58762	0	0	0	0	1012	56426	56426	1012	3	1009
59185	0	0	0	0	589	56678	56678	589	3	586
58838	0	0	0	0	936	53219	53219	936	3	933
59164	0	0	0	0	610	51878	51878	610	3	607
59220	0	0	0	0	554	56573	56573	554	3	551
59022	0	0	0	0	752	53796	53796	752	3	749
58873	0	0	0	0	901	56076	56076	901	3	898
59019	0	0	0	0	755	56962	56962	755	3	752
59338	0	0	0	0	436	54696	54696	436	3	433
58856	0	0	0	0	918	57052	57052	918	3	915
59138	0	0	0	0	636	52892	52892	636	3	633
58824	0	0	0	0	950	56980	56980	950	3	947
58769	0	0	0	0	1005	56730	56730	1005	3	1002
59048	0	0	0	0	726	56452	56452	726	3	723
58942	0	0	0	0	832	56471	56471	832	3	829
59226	0	0	0	0	548	53126	53126	548	3	545
59318	0	0	0	0	456	51572	51572	456	3	453
58924	0	0	0	0	850	56508	56508	850	3	847
59299	0	0	0	0	475	52866	52866	475	3	472
58734	0	0	0	0	1040	56987	56987	1040	3	1037
59003	0	0	0	0	771	55238	55238	771	3	768
59111	0	0	0	0	663	50780	50780	663	3	660
58998	0	0	0	0	776	55844	55844	776	3	773
58787	0	0	0	0	987	57195	57195	987	3	984
59024	0	0	0	0	750	55519	55519	750	3	747
59268	0	0	0	0	506	56842	56842	506	3	503
59058	0	0	0	0	716	56008	56008	716	3	713
58618	0	0	0	0	1156	56845	56845	1156	3	1153
59220	0	0	0	0	554	55438	55438	554	3	551
58769	0	0	0	0	1005	56309	56309	1005	3	1002
59049	0	0	0	0	725	56578	56578	725	3	722
58856	0	0	0	0	918	56807	56807	918	3	915
58637	0	0	0	0	1137	55672	55672	1137	3	1134
58661	0	0	0	0	1113	54794	54794	1113	3	1110
59117	0	0	0	0	657	55287	55287	657	3	654
58693	0	0	0	0	1081	57617	57617	1081	3	1078
59269	0	0	0	0	505	55103	55103	505	3	502
58826	0	0	0	0	948	57290	57290	948	3	945
59053	0	0	0	0	721	55772	55772	721	3	718
58581	0	0	0	0	1193	56425	56425	1193	3	1190
59308	0	0	0	0	466	52189	52189	466	3	463
59109	0	0	0	0	665	56425	56425	665	3	662
59056	0	0	0	0	718	56365	56365	718	3	715
59205	0	0	0	0	569	51308	51308	569	3	566
59005	0	0	0	0	769	56750	56750	769	3	766
58935	0	0	0	0	839	56851	56851	839	3	836
58864	0	0	0	0	910	56525	56525	910	3	907
59275	0	0	0	0	499	50557	50557	499	3	496
59172	0	0	0	0	602	56512	56512	602	3	599
58997	0	0	0	0	777	56914	56914	777	3	774
58590	0	0	0	0	1184	53446	53446	1184	3	1181
59246	0	0	0	0	528	50866	50866	528	3	525
58789	0	0	0	0	985	50426	50426	985	3	982
59017	0	0	0	0	757	56050	56050	757	3	754
59229	0	0	0	0	545	56072	56072	545	3	542
58587	0	0	0	0	1187	56549	56549	1187	3	1184
58441	0	0	0	0	1333	56126	56126	1333	3	1330
59122	0	0	0	0	652	57366	57366	652	3	649
58915	0	0	0	0	859	55563	55563	859	3	856
58841	0	0	0	0	933	56597	56597	933	3	930
59075	0	0	0	0	699	55460	55460	699	3	696
58748	0	0	0	0	1026	53252	53252	1026	3	1023
58905	0	0	0	0	869	56197	56197	869	3	866
59028	0	0	0	0	746	57067	57067	746	3	743
59201	0	0	0	0	573	55794	55794	573	3	570
59249	0	0	0	0	525	52682	52682	525	3	522
58896	0	0	0	0	878	56734	56734	878	3	875
59161	0	0	0	0	613	51616	51616	613	3	610
58504	0	0	0	0	1270	56535	56535	1270	3	1267
58633	0	0	0	0	1141	56931	56931	1141	3	1138
58984	0	0	0	0	790	54332	54332	790	3	787
58648	0	0	0	0	1126	56228	56228	1126	3	1123
58834	0	0	0	0	940	57352	57352	940	3	937
59152	0	0	0	0	622	54690	54690	622	3	619
58853	0	0	0	0	921	56539	56539	921	3	918
58608	0	0	0	0	1166	57747	57747	1166	3	1163
58867	0	0	0	0	907	56339	56339	907	3	904
59004	0	0	0	0	770	55091	55091	770	3	767
58930	0	0	0	0	844	57505	57505	844	3	841
58993	0	0	0	0	781	55923	55923	781	3	778
59196	0	0	0	0	578	50518	50518	578	3	575
58571	0	0	0	0	1203	56058	56058	1203	3	1200
59068	0	0	0	0	706	54806	54806	706	3	703
59090	0	0	0	0	684	52499	52499	684	3	681
59073	0	0	0	0	701	51636	51636	701	3	698
59031	0	0	0	0	743	56331	56331	743	3	740
58010	0	0	0	0	1764	55389	55389	1764	3	1761
59023	0	0	0	0	751	54075	54075	751	3	748
58611	0	0	0	0	1163	55543	55543	1163	3	1160
59122	0	0	0	0	652	55910	55910	652	3	649
58852	0	0	0	0	922	56926	56926	922	3	919
58804	0	0	0	0	970	55592	55592	970	3	967
59172	0	0	0	0	602	55766	55766	602	3	599
58743	0	0	0	0	1031	56775	56775	1031	3	1028
59048	0	0	0	0	726	55361	55361	726	3	723
59122	0	0	0	0	652	56100	56100	652	3	649
58711	0	0	0	0	1063	56588	56588	1063	3	1060
59197	0	0	0	0	577	51868	51868	577	3	574
59143	0	0	0	0	631	56736	56736	631	3	628
58919	0	0	0	0	855	56783	56783	855	3	852
58762	0	0	0	0	1012	55825	55825	1012	3	1009
59031	0	0	0	0	743	54344	54344	743	3	740
59069	0	0	0	0	705	54302	54302	705	3	702
58932	0	0	0	0	842	55534	55534	842	3	839
59068	0	0	0	0	706	57295	57295	706	3	703
58142	0	0	0	0	1632	56475	56475	1632	3	1629
58586	0	0	0	0	1188	56099	56099	1188	3	1185
58809	0	0	0	0	965	53990	53990	965	3	962
59024	0	0	0	0	750	57337	57337	750	3	747
59123	0	0	0	0	651	49403	49403	651	3	648
59018	0	0	0	0	756	55600	55600	756	3	753
58473	0	0	0	0	1301	58257	58257	1301	3	1298
58654	0	0	0	0	1120	56361	56361	1120	3	1117
58504	0	0	0	0	1270	56869	56869	1270	3	1267
58861	0	0	0	0	913	56983	56983	913	3	910
59048	0	0	0	0	726	55581	55581	726	3	723
58925	0	0	0	0	849	56632	56632	849	3	846
58832	0	0	0	0	942	57480	57480	942	3	939
59381	0	0	0	0	393	48616	48616	393	3	390
59031	0	0	0	0	743	52201	52201	743	3	740
58667	0	0	0	0	1107	55630	55630	1107	3	1104
58915	0	0	0	0	859	56916	56916	859	3	856
59333	0	0	0	0	441	56482	56482	441	3	438
58715	0	0	0	0	1059	56387	56387	1059	3	1056
58773	0	0	0	0	1001	56282	56282	1001	3	998
59214	0	0	0	0	560	56202	56202	560	3	557
58883	0	0	0	0	891	56650	56650	891	3	888
58629	0	0	0	0	1145	54754	54754	1145	3	1142
59199	0	0	0	0	575	54875	54875	575	3	572
58830	0	0	0	0	944	56967	56967	944	3	941
58739	0	0	0	0	1035	55622	55622	1035	3	1032
58933	0	0	0	0	841	56798	56798	841	3	838
59174	0	0	0	0	600	54314	54314	600	3	597
58838	0	0	0	0	936	53324	53324	936	3	933
58867	0	0	0	0	907	56651	56651	907	3	904
59010	0	0	0	0	764	53758	53758	764	3	761
58251	0	0	0	0	1523	56716	56716	1523	3	1520
58990	0	0	0	0	784	53727	53727	784	3	781
59244	0	0	0	0	530	56807	56807	530	3	527
59169	0	0	0	0	605	55753	55753	605	3	602
59022	0	0	0	0	752	54874	54874	752	3	749
58938	0	0	0	0	836	52842	52842	836	3	833
59098	0	0	0	0	676	56866	56866	676	3	673
58667	0	0	0	0	1107	55737	55737	1107	3	1104
58824	0	0	0	0	950	55956	55956	950	3	947
58556	0	0	0	0	1218	56919	56919	1218	3	1215
59139	0	0	0	0	635	56601	56601	635	3	632
59439	0	0	0	0	335	50236	50236	335	3	332
59045	0	0	0	0	729	50182	50182	729	3	726
59169	0	0	0	0	605	54319	54319	605	3	602
58873	0	0	0	0	901	56848	56848	901	3	898
58661	0	0	0	0	1113	56363	56363	1113	3	1110
59038	0	0	0	0	736	54552	54552	736	3	733
58674	0	0	0	0	1100	56666	56666	1100	3	1097
58810	0	0	0	0	964	56116	56116	964	3	961
59055	0	0	0	0	719	55810	55810	719	3	716
58883	0	0	0	0	891	55503	55503	891	3	888
59013	0	0	0	0	761	56617	56617	761	3	758
59221	0	0	0	0	553	56789	56789	553	3	550
