14674	0	0	0	0	45100	58157	0	45100	3	45097
14622	0	0	0	0	45152	58096	0	45152	3	45149
13968	0	0	0	0	45806	58844	0	45806	3	45803
15352	0	0	0	0	44422	58910	0	44422	3	44419
14309	0	0	0	0	45465	58331	0	45465	3	45462
13763	0	0	0	0	46011	58156	0	46011	3	46008
15480	0	0	0	0	44294	58211	0	44294	3	44291
14194	0	0	0	0	45580	58813	0	45580	3	45577
14136	0	0	0	0	45638	58919	0	45638	3	45635
14494	0	0	0	0	45280	58869	0	45280	3	45277
14036	0	0	0	0	45738	59430	0	45738	3	45735
15051	0	0	0	0	44723	59153	0	44723	3	44720
14819	0	0	0	0	44955	58287	0	44955	3	44952
14462	0	0	0	0	45312	58966	0	45312	3	45309
14389	0	0	0	0	45385	58852	0	45385	3	45382
14182	0	0	0	0	45592	58098	0	45592	3	45589
13717	0	0	0	0	46057	58908	0	46057	3	46054
14840	0	0	0	0	44934	59078	0	44934	3	44931
14199	0	0	0	0	45575	58986	0	45575	3	45572
15137	0	0	0	0	44637	58907	0	44637	3	44634
15182	0	0	0	0	44592	58965	0	44592	3	44589
14301	0	0	0	0	45473	58934	0	45473	3	45470
14699	0	0	0	0	45075	58782	0	45075	3	45072
14055	0	0	0	0	45719	59126	0	45719	3	45716
15230	0	0	0	0	44544	58901	0	44544	3	44541
14575	0	0	0	0	45199	58909	0	45199	3	45196
15056	0	0	0	0	44718	58920	0	44718	3	44715
14039	0	0	0	0	45735	58057	0	45735	3	45732
15675	0	0	0	0	44099	58843	0	44099	3	44096
14317	0	0	0	0	45457	59004	0	45457	3	45454
15334	0	0	0	0	44440	58103	0	44440	3	44437
14857	0	0	0	0	44917	58912	0	44917	3	44914
14264	0	0	0	0	45510	58185	0	45510	3	45507
13865	0	0	0	0	45909	58844	0	45909	3	45906
14392	0	0	0	0	45382	58867	0	45382	3	45379
14271	0	0	0	0	45503	58875	0	45503	3	45500
14014	0	0	0	0	45760	58244	0	45760	3	45757
14973	0	0	0	0	44801	58412	0	44801	3	44798
14766	0	0	0	0	45008	58984	0	45008	3	45005
13853	0	0	0	0	45921	58033	0	45921	3	45918
14703	0	0	0	0	45071	59214	0	45071	3	45068
13623	0	0	0	0	46151	58861	0	46151	3	46148
15429	0	0	0	0	44345	58089	0	44345	3	44342
14796	0	0	0	0	44978	58028	0	44978	3	44975
14662	0	0	0	0	45112	58397	0	45112	3	45109
13955	0	0	0	0	45819	58846	0	45819	3	45816
15347	0	0	0	0	44427	58898	0	44427	3	44424
14534	0	0	0	0	45240	58805	0	45240	3	45237
14835	0	0	0	0	44939	58152	0	44939	3	44936
14965	0	0	0	0	44809	58842	0	44809	3	44806
14733	0	0	0	0	45041	58195	0	45041	3	45038
15251	0	0	0	0	44523	59000	0	44523	3	44520
14840	0	0	0	0	44934	58940	0	44934	3	44931
14730	0	0	0	0	45044	58972	0	45044	3	45041
14728	0	0	0	0	45046	58872	0	45046	3	45043
15045	0	0	0	0	44729	58936	0	44729	3	44726
14598	0	0	0	0	45176	59235	0	45176	3	45173
14203	0	0	0	0	45571	58970	0	45571	3	45568
15578	0	0	0	0	44196	58117	0	44196	3	44193
14540	0	0	0	0	45234	59145	0	45234	3	45231
14255	0	0	0	0	45519	58081	0	45519	3	45516
14815	0	0	0	0	44959	58173	0	44959	3	44956
15537	0	0	0	0	44237	58941	0	44237	3	44234
14598	0	0	0	0	45176	58944	0	45176	3	45173
14565	0	0	0	0	45209	59033	0	45209	3	45206
14739	0	0	0	0	45035	58161	0	45035	3	45032
13999	0	0	0	0	45775	58821	0	45775	3	45772
14628	0	0	0	0	45146	58761	0	45146	3	45143
13925	0	0	0	0	45849	58857	0	45849	3	45846
15379	0	0	0	0	44395	58182	0	44395	3	44392
14617	0	0	0	0	45157	58917	0	45157	3	45154
14492	0	0	0	0	45282	59005	0	45282	3	45279
14349	0	0	0	0	45425	58888	0	45425	3	45422
14543	0	0	0	0	45231	58285	0	45231	3	45228
14264	0	0	0	0	45510	58947	0	45510	3	45507
14580	0	0	0	0	45194	58840	0	45194	3	45191
13073	0	0	0	0	46701	58941	0	46701	3	46698
14455	0	0	0	0	45319	59119	0	45319	3	45316
14617	0	0	0	0	45157	58910	0	45157	3	45154
14936	0	0	0	0	44838	58790	0	44838	3	44835
15489	0	0	0	0	44285	58092	0	44285	3	44282
14049	0	0	0	0	45725	58856	0	45725	3	45722
15486	0	0	0	0	44288	59136	0	44288	3	44285
15299	0	0	0	0	44475	58032	0	44475	3	44472
13828	0	0	0	0	45946	59207	0	45946	3	45943
14460	0	0	0	0	45314	58105	0	45314	3	45311
14296	0	0	0	0	45478	58267	0	45478	3	45475
15849	0	0	0	0	43925	58337	0	43925	3	43922
13768	0	0	0	0	46006	58920	0	46006	3	46003
13862	0	0	0	0	45912	58799	0	45912	3	45909
14655	0	0	0	0	45119	58810	0	45119	3	45116
14314	0	0	0	0	45460	58920	0	45460	3	45457
16392	0	0	0	0	43382	58322	0	43382	3	43379
15298	0	0	0	0	44476	58138	0	44476	3	44473
13809	0	0	0	0	45965	58854	0	45965	3	45962
14395	0	0	0	0	45379	59037	0	45379	3	45376
14814	0	0	0	0	44960	59138	0	44960	3	44957
14692	0	0	0	0	45082	58177	0	45082	3	45079
14890	0	0	0	0	44884	58077	0	44884	3	44881
15154	0	0	0	0	44620	59014	0	44620	3	44617
14847	0	0	0	0	44927	59277	0	44927	3	44924
15831	0	0	0	0	43943	58964	0	43943	3	43940
14428	0	0	0	0	45346	59215	0	45346	3	45343
14297	0	0	0	0	45477	58853	0	45477	3	45474
14894	0	0	0	0	44880	58190	0	44880	3	44877
14082	0	0	0	0	45692	58756	0	45692	3	45689
15000	0	0	0	0	44774	59159	0	44774	3	44771
14082	0	0	0	0	45692	59015	0	45692	3	45689
15546	0	0	0	0	44228	58994	0	44228	3	44225
14574	0	0	0	0	45200	58914	0	45200	3	45197
14960	0	0	0	0	44814	58216	0	44814	3	44811
14869	0	0	0	0	44905	57981	0	44905	3	44902
14443	0	0	0	0	45331	58925	0	45331	3	45328
14292	0	0	0	0	45482	58899	0	45482	3	45479
15525	0	0	0	0	44249	58910	0	44249	3	44246
14574	0	0	0	0	45200	59028	0	45200	3	45197
15238	0	0	0	0	44536	58901	0	44536	3	44533
14705	0	0	0	0	45069	58956	0	45069	3	45066
14769	0	0	0	0	45005	59272	0	45005	3	45002
14038	0	0	0	0	45736	59060	0	45736	3	45733
13612	0	0	0	0	46162	58960	0	46162	3	46159
15285	0	0	0	0	44489	58191	0	44489	3	44486
15512	0	0	0	0	44262	59201	0	44262	3	44259
14245	0	0	0	0	45529	58758	0	45529	3	45526
14144	0	0	0	0	45630	58040	0	45630	3	45627
16131	0	0	0	0	43643	58951	0	43643	3	43640
15829	0	0	0	0	43945	59018	0	43945	3	43942
14819	0	0	0	0	44955	59222	0	44955	3	44952
13113	0	0	0	0	46661	58959	0	46661	3	46658
14011	0	0	0	0	45763	58991	0	45763	3	45760
15408	0	0	0	0	44366	59365	0	44366	3	44363
13924	0	0	0	0	45850	59001	0	45850	3	45847
14651	0	0	0	0	45123	59059	0	45123	3	45120
14723	0	0	0	0	45051	58887	0	45051	3	45048
14371	0	0	0	0	45403	58878	0	45403	3	45400
14350	0	0	0	0	45424	58372	0	45424	3	45421
13889	0	0	0	0	45885	59188	0	45885	3	45882
14988	0	0	0	0	44786	58813	0	44786	3	44783
14481	0	0	0	0	45293	58939	0	45293	3	45290
14846	0	0	0	0	44928	59243	0	44928	3	44925
15464	0	0	0	0	44310	58214	0	44310	3	44307
15260	0	0	0	0	44514	59172	0	44514	3	44511
14973	0	0	0	0	44801	58073	0	44801	3	44798
14492	0	0	0	0	45282	59089	0	45282	3	45279
14681	0	0	0	0	45093	58862	0	45093	3	45090
13896	0	0	0	0	45878	58922	0	45878	3	45875
14529	0	0	0	0	45245	58415	0	45245	3	45242
14291	0	0	0	0	45483	58913	0	45483	3	45480
13693	0	0	0	0	46081	58933	0	46081	3	46078
15833	0	0	0	0	43941	58165	0	43941	3	43938
15569	0	0	0	0	44205	58846	0	44205	3	44202
14808	0	0	0	0	44966	58340	0	44966	3	44963
14077	0	0	0	0	45697	58840	0	45697	3	45694
14433	0	0	0	0	45341	58903	0	45341	3	45338
14209	0	0	0	0	45565	58987	0	45565	3	45562
14492	0	0	0	0	45282	58912	0	45282	3	45279
14956	0	0	0	0	44818	59182	0	44818	3	44815
14459	0	0	0	0	45315	58831	0	45315	3	45312
14243	0	0	0	0	45531	58832	0	45531	3	45528
13598	0	0	0	0	46176	58031	0	46176	3	46173
14611	0	0	0	0	45163	58236	0	45163	3	45160
14739	0	0	0	0	45035	59029	0	45035	3	45032
14687	0	0	0	0	45087	59218	0	45087	3	45084
15226	0	0	0	0	44548	58948	0	44548	3	44545
15221	0	0	0	0	44553	58903	0	44553	3	44550
14725	0	0	0	0	45049	58961	0	45049	3	45046
15044	0	0	0	0	44730	58153	0	44730	3	44727
14887	0	0	0	0	44887	58011	0	44887	3	44884
16022	0	0	0	0	43752	58360	0	43752	3	43749
13837	0	0	0	0	45937	58891	0	45937	3	45934
14516	0	0	0	0	45258	58937	0	45258	3	45255
14288	0	0	0	0	45486	58796	0	45486	3	45483
14470	0	0	0	0	45304	59169	0	45304	3	45301
14243	0	0	0	0	45531	58338	0	45531	3	45528
13725	0	0	0	0	46049	58796	0	46049	3	46046
14935	0	0	0	0	44839	58377	0	44839	3	44836
15281	0	0	0	0	44493	58202	0	44493	3	44490
13843	0	0	0	0	45931	58962	0	45931	3	45928
14757	0	0	0	0	45017	59124	0	45017	3	45014
13848	0	0	0	0	45926	58123	0	45926	3	45923
14083	0	0	0	0	45691	58914	0	45691	3	45688
14381	0	0	0	0	45393	58852	0	45393	3	45390
14607	0	0	0	0	45167	58962	0	45167	3	45164
16260	0	0	0	0	43514	58073	0	43514	3	43511
15314	0	0	0	0	44460	58001	0	44460	3	44457
14630	0	0	0	0	45144	58877	0	45144	3	45141
15106	0	0	0	0	44668	58801	0	44668	3	44665
14522	0	0	0	0	45252	58852	0	45252	3	45249
14003	0	0	0	0	45771	58969	0	45771	3	45768
14039	0	0	0	0	45735	58847	0	45735	3	45732
15197	0	0	0	0	44577	58814	0	44577	3	44574
14563	0	0	0	0	45211	58998	0	45211	3	45208
14128	0	0	0	0	45646	59019	0	45646	3	45643
14420	0	0	0	0	45354	59073	0	45354	3	45351
14997	0	0	0	0	44777	57960	0	44777	3	44774
14177	0	0	0	0	45597	58896	0	45597	3	45594
15398	0	0	0	0	44376	59191	0	44376	3	44373
14610	0	0	0	0	45164	58243	0	45164	3	45161
14077	0	0	0	0	45697	59000	0	45697	3	45694
14780	0	0	0	0	44994	58324	0	44994	3	44991
14864	0	0	0	0	44910	58153	0	44910	3	44907
14830	0	0	0	0	44944	59044	0	44944	3	44941
14076	0	0	0	0	45698	58876	0	45698	3	45695
14431	0	0	0	0	45343	58952	0	45343	3	45340
14348	0	0	0	0	45426	58080	0	45426	3	45423
15551	0	0	0	0	44223	58747	0	44223	3	44220
14317	0	0	0	0	45457	59208	0	45457	3	45454
14533	0	0	0	0	45241	58845	0	45241	3	45238
14195	0	0	0	0	45579	59005	0	45579	3	45576
13656	0	0	0	0	46118	58872	0	46118	3	46115
14616	0	0	0	0	45158	58874	0	45158	3	45155
14420	0	0	0	0	45354	58928	0	45354	3	45351
15086	0	0	0	0	44688	58017	0	44688	3	44685
14611	0	0	0	0	45163	58977	0	45163	3	45160
15013	0	0	0	0	44761	58081	0	44761	3	44758
15670	0	0	0	0	44104	57960	0	44104	3	44101
15230	0	0	0	0	44544	58096	0	44544	3	44541
14956	0	0	0	0	44818	58847	0	44818	3	44815
14578	0	0	0	0	45196	58156	0	45196	3	45193
15549	0	0	0	0	44225	59071	0	44225	3	44222
13896	0	0	0	0	45878	58767	0	45878	3	45875
13108	0	0	0	0	46666	59060	0	46666	3	46663
14829	0	0	0	0	44945	58079	0	44945	3	44942
15578	0	0	0	0	44196	58076	0	44196	3	44193
14505	0	0	0	0	45269	58928	0	45269	3	45266
14348	0	0	0	0	45426	58848	0	45426	3	45423
15138	0	0	0	0	44636	59054	0	44636	3	44633
15463	0	0	0	0	44311	59140	0	44311	3	44308
14208	0	0	0	0	45566	58900	0	45566	3	45563
14637	0	0	0	0	45137	58897	0	45137	3	45134
14366	0	0	0	0	45408	59135	0	45408	3	45405
13443	0	0	0	0	46331	58033	0	46331	3	46328
14396	0	0	0	0	45378	58142	0	45378	3	45375
14393	0	0	0	0	45381	58187	0	45381	3	45378
14528	0	0	0	0	45246	58992	0	45246	3	45243
14472	0	0	0	0	45302	58048	0	45302	3	45299
13985	0	0	0	0	45789	58900	0	45789	3	45786
13830	0	0	0	0	45944	58892	0	45944	3	45941
14664	0	0	0	0	45110	58941	0	45110	3	45107
14188	0	0	0	0	45586	58925	0	45586	3	45583
14125	0	0	0	0	45649	59112	0	45649	3	45646
14391	0	0	0	0	45383	58909	0	45383	3	45380
14340	0	0	0	0	45434	58154	0	45434	3	45431
14722	0	0	0	0	45052	58070	0	45052	3	45049
14813	0	0	0	0	44961	58179	0	44961	3	44958
14233	0	0	0	0	45541	57951	0	45541	3	45538
14245	0	0	0	0	45529	58936	0	45529	3	45526
13973	0	0	0	0	45801	58933	0	45801	3	45798
14854	0	0	0	0	44920	58057	0	44920	3	44917
14788	0	0	0	0	44986	57929	0	44986	3	44983
14319	0	0	0	0	45455	58940	0	45455	3	45452
14206	0	0	0	0	45568	58334	0	45568	3	45565
14328	0	0	0	0	45446	58124	0	45446	3	45443
14460	0	0	0	0	45314	59151	0	45314	3	45311
14674	0	0	0	0	45100	58953	0	45100	3	45097
13861	0	0	0	0	45913	58382	0	45913	3	45910
14527	0	0	0	0	45247	59298	0	45247	3	45244
14500	0	0	0	0	45274	58912	0	45274	3	45271
13708	0	0	0	0	46066	59178	0	46066	3	46063
14824	0	0	0	0	44950	58146	0	44950	3	44947
14445	0	0	0	0	45329	58133	0	45329	3	45326
12685	0	0	0	0	47089	58901	0	47089	3	47086
14966	0	0	0	0	44808	58937	0	44808	3	44805
14117	0	0	0	0	45657	58229	0	45657	3	45654
14445	0	0	0	0	45329	59039	0	45329	3	45326
14926	0	0	0	0	44848	58131	0	44848	3	44845
13821	0	0	0	0	45953	58944	0	45953	3	45950
14211	0	0	0	0	45563	58211	0	45563	3	45560
13711	0	0	0	0	46063	58812	0	46063	3	46060
14436	0	0	0	0	45338	58256	0	45338	3	45335
14951	0	0	0	0	44823	58976	0	44823	3	44820
15477	0	0	0	0	44297	58254	0	44297	3	44294
14954	0	0	0	0	44820	59120	0	44820	3	44817
14970	0	0	0	0	44804	58223	0	44804	3	44801
13694	0	0	0	0	46080	59234	0	46080	3	46077
14591	0	0	0	0	45183	59050	0	45183	3	45180
14261	0	0	0	0	45513	59025	0	45513	3	45510
13466	0	0	0	0	46308	58877	0	46308	3	46305
15452	0	0	0	0	44322	58295	0	44322	3	44319
14836	0	0	0	0	44938	57988	0	44938	3	44935
15071	0	0	0	0	44703	58878	0	44703	3	44700
13814	0	0	0	0	45960	58901	0	45960	3	45957
15101	0	0	0	0	44673	59183	0	44673	3	44670
15286	0	0	0	0	44488	58940	0	44488	3	44485
14560	0	0	0	0	45214	58911	0	45214	3	45211
14476	0	0	0	0	45298	58799	0	45298	3	45295
15571	0	0	0	0	44203	58079	0	44203	3	44200
14979	0	0	0	0	44795	58841	0	44795	3	44792
13961	0	0	0	0	45813	58829	0	45813	3	45810
14973	0	0	0	0	44801	58556	0	44801	3	44798
13930	0	0	0	0	45844	58815	0	45844	3	45841
14344	0	0	0	0	45430	59082	0	45430	3	45427
15105	0	0	0	0	44669	59099	0	44669	3	44666
14166	0	0	0	0	45608	58275	0	45608	3	45605
13998	0	0	0	0	45776	58960	0	45776	3	45773
15421	0	0	0	0	44353	58189	0	44353	3	44350
14620	0	0	0	0	45154	59143	0	45154	3	45151
14681	0	0	0	0	45093	58259	0	45093	3	45090
15251	0	0	0	0	44523	58864	0	44523	3	44520
14507	0	0	0	0	45267	58808	0	45267	3	45264
13773	0	0	0	0	46001	58771	0	46001	3	45998
14723	0	0	0	0	45051	58907	0	45051	3	45048
15036	0	0	0	0	44738	57992	0	44738	3	44735
14561	0	0	0	0	45213	58885	0	45213	3	45210
13960	0	0	0	0	45814	58804	0	45814	3	45811
14907	0	0	0	0	44867	58851	0	44867	3	44864
14175	0	0	0	0	45599	59049	0	45599	3	45596
13580	0	0	0	0	46194	58865	0	46194	3	46191
14326	0	0	0	0	45448	58228	0	45448	3	45445
16259	0	0	0	0	43515	59164	0	43515	3	43512
14562	0	0	0	0	45212	58783	0	45212	3	45209
15036	0	0	0	0	44738	58191	0	44738	3	44735
14043	0	0	0	0	45731	59012	0	45731	3	45728
14219	0	0	0	0	45555	58184	0	45555	3	45552
14862	0	0	0	0	44912	58009	0	44912	3	44909
13711	0	0	0	0	46063	58891	0	46063	3	46060
15460	0	0	0	0	44314	58861	0	44314	3	44311
14912	0	0	0	0	44862	58847	0	44862	3	44859
14191	0	0	0	0	45583	58795	0	45583	3	45580
13956	0	0	0	0	45818	59006	0	45818	3	45815
15594	0	0	0	0	44180	58225	0	44180	3	44177
15599	0	0	0	0	44175	59231	0	44175	3	44172
14652	0	0	0	0	45122	58919	0	45122	3	45119
13652	0	0	0	0	46122	58969	0	46122	3	46119
14192	0	0	0	0	45582	58863	0	45582	3	45579
14840	0	0	0	0	44934	58107	0	44934	3	44931
14727	0	0	0	0	45047	58837	0	45047	3	45044
14015	0	0	0	0	45759	58920	0	45759	3	45756
14545	0	0	0	0	45229	58064	0	45229	3	45226
14098	0	0	0	0	45676	58897	0	45676	3	45673
15097	0	0	0	0	44677	58976	0	44677	3	44674
14497	0	0	0	0	45277	58878	0	45277	3	45274
14285	0	0	0	0	45489	58944	0	45489	3	45486
13311	0	0	0	0	46463	59076	0	46463	3	46460
13930	0	0	0	0	45844	58820	0	45844	3	45841
15717	0	0	0	0	44057	57923	0	44057	3	44054
13966	0	0	0	0	45808	59244	0	45808	3	45805
13799	0	0	0	0	45975	59030	0	45975	3	45972
14032	0	0	0	0	45742	59005	0	45742	3	45739
14404	0	0	0	0	45370	59013	0	45370	3	45367
15165	0	0	0	0	44609	58919	0	44609	3	44606
14535	0	0	0	0	45239	58073	0	45239	3	45236
14403	0	0	0	0	45371	59138	0	45371	3	45368
15063	0	0	0	0	44711	58962	0	44711	3	44708
14492	0	0	0	0	45282	59224	0	45282	3	45279
15482	0	0	0	0	44292	58439	0	44292	3	44289
13797	0	0	0	0	45977	58206	0	45977	3	45974
14237	0	0	0	0	45537	58990	0	45537	3	45534
14634	0	0	0	0	45140	58936	0	45140	3	45137
13399	0	0	0	0	46375	58941	0	46375	3	46372
15240	0	0	0	0	44534	58412	0	44534	3	44531
14037	0	0	0	0	45737	58065	0	45737	3	45734
14506	0	0	0	0	45268	58907	0	45268	3	45265
13966	0	0	0	0	45808	59015	0	45808	3	45805
13866	0	0	0	0	45908	59090	0	45908	3	45905
14740	0	0	0	0	45034	58027	0	45034	3	45031
14425	0	0	0	0	45349	58599	0	45349	3	45346
14281	0	0	0	0	45493	58368	0	45493	3	45490
14894	0	0	0	0	44880	58157	0	44880	3	44877
14081	0	0	0	0	45693	58175	0	45693	3	45690
15206	0	0	0	0	44568	57967	0	44568	3	44565
14556	0	0	0	0	45218	58979	0	45218	3	45215
14607	0	0	0	0	45167	58968	0	45167	3	45164
14155	0	0	0	0	45619	59106	0	45619	3	45616
15309	0	0	0	0	44465	58152	0	44465	3	44462
14132	0	0	0	0	45642	58977	0	45642	3	45639
14437	0	0	0	0	45337	58788	0	45337	3	45334
14600	0	0	0	0	45174	58988	0	45174	3	45171
14518	0	0	0	0	45256	58898	0	45256	3	45253
14283	0	0	0	0	45491	58090	0	45491	3	45488
14323	0	0	0	0	45451	58903	0	45451	3	45448
14388	0	0	0	0	45386	58911	0	45386	3	45383
14493	0	0	0	0	45281	58448	0	45281	3	45278
14437	0	0	0	0	45337	58835	0	45337	3	45334
14846	0	0	0	0	44928	58944	0	44928	3	44925
15738	0	0	0	0	44036	58942	0	44036	3	44033
15428	0	0	0	0	44346	59055	0	44346	3	44343
14832	0	0	0	0	44942	58343	0	44942	3	44939
14341	0	0	0	0	45433	58075	0	45433	3	45430
14732	0	0	0	0	45042	58154	0	45042	3	45039
14238	0	0	0	0	45536	58103	0	45536	3	45533
15293	0	0	0	0	44481	58934	0	44481	3	44478
15383	0	0	0	0	44391	58073	0	44391	3	44388
15233	0	0	0	0	44541	59015	0	44541	3	44538
14590	0	0	0	0	45184	58956	0	45184	3	45181
14444	0	0	0	0	45330	58844	0	45330	3	45327
15438	0	0	0	0	44336	58130	0	44336	3	44333
14335	0	0	0	0	45439	58900	0	45439	3	45436
14692	0	0	0	0	45082	58171	0	45082	3	45079
14562	0	0	0	0	45212	59059	0	45212	3	45209
14428	0	0	0	0	45346	58802	0	45346	3	45343
14749	0	0	0	0	45025	58887	0	45025	3	45022
13713	0	0	0	0	46061	58163	0	46061	3	46058
14266	0	0	0	0	45508	58785	0	45508	3	45505
15146	0	0	0	0	44628	58167	0	44628	3	44625
14816	0	0	0	0	44958	58841	0	44958	3	44955
15242	0	0	0	0	44532	58950	0	44532	3	44529
15000	0	0	0	0	44774	58092	0	44774	3	44771
14715	0	0	0	0	45059	58261	0	45059	3	45056
14523	0	0	0	0	45251	58529	0	45251	3	45248
14715	0	0	0	0	45059	58882	0	45059	3	45056
14209	0	0	0	0	45565	59083	0	45565	3	45562
13770	0	0	0	0	46004	58857	0	46004	3	46001
14439	0	0	0	0	45335	57966	0	45335	3	45332
14005	0	0	0	0	45769	58960	0	45769	3	45766
14989	0	0	0	0	44785	58919	0	44785	3	44782
13283	0	0	0	0	46491	58914	0	46491	3	46488
14174	0	0	0	0	45600	58867	0	45600	3	45597
13834	0	0	0	0	45940	59239	0	45940	3	45937
16105	0	0	0	0	43669	59104	0	43669	3	43666
15236	0	0	0	0	44538	58063	0	44538	3	44535
15348	0	0	0	0	44426	58834	0	44426	3	44423
14856	0	0	0	0	44918	58131	0	44918	3	44915
15299	0	0	0	0	44475	59258	0	44475	3	44472
14674	0	0	0	0	45100	58922	0	45100	3	45097
14505	0	0	0	0	45269	58844	0	45269	3	45266
15106	0	0	0	0	44668	58063	0	44668	4	44664
14100	0	0	0	0	45674	58159	0	45674	3	45671
14911	0	0	0	0	44863	58953	0	44863	3	44860
15045	0	0	0	0	44729	58023	0	44729	3	44726
14229	0	0	0	0	45545	58968	0	45545	3	45542
14369	0	0	0	0	45405	59179	0	45405	3	45402
15200	0	0	0	0	44574	58942	0	44574	3	44571
13700	0	0	0	0	46074	58972	0	46074	3	46071
14481	0	0	0	0	45293	58979	0	45293	3	45290
14902	0	0	0	0	44872	58407	0	44872	3	44869
15390	0	0	0	0	44384	58091	0	44384	3	44381
13312	0	0	0	0	46462	59102	0	46462	3	46459
13707	0	0	0	0	46067	59035	0	46067	3	46064
15334	0	0	0	0	44440	59224	0	44440	3	44437
14193	0	0	0	0	45581	58942	0	45581	3	45578
14641	0	0	0	0	45133	58889	0	45133	3	45130
15158	0	0	0	0	44616	58844	0	44616	3	44613
15076	0	0	0	0	44698	59116	0	44698	3	44695
14233	0	0	0	0	45541	58809	0	45541	3	45538
13734	0	0	0	0	46040	58876	0	46040	3	46037
14889	0	0	0	0	44885	58841	0	44885	3	44882
14987	0	0	0	0	44787	58029	0	44787	3	44784
14205	0	0	0	0	45569	58925	0	45569	3	45566
15080	0	0	0	0	44694	58940	0	44694	3	44691
15018	0	0	0	0	44756	59044	0	44756	3	44753
14869	0	0	0	0	44905	58130	0	44905	3	44902
13840	0	0	0	0	45934	58205	0	45934	3	45931
14771	0	0	0	0	45003	58742	0	45003	3	45000
15787	0	0	0	0	43987	58176	0	43987	3	43984
13818	0	0	0	0	45956	58866	0	45956	3	45953
14860	0	0	0	0	44914	58005	0	44914	3	44911
14577	0	0	0	0	45197	58898	0	45197	3	45194
14796	0	0	0	0	44978	59041	0	44978	3	44975
14354	0	0	0	0	45420	58874	0	45420	3	45417
15107	0	0	0	0	44667	58992	0	44667	3	44664
13870	0	0	0	0	45904	58998	0	45904	3	45901
14920	0	0	0	0	44854	59000	0	44854	3	44851
14160	0	0	0	0	45614	58885	0	45614	3	45611
13739	0	0	0	0	46035	59116	0	46035	3	46032
14509	0	0	0	0	45265	58129	0	45265	3	45262
14669	0	0	0	0	45105	59075	0	45105	3	45102
14356	0	0	0	0	45418	57994	0	45418	3	45415
15068	0	0	0	0	44706	58945	0	44706	3	44703
14283	0	0	0	0	45491	58932	0	45491	3	45488
14960	0	0	0	0	44814	58009	0	44814	3	44811
13625	0	0	0	0	46149	58219	0	46149	3	46146
13544	0	0	0	0	46230	58925	0	46230	3	46227
14686	0	0	0	0	45088	58172	0	45088	3	45085
13806	0	0	0	0	45968	58780	0	45968	3	45965
14180	0	0	0	0	45594	58943	0	45594	3	45591
14380	0	0	0	0	45394	58037	0	45394	3	45391
15176	0	0	0	0	44598	58013	0	44598	3	44595
13750	0	0	0	0	46024	58142	0	46024	3	46021
14529	0	0	0	0	45245	59361	0	45245	3	45242
15275	0	0	0	0	44499	58185	0	44499	3	44496
15230	0	0	0	0	44544	58053	0	44544	3	44541
14888	0	0	0	0	44886	58866	0	44886	3	44883
15071	0	0	0	0	44703	58888	0	44703	3	44700
14293	0	0	0	0	45481	59237	0	45481	3	45478
14015	0	0	0	0	45759	58376	0	45759	3	45756
15315	0	0	0	0	44459	59022	0	44459	3	44456
14897	0	0	0	0	44877	58087	0	44877	3	44874
15018	0	0	0	0	44756	58917	0	44756	3	44753
14943	0	0	0	0	44831	59244	0	44831	3	44828
13887	0	0	0	0	45887	58864	0	45887	3	45884
14880	0	0	0	0	44894	58301	0	44894	3	44891
14227	0	0	0	0	45547	58998	0	45547	3	45544
14515	0	0	0	0	45259	58982	0	45259	3	45256
14696	0	0	0	0	45078	59056	0	45078	3	45075
14674	0	0	0	0	45100	58836	0	45100	3	45097
14446	0	0	0	0	45328	58873	0	45328	3	45325
15536	0	0	0	0	44238	58824	0	44238	3	44235
13995	0	0	0	0	45779	58811	0	45779	3	45776
15312	0	0	0	0	44462	58367	0	44462	3	44459
14940	0	0	0	0	44834	58927	0	44834	3	44831
13775	0	0	0	0	45999	58320	0	45999	3	45996
14395	0	0	0	0	45379	58029	0	45379	3	45376
14940	0	0	0	0	44834	58164	0	44834	3	44831
14819	0	0	0	0	44955	58242	0	44955	3	44952
14761	0	0	0	0	45013	58884	0	45013	3	45010
15008	0	0	0	0	44766	58964	0	44766	3	44763
15448	0	0	0	0	44326	58046	0	44326	3	44323
13709	0	0	0	0	46065	59010	0	46065	3	46062
13980	0	0	0	0	45794	58878	0	45794	3	45791
