58355	0	0	0	0	1419	37203	0	1419	3	1416
58618	0	0	0	0	1156	38697	0	1156	3	1153
58962	0	0	0	0	812	35761	0	812	3	809
58854	0	0	0	0	920	40786	0	920	3	917
58327	0	0	0	0	1447	36758	0	1447	3	1444
58823	0	0	0	0	951	34302	0	951	3	948
58772	0	0	0	0	1002	36572	0	1002	3	999
58278	0	0	0	0	1496	36881	0	1496	3	1493
58349	0	0	0	0	1425	34915	0	1425	3	1422
58654	0	0	0	0	1120	35258	0	1120	3	1117
58720	0	0	0	0	1054	33370	0	1054	3	1051
58839	0	0	0	0	935	36714	0	935	3	932
58371	0	0	0	0	1403	35683	0	1403	3	1400
58824	0	0	0	0	950	37584	0	950	3	947
58197	0	0	0	0	1577	34656	0	1577	3	1574
58878	0	0	0	0	896	36129	0	896	3	893
58943	0	0	0	0	831	36203	0	831	3	828
58868	0	0	0	0	906	38444	0	906	3	903
58123	0	0	0	0	1651	35597	0	1651	3	1648
58979	0	0	0	0	795	37123	0	795	3	792
58814	0	0	0	0	960	33956	0	960	3	957
58400	0	0	0	0	1374	36032	0	1374	3	1371
58630	0	0	0	0	1144	38839	0	1144	3	1141
58934	0	0	0	0	840	34720	0	840	3	837
58386	0	0	0	0	1388	35968	0	1388	3	1385
58434	0	0	0	0	1340	36397	0	1340	3	1337
58701	0	0	0	0	1073	36826	0	1073	3	1070
58885	0	0	0	0	889	34034	0	889	3	886
58563	0	0	0	0	1211	33869	0	1211	3	1208
58928	0	0	0	0	846	33869	0	846	3	843
58189	0	0	0	0	1585	37197	0	1585	3	1582
58426	0	0	0	0	1348	35840	0	1348	3	1345
58211	0	0	0	0	1563	35292	0	1563	3	1560
58331	0	0	0	0	1443	32995	0	1443	3	1440
58662	0	0	0	0	1112	38578	0	1112	3	1109
58405	0	0	0	0	1369	39504	0	1369	3	1366
58560	0	0	0	0	1214	35265	0	1214	3	1211
58417	0	0	0	0	1357	36963	0	1357	3	1354
58479	0	0	0	0	1295	33121	0	1295	3	1292
58566	0	0	0	0	1208	34093	0	1208	3	1205
58507	0	0	0	0	1267	34054	0	1267	3	1264
58720	0	0	0	0	1054	37488	0	1054	3	1051
58652	0	0	0	0	1122	38793	0	1122	3	1119
59017	0	0	0	0	757	39912	0	757	3	754
58504	0	0	0	0	1270	36489	0	1270	3	1267
58466	0	0	0	0	1308	34957	0	1308	3	1305
58428	0	0	0	0	1346	35662	0	1346	3	1343
58464	0	0	0	0	1310	35532	0	1310	3	1307
58800	0	0	0	0	974	35149	0	974	3	971
58877	0	0	0	0	897	33668	0	897	3	894
58695	0	0	0	0	1079	38209	0	1079	3	1076
58635	0	0	0	0	1139	35115	0	1139	3	1136
58502	0	0	0	0	1272	37161	0	1272	3	1269
58305	0	0	0	0	1469	37490	0	1469	3	1466
58501	0	0	0	0	1273	34775	0	1273	3	1270
58433	0	0	0	0	1341	37132	0	1341	3	1338
58710	0	0	0	0	1064	38528	0	1064	3	1061
58694	0	0	0	0	1080	38952	0	1080	3	1077
58892	0	0	0	0	882	38080	0	882	3	879
58547	0	0	0	0	1227	33982	0	1227	3	1224
58456	0	0	0	0	1318	35679	0	1318	3	1315
58662	0	0	0	0	1112	37145	0	1112	3	1109
58628	0	0	0	0	1146	37401	0	1146	3	1143
58551	0	0	0	0	1223	36800	0	1223	3	1220
58684	0	0	0	0	1090	37784	0	1090	3	1087
58609	0	0	0	0	1165	34532	0	1165	3	1162
58628	0	0	0	0	1146	38367	0	1146	3	1143
58845	0	0	0	0	929	37504	0	929	3	926
58295	0	0	0	0	1479	35237	0	1479	3	1476
58876	0	0	0	0	898	35831	0	898	3	895
58532	0	0	0	0	1242	35721	0	1242	3	1239
58696	0	0	0	0	1078	36857	0	1078	3	1075
58239	0	0	0	0	1535	36336	0	1535	3	1532
58281	0	0	0	0	1493	37183	0	1493	3	1490
58686	0	0	0	0	1088	34093	0	1088	3	1085
58546	0	0	0	0	1228	38239	0	1228	3	1225
58258	0	0	0	0	1516	34852	0	1516	3	1513
58156	0	0	0	0	1618	36011	0	1618	3	1615
58361	0	0	0	0	1413	34585	0	1413	3	1410
58797	0	0	0	0	977	39092	0	977	3	974
58512	0	0	0	0	1262	35702	0	1262	3	1259
58562	0	0	0	0	1212	36940	0	1212	3	1209
58354	0	0	0	0	1420	35854	0	1420	3	1417
58345	0	0	0	0	1429	36858	0	1429	3	1426
58654	0	0	0	0	1120	35776	0	1120	3	1117
58593	0	0	0	0	1181	34982	0	1181	3	1178
58595	0	0	0	0	1179	36440	0	1179	3	1176
58771	0	0	0	0	1003	36580	0	1003	3	1000
58309	0	0	0	0	1465	36235	0	1465	3	1462
58197	0	0	0	0	1577	34995	0	1577	3	1574
58268	0	0	0	0	1506	34045	0	1506	3	1503
58171	0	0	0	0	1603	35164	0	1603	3	1600
58814	0	0	0	0	960	32135	0	960	3	957
58218	0	0	0	0	1556	34980	0	1556	3	1553
58320	0	0	0	0	1454	36562	0	1454	3	1451
58982	0	0	0	0	792	36145	0	792	3	789
58752	0	0	0	0	1022	36653	0	1022	3	1019
58580	0	0	0	0	1194	37710	0	1194	3	1191
58627	0	0	0	0	1147	36398	0	1147	3	1144
58855	0	0	0	0	919	38036	0	919	3	916
58222	0	0	0	0	1552	36803	0	1552	3	1549
58218	0	0	0	0	1556	34924	0	1556	3	1553
58392	0	0	0	0	1382	33999	0	1382	3	1379
58538	0	0	0	0	1236	38282	0	1236	3	1233
58575	0	0	0	0	1199	34334	0	1199	3	1196
58120	0	0	0	0	1654	36836	0	1654	3	1651
58316	0	0	0	0	1458	36616	0	1458	3	1455
58341	0	0	0	0	1433	36468	0	1433	3	1430
58614	0	0	0	0	1160	36196	0	1160	3	1157
58840	0	0	0	0	934	38398	0	934	3	931
58193	0	0	0	0	1581	36965	0	1581	3	1578
58324	0	0	0	0	1450	37933	0	1450	3	1447
58308	0	0	0	0	1466	35956	0	1466	3	1463
58319	0	0	0	0	1455	36987	0	1455	3	1452
58356	0	0	0	0	1418	34667	0	1418	3	1415
58688	0	0	0	0	1086	36923	0	1086	3	1083
58819	0	0	0	0	955	34957	0	955	3	952
58776	0	0	0	0	998	39457	0	998	3	995
58365	0	0	0	0	1409	37097	0	1409	3	1406
58217	0	0	0	0	1557	34620	0	1557	3	1554
58376	0	0	0	0	1398	35556	0	1398	3	1395
58689	0	0	0	0	1085	39731	0	1085	3	1082
58477	0	0	0	0	1297	33356	0	1297	3	1294
59124	0	0	0	0	650	33726	0	650	3	647
58542	0	0	0	0	1232	34695	0	1232	3	1229
58120	0	0	0	0	1654	36463	0	1654	3	1651
58739	0	0	0	0	1035	37594	0	1035	3	1032
58577	0	0	0	0	1197	36149	0	1197	3	1194
58896	0	0	0	0	878	32377	0	878	3	875
58187	0	0	0	0	1587	37444	0	1587	3	1584
58692	0	0	0	0	1082	36240	0	1082	3	1079
58660	0	0	0	0	1114	36918	0	1114	3	1111
58653	0	0	0	0	1121	38214	0	1121	3	1118
58453	0	0	0	0	1321	37282	0	1321	3	1318
58303	0	0	0	0	1471	35486	0	1471	3	1468
58687	0	0	0	0	1087	37927	0	1087	3	1084
58848	0	0	0	0	926	35481	0	926	3	923
58631	0	0	0	0	1143	38804	0	1143	3	1140
58906	0	0	0	0	868	34244	0	868	3	865
58584	0	0	0	0	1190	36914	0	1190	3	1187
58272	0	0	0	0	1502	35297	0	1502	3	1499
58791	0	0	0	0	983	35364	0	983	3	980
58907	0	0	0	0	867	33645	0	867	3	864
58609	0	0	0	0	1165	37776	0	1165	3	1162
58340	0	0	0	0	1434	39025	0	1434	3	1431
58587	0	0	0	0	1187	38077	0	1187	3	1184
58353	0	0	0	0	1421	35774	0	1421	3	1418
58336	0	0	0	0	1438	34809	0	1438	3	1435
58497	0	0	0	0	1277	34354	0	1277	3	1274
59054	0	0	0	0	720	38088	0	720	3	717
58712	0	0	0	0	1062	39143	0	1062	3	1059
58263	0	0	0	0	1511	34701	0	1511	3	1508
58735	0	0	0	0	1039	38494	0	1039	3	1036
58216	0	0	0	0	1558	34959	0	1558	3	1555
58712	0	0	0	0	1062	39388	0	1062	3	1059
58267	0	0	0	0	1507	33406	0	1507	3	1504
58195	0	0	0	0	1579	35473	0	1579	3	1576
58427	0	0	0	0	1347	35083	0	1347	3	1344
58877	0	0	0	0	897	33861	0	897	3	894
58298	0	0	0	0	1476	35893	0	1476	3	1473
58817	0	0	0	0	957	38062	0	957	3	954
58941	0	0	0	0	833	37030	0	833	3	830
58969	0	0	0	0	805	35584	0	805	3	802
58503	0	0	0	0	1271	37669	0	1271	3	1268
59071	0	0	0	0	703	35028	0	703	3	700
58737	0	0	0	0	1037	34931	0	1037	3	1034
58746	0	0	0	0	1028	33532	0	1028	3	1025
58754	0	0	0	0	1020	35677	0	1020	3	1017
58962	0	0	0	0	812	37464	0	812	3	809
58617	0	0	0	0	1157	35613	0	1157	3	1154
58393	0	0	0	0	1381	40196	0	1381	3	1378
58660	0	0	0	0	1114	38345	0	1114	3	1111
58174	0	0	0	0	1600	35614	0	1600	3	1597
58921	0	0	0	0	853	33215	0	853	3	850
58686	0	0	0	0	1088	36172	0	1088	3	1085
58602	0	0	0	0	1172	35560	0	1172	3	1169
59041	0	0	0	0	733	34144	0	733	3	730
58637	0	0	0	0	1137	35119	0	1137	3	1134
58419	0	0	0	0	1355	35317	0	1355	3	1352
58626	0	0	0	0	1148	37980	0	1148	3	1145
58147	0	0	0	0	1627	35057	0	1627	3	1624
58702	0	0	0	0	1072	34158	0	1072	3	1069
58312	0	0	0	0	1462	34306	0	1462	3	1459
59128	0	0	0	0	646	34037	0	646	3	643
58698	0	0	0	0	1076	36430	0	1076	3	1073
58923	0	0	0	0	851	34207	0	851	3	848
58819	0	0	0	0	955	36368	0	955	3	952
58773	0	0	0	0	1001	39828	0	1001	3	998
58456	0	0	0	0	1318	38417	0	1318	3	1315
58982	0	0	0	0	792	35749	0	792	3	789
58631	0	0	0	0	1143	39108	0	1143	3	1140
58442	0	0	0	0	1332	37630	0	1332	3	1329
58731	0	0	0	0	1043	38718	0	1043	3	1040
58194	0	0	0	0	1580	35412	0	1580	3	1577
58529	0	0	0	0	1245	32681	0	1245	3	1242
58650	0	0	0	0	1124	36231	0	1124	3	1121
58959	0	0	0	0	815	40905	0	815	3	812
58786	0	0	0	0	988	37664	0	988	3	985
58469	0	0	0	0	1305	34280	0	1305	3	1302
58881	0	0	0	0	893	39041	0	893	3	890
58077	0	0	0	0	1697	36752	0	1697	3	1694
58139	0	0	0	0	1635	34748	0	1635	3	1632
58217	0	0	0	0	1557	34711	0	1557	3	1554
58619	0	0	0	0	1155	36842	0	1155	3	1152
58724	0	0	0	0	1050	40849	0	1050	3	1047
58398	0	0	0	0	1376	34590	0	1376	3	1373
58926	0	0	0	0	848	36421	0	848	3	845
58226	0	0	0	0	1548	36579	0	1548	3	1545
58549	0	0	0	0	1225	33896	0	1225	3	1222
58730	0	0	0	0	1044	36854	0	1044	3	1041
58654	0	0	0	0	1120	37147	0	1120	3	1117
58676	0	0	0	0	1098	36800	0	1098	3	1095
58726	0	0	0	0	1048	36926	0	1048	3	1045
58492	0	0	0	0	1282	37532	0	1282	3	1279
58337	0	0	0	0	1437	35152	0	1437	3	1434
58501	0	0	0	0	1273	36505	0	1273	3	1270
58319	0	0	0	0	1455	37322	0	1455	3	1452
58640	0	0	0	0	1134	40021	0	1134	3	1131
58115	0	0	0	0	1659	36396	0	1659	3	1656
58381	0	0	0	0	1393	34149	0	1393	3	1390
58275	0	0	0	0	1499	35251	0	1499	3	1496
58550	0	0	0	0	1224	37066	0	1224	3	1221
58748	0	0	0	0	1026	41164	0	1026	3	1023
58982	0	0	0	0	792	33772	0	792	3	789
58213	0	0	0	0	1561	33824	0	1561	3	1558
58216	0	0	0	0	1558	34004	0	1558	3	1555
58211	0	0	0	0	1563	36625	0	1563	3	1560
58356	0	0	0	0	1418	35903	0	1418	3	1415
58129	0	0	0	0	1645	35600	0	1645	3	1642
58576	0	0	0	0	1198	37223	0	1198	3	1195
58444	0	0	0	0	1330	33877	0	1330	3	1327
58383	0	0	0	0	1391	35265	0	1391	3	1388
58534	0	0	0	0	1240	36952	0	1240	3	1237
58383	0	0	0	0	1391	38772	0	1391	3	1388
58713	0	0	0	0	1061	36591	0	1061	3	1058
58443	0	0	0	0	1331	36436	0	1331	3	1328
58869	0	0	0	0	905	33652	0	905	3	902
58290	0	0	0	0	1484	35857	0	1484	3	1481
58573	0	0	0	0	1201	34041	0	1201	3	1198
58440	0	0	0	0	1334	35926	0	1334	3	1331
58411	0	0	0	0	1363	35734	0	1363	3	1360
58756	0	0	0	0	1018	37177	0	1018	3	1015
58432	0	0	0	0	1342	34662	0	1342	3	1339
58809	0	0	0	0	965	34698	0	965	3	962
58442	0	0	0	0	1332	39074	0	1332	3	1329
58477	0	0	0	0	1297	35966	0	1297	3	1294
58846	0	0	0	0	928	35271	0	928	3	925
58190	0	0	0	0	1584	33795	0	1584	3	1581
58714	0	0	0	0	1060	35602	0	1060	3	1057
58455	0	0	0	0	1319	35445	0	1319	3	1316
58358	0	0	0	0	1416	34159	0	1416	3	1413
58612	0	0	0	0	1162	38758	0	1162	3	1159
58486	0	0	0	0	1288	34102	0	1288	3	1285
58088	0	0	0	0	1686	35533	0	1686	3	1683
58321	0	0	0	0	1453	35824	0	1453	3	1450
58586	0	0	0	0	1188	36531	0	1188	3	1185
58212	0	0	0	0	1562	37497	0	1562	3	1559
59026	0	0	0	0	748	39804	0	748	3	745
58555	0	0	0	0	1219	35155	0	1219	3	1216
58634	0	0	0	0	1140	33912	0	1140	3	1137
58502	0	0	0	0	1272	35513	0	1272	3	1269
58664	0	0	0	0	1110	35092	0	1110	3	1107
58935	0	0	0	0	839	35044	0	839	3	836
58007	0	0	0	0	1767	35334	0	1767	3	1764
58795	0	0	0	0	979	38928	0	979	3	976
58572	0	0	0	0	1202	35446	0	1202	3	1199
58983	0	0	0	0	791	33668	0	791	3	788
58994	0	0	0	0	780	35487	0	780	3	777
58742	0	0	0	0	1032	36003	0	1032	3	1029
58663	0	0	0	0	1111	34616	0	1111	3	1108
58462	0	0	0	0	1312	37260	0	1312	3	1309
59025	0	0	0	0	749	33602	0	749	3	746
58279	0	0	0	0	1495	35247	0	1495	3	1492
59000	0	0	0	0	774	37750	0	774	3	771
58624	0	0	0	0	1150	35621	0	1150	3	1147
58672	0	0	0	0	1102	37968	0	1102	3	1099
58371	0	0	0	0	1403	36103	0	1403	3	1400
58591	0	0	0	0	1183	36280	0	1183	3	1180
58812	0	0	0	0	962	34932	0	962	3	959
58094	0	0	0	0	1680	35122	0	1680	3	1677
58585	0	0	0	0	1189	34577	0	1189	3	1186
58978	0	0	0	0	796	41081	0	796	3	793
59014	0	0	0	0	760	36911	0	760	3	757
58875	0	0	0	0	899	37939	0	899	3	896
58581	0	0	0	0	1193	35707	0	1193	3	1190
58464	0	0	0	0	1310	37371	0	1310	3	1307
58127	0	0	0	0	1647	36818	0	1647	3	1644
58346	0	0	0	0	1428	34551	0	1428	3	1425
58514	0	0	0	0	1260	40391	0	1260	3	1257
58569	0	0	0	0	1205	33571	0	1205	3	1202
58807	0	0	0	0	967	37235	0	967	3	964
58088	0	0	0	0	1686	35426	0	1686	3	1683
58816	0	0	0	0	958	35465	0	958	3	955
58240	0	0	0	0	1534	36778	0	1534	3	1531
58480	0	0	0	0	1294	34194	0	1294	3	1291
58211	0	0	0	0	1563	36230	0	1563	3	1560
58402	0	0	0	0	1372	35611	0	1372	3	1369
58646	0	0	0	0	1128	39811	0	1128	3	1125
58634	0	0	0	0	1140	36924	0	1140	3	1137
58539	0	0	0	0	1235	35991	0	1235	3	1232
58493	0	0	0	0	1281	36731	0	1281	3	1278
58205	0	0	0	0	1569	34458	0	1569	3	1566
58542	0	0	0	0	1232	34771	0	1232	3	1229
58941	0	0	0	0	833	33870	0	833	3	830
58812	0	0	0	0	962	35412	0	962	3	959
58214	0	0	0	0	1560	37024	0	1560	3	1557
58791	0	0	0	0	983	35866	0	983	3	980
58314	0	0	0	0	1460	38317	0	1460	3	1457
58722	0	0	0	0	1052	35224	0	1052	3	1049
58209	0	0	0	0	1565	34567	0	1565	3	1562
58533	0	0	0	0	1241	35997	0	1241	3	1238
58690	0	0	0	0	1084	34826	0	1084	3	1081
58866	0	0	0	0	908	32776	0	908	3	905
58485	0	0	0	0	1289	36007	0	1289	3	1286
58252	0	0	0	0	1522	34444	0	1522	3	1519
59011	0	0	0	0	763	38114	0	763	3	760
59104	0	0	0	0	670	33309	0	670	3	667
58196	0	0	0	0	1578	36213	0	1578	3	1575
58508	0	0	0	0	1266	35247	0	1266	3	1263
58714	0	0	0	0	1060	35144	0	1060	3	1057
58421	0	0	0	0	1353	40478	0	1353	3	1350
58938	0	0	0	0	836	34419	0	836	3	833
58319	0	0	0	0	1455	35037	0	1455	3	1452
58890	0	0	0	0	884	38304	0	884	3	881
58763	0	0	0	0	1011	38130	0	1011	3	1008
58590	0	0	0	0	1184	39962	0	1184	3	1181
58624	0	0	0	0	1150	38115	0	1150	3	1147
57958	0	0	0	0	1816	38190	0	1816	3	1813
59028	0	0	0	0	746	35152	0	746	3	743
58880	0	0	0	0	894	35468	0	894	3	891
59032	0	0	0	0	742	35447	0	742	3	739
58598	0	0	0	0	1176	36879	0	1176	3	1173
58805	0	0	0	0	969	34116	0	969	3	966
58710	0	0	0	0	1064	33410	0	1064	3	1061
58491	0	0	0	0	1283	34289	0	1283	3	1280
59130	0	0	0	0	644	33870	0	644	3	641
58437	0	0	0	0	1337	36357	0	1337	3	1334
58849	0	0	0	0	925	35065	0	925	3	922
58369	0	0	0	0	1405	36751	0	1405	3	1402
58325	0	0	0	0	1449	36275	0	1449	3	1446
58453	0	0	0	0	1321	33440	0	1321	3	1318
58662	0	0	0	0	1112	33224	0	1112	3	1109
58780	0	0	0	0	994	37366	0	994	3	991
58870	0	0	0	0	904	34250	0	904	3	901
58850	0	0	0	0	924	38847	0	924	3	921
58322	0	0	0	0	1452	36881	0	1452	3	1449
58281	0	0	0	0	1493	36582	0	1493	3	1490
58545	0	0	0	0	1229	36259	0	1229	3	1226
58214	0	0	0	0	1560	33855	0	1560	3	1557
58057	0	0	0	0	1717	38527	0	1717	3	1714
58920	0	0	0	0	854	35726	0	854	3	851
58227	0	0	0	0	1547	37366	0	1547	3	1544
58731	0	0	0	0	1043	35466	0	1043	3	1040
58655	0	0	0	0	1119	38056	0	1119	3	1116
58246	0	0	0	0	1528	35447	0	1528	3	1525
58504	0	0	0	0	1270	35189	0	1270	3	1267
58596	0	0	0	0	1178	34179	0	1178	3	1175
58100	0	0	0	0	1674	35995	0	1674	3	1671
58671	0	0	0	0	1103	36096	0	1103	3	1100
58160	0	0	0	0	1614	35739	0	1614	3	1611
58402	0	0	0	0	1372	37857	0	1372	3	1369
58364	0	0	0	0	1410	35297	0	1410	3	1407
58645	0	0	0	0	1129	37021	0	1129	3	1126
58444	0	0	0	0	1330	36026	0	1330	3	1327
58587	0	0	0	0	1187	36533	0	1187	3	1184
58273	0	0	0	0	1501	37346	0	1501	3	1498
58441	0	0	0	0	1333	36303	0	1333	3	1330
58141	0	0	0	0	1633	37082	0	1633	3	1630
58810	0	0	0	0	964	33360	0	964	3	961
58387	0	0	0	0	1387	35135	0	1387	3	1384
58474	0	0	0	0	1300	40467	0	1300	3	1297
58171	0	0	0	0	1603	34910	0	1603	3	1600
58603	0	0	0	0	1171	34042	0	1171	3	1168
58553	0	0	0	0	1221	38077	0	1221	3	1218
58376	0	0	0	0	1398	33206	0	1398	3	1395
58355	0	0	0	0	1419	34667	0	1419	3	1416
59011	0	0	0	0	763	35126	0	763	3	760
58757	0	0	0	0	1017	35832	0	1017	3	1014
58792	0	0	0	0	982	34256	0	982	3	979
58585	0	0	0	0	1189	33761	0	1189	3	1186
58456	0	0	0	0	1318	38131	0	1318	3	1315
58492	0	0	0	0	1282	35479	0	1282	3	1279
58578	0	0	0	0	1196	33848	0	1196	3	1193
58692	0	0	0	0	1082	37374	0	1082	3	1079
58578	0	0	0	0	1196	34847	0	1196	3	1193
58672	0	0	0	0	1102	35491	0	1102	3	1099
58587	0	0	0	0	1187	35842	0	1187	3	1184
58762	0	0	0	0	1012	38022	0	1012	3	1009
58751	0	0	0	0	1023	35526	0	1023	3	1020
58467	0	0	0	0	1307	36940	0	1307	3	1304
58641	0	0	0	0	1133	37313	0	1133	3	1130
58775	0	0	0	0	999	39033	0	999	3	996
58593	0	0	0	0	1181	33391	0	1181	3	1178
58890	0	0	0	0	884	35705	0	884	3	881
58195	0	0	0	0	1579	35696	0	1579	3	1576
58929	0	0	0	0	845	36218	0	845	3	842
58775	0	0	0	0	999	36578	0	999	3	996
58467	0	0	0	0	1307	34000	0	1307	3	1304
58209	0	0	0	0	1565	35611	0	1565	3	1562
59050	0	0	0	0	724	33803	0	724	3	721
58961	0	0	0	0	813	38919	0	813	3	810
58918	0	0	0	0	856	36415	0	856	3	853
58757	0	0	0	0	1017	33148	0	1017	3	1014
58673	0	0	0	0	1101	33636	0	1101	3	1098
58490	0	0	0	0	1284	35730	0	1284	3	1281
58324	0	0	0	0	1450	34217	0	1450	3	1447
58385	0	0	0	0	1389	36067	0	1389	3	1386
58851	0	0	0	0	923	35511	0	923	3	920
58228	0	0	0	0	1546	37279	0	1546	3	1543
58776	0	0	0	0	998	34550	0	998	3	995
58475	0	0	0	0	1299	34813	0	1299	3	1296
58241	0	0	0	0	1533	34961	0	1533	3	1530
58630	0	0	0	0	1144	34334	0	1144	3	1141
58346	0	0	0	0	1428	35602	0	1428	3	1425
58857	0	0	0	0	917	35340	0	917	3	914
58909	0	0	0	0	865	33709	0	865	3	862
58599	0	0	0	0	1175	33149	0	1175	3	1172
58372	0	0	0	0	1402	34799	0	1402	3	1399
59018	0	0	0	0	756	33104	0	756	3	753
58492	0	0	0	0	1282	40862	0	1282	3	1279
58157	0	0	0	0	1617	37797	0	1617	3	1614
58470	0	0	0	0	1304	40694	0	1304	3	1301
58430	0	0	0	0	1344	38935	0	1344	3	1341
58525	0	0	0	0	1249	33535	0	1249	3	1246
58199	0	0	0	0	1575	36251	0	1575	3	1572
58577	0	0	0	0	1197	38927	0	1197	3	1194
58201	0	0	0	0	1573	35440	0	1573	3	1570
58688	0	0	0	0	1086	36434	0	1086	3	1083
58259	0	0	0	0	1515	35362	0	1515	3	1512
58536	0	0	0	0	1238	34494	0	1238	3	1235
58888	0	0	0	0	886	33575	0	886	3	883
58872	0	0	0	0	902	35451	0	902	3	899
58468	0	0	0	0	1306	37125	0	1306	3	1303
58221	0	0	0	0	1553	36763	0	1553	3	1550
58746	0	0	0	0	1028	34637	0	1028	3	1025
58591	0	0	0	0	1183	36698	0	1183	3	1180
58254	0	0	0	0	1520	34351	0	1520	3	1517
58765	0	0	0	0	1009	37014	0	1009	3	1006
58204	0	0	0	0	1570	37338	0	1570	3	1567
58960	0	0	0	0	814	35851	0	814	3	811
58285	0	0	0	0	1489	34459	0	1489	3	1486
58533	0	0	0	0	1241	36077	0	1241	3	1238
58709	0	0	0	0	1065	37389	0	1065	3	1062
58450	0	0	0	0	1324	35982	0	1324	3	1321
58475	0	0	0	0	1299	34292	0	1299	3	1296
58677	0	0	0	0	1097	35366	0	1097	3	1094
58902	0	0	0	0	872	35438	0	872	3	869
58423	0	0	0	0	1351	35190	0	1351	3	1348
58601	0	0	0	0	1173	37763	0	1173	3	1170
58405	0	0	0	0	1369	34898	0	1369	3	1366
58752	0	0	0	0	1022	35251	0	1022	3	1019
58147	0	0	0	0	1627	34754	0	1627	3	1624
58837	0	0	0	0	937	36394	0	937	3	934
58445	0	0	0	0	1329	34231	0	1329	3	1326
58532	0	0	0	0	1242	36354	0	1242	3	1239
58531	0	0	0	0	1243	39945	0	1243	3	1240
58351	0	0	0	0	1423	38453	0	1423	3	1420
58251	0	0	0	0	1523	34239	0	1523	3	1520
58663	0	0	0	0	1111	36244	0	1111	3	1108
58418	0	0	0	0	1356	34743	0	1356	3	1353
58116	0	0	0	0	1658	33774	0	1658	3	1655
58518	0	0	0	0	1256	34875	0	1256	3	1253
58780	0	0	0	0	994	33359	0	994	3	991
58570	0	0	0	0	1204	37896	0	1204	3	1201
58447	0	0	0	0	1327	35106	0	1327	3	1324
58398	0	0	0	0	1376	35152	0	1376	3	1373
58342	0	0	0	0	1432	33668	0	1432	3	1429
58150	0	0	0	0	1624	36857	0	1624	3	1621
58838	0	0	0	0	936	32646	0	936	3	933
58522	0	0	0	0	1252	37149	0	1252	3	1249
58833	0	0	0	0	941	35656	0	941	3	938
58942	0	0	0	0	832	34971	0	832	3	829
58587	0	0	0	0	1187	34988	0	1187	3	1184
58284	0	0	0	0	1490	33871	0	1490	3	1487
58840	0	0	0	0	934	34656	0	934	3	931
58636	0	0	0	0	1138	36157	0	1138	3	1135
58331	0	0	0	0	1443	36757	0	1443	3	1440
58909	0	0	0	0	865	33804	0	865	3	862
58522	0	0	0	0	1252	35150	0	1252	3	1249
58843	0	0	0	0	931	38195	0	931	3	928
58322	0	0	0	0	1452	33814	0	1452	3	1449
58871	0	0	0	0	903	38031	0	903	3	900
58162	0	0	0	0	1612	37067	0	1612	3	1609
58169	0	0	0	0	1605	36989	0	1605	3	1602
58854	0	0	0	0	920	35303	0	920	3	917
58240	0	0	0	0	1534	36513	0	1534	3	1531
58582	0	0	0	0	1192	33963	0	1192	3	1189
58440	0	0	0	0	1334	40363	0	1334	3	1331
58344	0	0	0	0	1430	37086	0	1430	3	1427
58839	0	0	0	0	935	39288	0	935	3	932
58458	0	0	0	0	1316	37210	0	1316	3	1313
58475	0	0	0	0	1299	35464	0	1299	3	1296
58829	0	0	0	0	945	35973	0	945	3	942
58342	0	0	0	0	1432	33671	0	1432	3	1429
58826	0	0	0	0	948	35559	0	948	3	945
58494	0	0	0	0	1280	38005	0	1280	3	1277
58402	0	0	0	0	1372	33162	0	1372	3	1369
58607	0	0	0	0	1167	34263	0	1167	3	1164
58859	0	0	0	0	915	36575	0	915	3	912
58525	0	0	0	0	1249	34910	0	1249	3	1246
