55345	0	0	0	0	4429	56526	25967	4429	1641	2788
55968	0	0	0	0	3806	56990	26125	3806	1783	2023
55682	0	0	0	0	4092	57128	26138	4092	1780	2312
55331	0	0	0	0	4443	57303	26504	4443	1744	2699
55574	0	0	0	0	4200	56458	25920	4200	1586	2614
55262	0	0	0	0	4512	56899	26238	4512	1735	2777
55674	0	0	0	0	4100	56551	25795	4100	1655	2445
55224	0	0	0	0	4550	56904	26161	4550	1736	2814
56090	0	0	0	0	3684	57076	26320	3684	1662	2022
55913	0	0	0	0	3861	57052	26208	3861	1644	2217
55713	0	0	0	0	4061	56420	25959	4061	1657	2404
54947	0	0	0	0	4827	56576	25914	4827	1678	3149
55023	0	0	0	0	4751	57063	26219	4751	1794	2957
55732	0	0	0	0	4042	56389	26123	4042	1632	2410
55937	0	0	0	0	3837	57143	26095	3837	1662	2175
55394	0	0	0	0	4380	57065	26442	4380	1702	2678
55944	0	0	0	0	3830	57036	26126	3830	1664	2166
55230	0	0	0	0	4544	56957	26263	4544	1655	2889
56021	0	0	0	0	3753	57012	25933	3753	1674	2079
54931	0	0	0	0	4843	57037	26178	4843	1661	3182
55759	0	0	0	0	4015	56687	26185	4015	1702	2313
55730	0	0	0	0	4044	57139	26359	4044	1602	2442
55669	0	0	0	0	4105	56218	25945	4105	1609	2496
55407	0	0	0	0	4367	56982	26325	4367	1699	2668
55293	0	0	0	0	4481	57170	26338	4481	1752	2729
55388	0	0	0	0	4386	57041	26036	4386	1729	2657
55388	0	0	0	0	4386	56983	26163	4386	1625	2761
55474	0	0	0	0	4300	56920	26081	4300	1554	2746
55670	0	0	0	0	4104	56653	25887	4104	1674	2430
55405	0	0	0	0	4369	56740	26025	4369	1599	2770
56168	0	0	0	0	3606	57104	26154	3606	1679	1927
55265	0	0	0	0	4509	56725	25947	4509	1592	2917
55477	0	0	0	0	4297	57007	26286	4297	1731	2566
55625	0	0	0	0	4149	56610	25953	4149	1557	2592
56339	0	0	0	0	3435	57089	26208	3435	1670	1765
55632	0	0	0	0	4142	56351	25795	4142	1655	2487
56004	0	0	0	0	3770	57079	26140	3770	1680	2090
54785	0	0	0	0	4989	57137	26110	4989	1698	3291
56340	0	0	0	0	3434	56771	25947	3434	1638	1796
55202	0	0	0	0	4572	57024	26113	4572	1668	2904
56160	0	0	0	0	3614	56493	25924	3614	1654	1960
55693	0	0	0	0	4081	56387	25910	4081	1616	2465
55214	0	0	0	0	4560	57092	26289	4560	1745	2815
55737	0	0	0	0	4037	56508	26000	4037	1574	2463
55498	0	0	0	0	4276	56834	26174	4276	1786	2490
55670	0	0	0	0	4104	56273	25755	4104	1649	2455
55734	0	0	0	0	4040	56903	26161	4040	1737	2303
56210	0	0	0	0	3564	57032	26263	3564	1660	1904
55605	0	0	0	0	4169	56378	25982	4169	1641	2528
55016	0	0	0	0	4758	56940	26130	4758	1655	3103
55808	0	0	0	0	3966	57175	26542	3966	1625	2341
55990	0	0	0	0	3784	56578	25951	3784	1631	2153
55701	0	0	0	0	4073	56537	26302	4073	1625	2448
55800	0	0	0	0	3974	56676	26020	3974	1569	2405
55712	0	0	0	0	4062	56529	25949	4062	1594	2468
55484	0	0	0	0	4290	57014	26167	4290	1670	2620
55400	0	0	0	0	4374	57203	26401	4374	1681	2693
55722	0	0	0	0	4052	56194	25822	4052	1654	2398
55387	0	0	0	0	4387	56719	25934	4387	1672	2715
55685	0	0	0	0	4089	57086	26139	4089	1631	2458
55781	0	0	0	0	3993	56680	25978	3993	1585	2408
55517	0	0	0	0	4257	57088	26283	4257	1658	2599
55270	0	0	0	0	4504	57033	26154	4504	1733	2771
56002	0	0	0	0	3772	57072	26075	3772	1624	2148
55526	0	0	0	0	4248	56461	25847	4248	1633	2615
56119	0	0	0	0	3655	57004	26259	3655	1727	1928
55406	0	0	0	0	4368	56921	26194	4368	1654	2714
55192	0	0	0	0	4582	56948	26227	4582	1718	2864
56451	0	0	0	0	3323	56760	26139	3323	1542	1781
55254	0	0	0	0	4520	57084	26336	4520	1593	2927
55109	0	0	0	0	4665	56979	26253	4665	1779	2886
56166	0	0	0	0	3608	56387	25876	3608	1591	2017
55991	0	0	0	0	3783	56297	25661	3783	1573	2210
56131	0	0	0	0	3643	56694	25968	3643	1654	1989
56274	0	0	0	0	3500	57077	26282	3500	1674	1826
55901	0	0	0	0	3873	56997	26188	3873	1701	2172
56096	0	0	0	0	3678	56955	25943	3678	1613	2065
55108	0	0	0	0	4666	57276	26296	4666	1770	2896
55736	0	0	0	0	4038	56701	25999	4038	1682	2356
55688	0	0	0	0	4086	57252	26286	4086	1634	2452
55584	0	0	0	0	4190	56985	26170	4190	1713	2477
55326	0	0	0	0	4448	56841	26209	4448	1688	2760
55571	0	0	0	0	4203	57071	26249	4203	1625	2578
55934	0	0	0	0	3840	56476	25995	3840	1530	2310
55342	0	0	0	0	4432	56998	26287	4432	1669	2763
55918	0	0	0	0	3856	56964	26242	3856	1601	2255
56223	0	0	0	0	3551	56883	26184	3551	1620	1931
56031	0	0	0	0	3743	56812	26051	3743	1697	2046
55646	0	0	0	0	4128	57065	26276	4128	1727	2401
56275	0	0	0	0	3499	56527	26092	3499	1583	1916
56174	0	0	0	0	3600	57009	26342	3600	1745	1855
55875	0	0	0	0	3899	56959	26166	3899	1599	2300
56214	0	0	0	0	3560	57033	26187	3560	1657	1903
56295	0	0	0	0	3479	57028	26195	3479	1704	1775
55413	0	0	0	0	4361	57089	26197	4361	1689	2672
55003	0	0	0	0	4771	57027	26416	4771	1700	3071
55848	0	0	0	0	3926	56888	26173	3926	1659	2267
55608	0	0	0	0	4166	56401	25807	4166	1572	2594
55023	0	0	0	0	4751	56782	26236	4751	1681	3070
55454	0	0	0	0	4320	56417	25933	4320	1628	2692
55635	0	0	0	0	4139	56535	26023	4139	1664	2475
56372	0	0	0	0	3402	56639	25910	3402	1613	1789
56000	0	0	0	0	3774	56952	26176	3774	1754	2020
55058	0	0	0	0	4716	57135	26513	4716	1664	3052
55532	0	0	0	0	4242	56962	25978	4242	1746	2496
55726	0	0	0	0	4048	57163	26333	4048	1685	2363
55670	0	0	0	0	4104	57052	26153	4104	1749	2355
56438	0	0	0	0	3336	57128	26091	3336	1682	1654
55748	0	0	0	0	4026	57041	26405	4026	1700	2326
55324	0	0	0	0	4450	57036	26138	4450	1771	2679
55904	0	0	0	0	3870	56905	25940	3870	1684	2186
55566	0	0	0	0	4208	56359	25895	4208	1604	2604
55489	0	0	0	0	4285	56926	26140	4285	1730	2555
55054	0	0	0	0	4720	57024	26246	4720	1662	3058
55950	0	0	0	0	3824	57101	26085	3824	1708	2116
55987	0	0	0	0	3787	56836	26181	3787	1626	2161
56168	0	0	0	0	3606	56809	26134	3606	1624	1982
55054	0	0	0	0	4720	57082	26342	4720	1737	2983
55365	0	0	0	0	4409	56976	26062	4409	1705	2704
56030	0	0	0	0	3744	57033	26348	3744	1692	2052
55943	0	0	0	0	3831	56753	26276	3831	1665	2166
55407	0	0	0	0	4367	56205	25732	4367	1664	2703
55912	0	0	0	0	3862	56902	26039	3862	1702	2160
55193	0	0	0	0	4581	56371	25872	4581	1622	2959
56067	0	0	0	0	3707	57059	26141	3707	1572	2135
55773	0	0	0	0	4001	57239	26198	4001	1648	2353
55574	0	0	0	0	4200	57077	26198	4200	1639	2561
55866	0	0	0	0	3908	57097	26371	3908	1655	2253
56143	0	0	0	0	3631	57182	26148	3631	1657	1974
55705	0	0	0	0	4069	56699	26088	4069	1678	2391
55869	0	0	0	0	3905	56537	26053	3905	1597	2308
56314	0	0	0	0	3460	56460	25753	3460	1620	1840
55822	0	0	0	0	3952	56812	26202	3952	1693	2259
55319	0	0	0	0	4455	56552	26170	4455	1646	2809
56094	0	0	0	0	3680	56556	25752	3680	1616	2064
55365	0	0	0	0	4409	56165	25974	4409	1661	2748
55110	0	0	0	0	4664	56873	26318	4664	1757	2907
55940	0	0	0	0	3834	57108	26236	3834	1679	2155
55547	0	0	0	0	4227	56809	25950	4227	1586	2641
55769	0	0	0	0	4005	57033	26296	4005	1658	2347
55694	0	0	0	0	4080	56522	25954	4080	1713	2367
55314	0	0	0	0	4460	57033	26318	4460	1688	2772
55621	0	0	0	0	4153	57146	26399	4153	1652	2501
56057	0	0	0	0	3717	56476	25848	3717	1621	2096
55397	0	0	0	0	4377	57046	26242	4377	1774	2603
55598	0	0	0	0	4176	56779	26321	4176	1688	2488
55359	0	0	0	0	4415	57336	26393	4415	1628	2787
55259	0	0	0	0	4515	57010	26167	4515	1669	2846
55449	0	0	0	0	4325	56319	25878	4325	1682	2643
55214	0	0	0	0	4560	56879	26107	4560	1763	2797
55691	0	0	0	0	4083	56975	26091	4083	1724	2359
55414	0	0	0	0	4360	57167	26104	4360	1638	2722
55174	0	0	0	0	4600	56729	26350	4600	1676	2924
56255	0	0	0	0	3519	56334	25767	3519	1574	1945
55484	0	0	0	0	4290	56553	26070	4290	1643	2647
55953	0	0	0	0	3821	56651	25983	3821	1583	2238
55682	0	0	0	0	4092	57177	26318	4092	1634	2458
55843	0	0	0	0	3931	56505	25996	3931	1652	2279
55800	0	0	0	0	3974	57143	26288	3974	1670	2304
55554	0	0	0	0	4220	57062	26300	4220	1663	2557
54936	0	0	0	0	4838	57249	26167	4838	1698	3140
55191	0	0	0	0	4583	57051	26320	4583	1738	2845
55594	0	0	0	0	4180	57026	26217	4180	1631	2549
56214	0	0	0	0	3560	57067	26223	3560	1670	1890
55605	0	0	0	0	4169	56757	26190	4169	1764	2405
55320	0	0	0	0	4454	57228	26559	4454	1747	2707
55821	0	0	0	0	3953	56825	26047	3953	1638	2315
55534	0	0	0	0	4240	57056	26335	4240	1642	2598
55781	0	0	0	0	3993	56977	26378	3993	1632	2361
55110	0	0	0	0	4664	57001	26356	4664	1679	2985
55433	0	0	0	0	4341	56798	26280	4341	1773	2568
55919	0	0	0	0	3855	56750	26218	3855	1709	2146
55882	0	0	0	0	3892	57199	26123	3892	1687	2205
55404	0	0	0	0	4370	56675	26119	4370	1673	2697
55956	0	0	0	0	3818	56903	26137	3818	1634	2184
56682	0	0	0	0	3092	56864	26181	3092	1690	1402
55879	0	0	0	0	3895	56779	26082	3895	1626	2269
54940	0	0	0	0	4834	56913	25963	4834	1784	3050
55296	0	0	0	0	4478	56610	25872	4478	1752	2726
55530	0	0	0	0	4244	57080	26141	4244	1689	2555
56313	0	0	0	0	3461	56751	26182	3461	1695	1766
55820	0	0	0	0	3954	57216	26139	3954	1668	2286
56122	0	0	0	0	3652	57263	26161	3652	1663	1989
55418	0	0	0	0	4356	56976	26149	4356	1705	2651
55762	0	0	0	0	4012	56896	26118	4012	1712	2300
56165	0	0	0	0	3609	56737	26350	3609	1735	1874
56380	0	0	0	0	3394	56935	26121	3394	1682	1712
55626	0	0	0	0	4148	57077	26365	4148	1710	2438
55455	0	0	0	0	4319	56989	26053	4319	1749	2570
55241	0	0	0	0	4533	57105	26193	4533	1643	2890
55291	0	0	0	0	4483	57084	26438	4483	1651	2832
55435	0	0	0	0	4339	56669	25804	4339	1673	2666
55533	0	0	0	0	4241	56496	25813	4241	1670	2571
56215	0	0	0	0	3559	57123	26039	3559	1729	1830
55555	0	0	0	0	4219	56963	26136	4219	1744	2475
55248	0	0	0	0	4526	57003	26135	4526	1686	2840
55184	0	0	0	0	4590	57124	26271	4590	1773	2817
55657	0	0	0	0	4117	56639	25952	4117	1602	2515
55454	0	0	0	0	4320	57130	26364	4320	1633	2687
55370	0	0	0	0	4404	57074	26129	4404	1681	2723
56203	0	0	0	0	3571	56905	26186	3571	1655	1916
56159	0	0	0	0	3615	56897	26165	3615	1665	1950
55713	0	0	0	0	4061	57093	25984	4061	1673	2388
55413	0	0	0	0	4361	56519	26026	4361	1669	2692
55283	0	0	0	0	4491	56371	25790	4491	1643	2848
56008	0	0	0	0	3766	57143	26342	3766	1663	2103
55688	0	0	0	0	4086	57037	26332	4086	1667	2419
56028	0	0	0	0	3746	56391	25880	3746	1610	2136
56059	0	0	0	0	3715	57315	26126	3715	1668	2047
55070	0	0	0	0	4704	57006	26396	4704	1726	2978
55384	0	0	0	0	4390	57139	26150	4390	1663	2727
55931	0	0	0	0	3843	57149	26224	3843	1623	2220
55750	0	0	0	0	4024	56940	26187	4024	1781	2243
55322	0	0	0	0	4452	56547	25779	4452	1591	2861
55834	0	0	0	0	3940	56944	26200	3940	1698	2242
56359	0	0	0	0	3415	56467	25963	3415	1610	1805
55580	0	0	0	0	4194	56922	26322	4194	1769	2425
56023	0	0	0	0	3751	56519	25846	3751	1559	2192
56021	0	0	0	0	3753	56424	25592	3753	1591	2162
55888	0	0	0	0	3886	57101	26436	3886	1712	2174
55922	0	0	0	0	3852	57054	26191	3852	1658	2194
55911	0	0	0	0	3863	56576	25985	3863	1644	2219
55632	0	0	0	0	4142	57070	26325	4142	1597	2545
55397	0	0	0	0	4377	56971	26149	4377	1689	2688
55756	0	0	0	0	4018	57203	26376	4018	1680	2338
56058	0	0	0	0	3716	56585	26015	3716	1578	2138
56459	0	0	0	0	3315	56383	25968	3315	1534	1781
54770	0	0	0	0	5004	56985	26200	5004	1613	3391
56343	0	0	0	0	3431	57331	26314	3431	1672	1759
55873	0	0	0	0	3901	57098	26127	3901	1665	2236
56235	0	0	0	0	3539	56765	26088	3539	1667	1872
55546	0	0	0	0	4228	56485	26000	4228	1600	2628
55756	0	0	0	0	4018	56497	26061	4018	1632	2386
55826	0	0	0	0	3948	56856	26081	3948	1647	2301
55711	0	0	0	0	4063	56617	26004	4063	1648	2415
56350	0	0	0	0	3424	56473	26019	3424	1652	1772
56179	0	0	0	0	3595	57122	26063	3595	1567	2028
56077	0	0	0	0	3697	57075	26235	3697	1651	2046
56108	0	0	0	0	3666	56766	25873	3666	1654	2012
55304	0	0	0	0	4470	57017	26372	4470	1633	2837
56196	0	0	0	0	3578	57201	26240	3578	1706	1872
55466	0	0	0	0	4308	57057	26149	4308	1765	2543
55722	0	0	0	0	4052	56575	25787	4052	1591	2461
55845	0	0	0	0	3929	56648	26068	3929	1764	2165
55519	0	0	0	0	4255	56429	25896	4255	1645	2610
55539	0	0	0	0	4235	57133	26336	4235	1621	2614
56298	0	0	0	0	3476	57258	26484	3476	1685	1791
56213	0	0	0	0	3561	56774	26166	3561	1676	1885
55285	0	0	0	0	4489	56979	26368	4489	1752	2737
55668	0	0	0	0	4106	57021	26301	4106	1668	2438
55503	0	0	0	0	4271	57011	26341	4271	1599	2672
55750	0	0	0	0	4024	57068	26262	4024	1668	2356
56277	0	0	0	0	3497	56688	26046	3497	1619	1878
55308	0	0	0	0	4466	57142	26621	4466	1577	2889
55929	0	0	0	0	3845	56988	26063	3845	1718	2127
55387	0	0	0	0	4387	57344	26485	4387	1679	2708
55777	0	0	0	0	3997	56177	26010	3997	1626	2371
55375	0	0	0	0	4399	57074	26326	4399	1643	2756
56605	0	0	0	0	3169	57235	26393	3169	1665	1504
55301	0	0	0	0	4473	57163	26174	4473	1703	2770
55361	0	0	0	0	4413	57060	26304	4413	1655	2758
55750	0	0	0	0	4024	56458	25970	4024	1634	2390
55879	0	0	0	0	3895	57042	26169	3895	1627	2268
56028	0	0	0	0	3746	56354	25857	3746	1695	2051
55886	0	0	0	0	3888	56573	26079	3888	1682	2206
55634	0	0	0	0	4140	56925	26037	4140	1667	2473
55159	0	0	0	0	4615	56932	26221	4615	1670	2945
55318	0	0	0	0	4456	56546	25848	4456	1629	2827
55621	0	0	0	0	4153	57065	26282	4153	1668	2485
55566	0	0	0	0	4208	57010	26400	4208	1729	2479
55719	0	0	0	0	4055	57047	26050	4055	1759	2296
56020	0	0	0	0	3754	56375	25888	3754	1687	2067
55901	0	0	0	0	3873	56607	25830	3873	1601	2272
55980	0	0	0	0	3794	56499	25880	3794	1564	2230
55687	0	0	0	0	4087	57245	26475	4087	1607	2480
55702	0	0	0	0	4072	56462	25736	4072	1595	2477
54971	0	0	0	0	4803	56984	26147	4803	1755	3048
55484	0	0	0	0	4290	57011	26400	4290	1739	2551
55639	0	0	0	0	4135	57088	26117	4135	1725	2410
56215	0	0	0	0	3559	56496	25926	3559	1621	1938
55110	0	0	0	0	4664	56855	26087	4664	1715	2949
55491	0	0	0	0	4283	56353	25728	4283	1688	2595
55413	0	0	0	0	4361	56370	25980	4361	1680	2681
55727	0	0	0	0	4047	56610	25997	4047	1648	2399
55347	0	0	0	0	4427	56757	26245	4427	1659	2768
55465	0	0	0	0	4309	56409	26001	4309	1592	2717
56022	0	0	0	0	3752	56954	26175	3752	1695	2057
56015	0	0	0	0	3759	57094	26352	3759	1649	2110
55312	0	0	0	0	4462	56886	26119	4462	1704	2758
55630	0	0	0	0	4144	56970	26205	4144	1692	2452
55414	0	0	0	0	4360	56449	25737	4360	1619	2741
55587	0	0	0	0	4187	56585	26053	4187	1608	2579
55732	0	0	0	0	4042	57008	26149	4042	1745	2297
56426	0	0	0	0	3348	56804	26080	3348	1738	1610
55140	0	0	0	0	4634	57049	26156	4634	1741	2893
56290	0	0	0	0	3484	56838	26143	3484	1639	1845
55634	0	0	0	0	4140	56413	26031	4140	1665	2475
55590	0	0	0	0	4184	56347	25984	4184	1614	2570
55923	0	0	0	0	3851	56471	25688	3851	1687	2164
55334	0	0	0	0	4440	56950	25967	4440	1686	2754
55427	0	0	0	0	4347	56478	25952	4347	1634	2713
56433	0	0	0	0	3341	56500	25870	3341	1649	1692
55528	0	0	0	0	4246	57047	26083	4246	1704	2542
55414	0	0	0	0	4360	57059	26078	4360	1683	2677
55904	0	0	0	0	3870	56594	26146	3870	1616	2254
56235	0	0	0	0	3539	56377	25885	3539	1535	2004
55276	0	0	0	0	4498	56969	26095	4498	1667	2831
55717	0	0	0	0	4057	57142	26180	4057	1628	2429
55719	0	0	0	0	4055	57124	26195	4055	1707	2348
56132	0	0	0	0	3642	56490	26146	3642	1628	2014
55315	0	0	0	0	4459	56645	26131	4459	1670	2789
55746	0	0	0	0	4028	56952	26123	4028	1648	2380
56364	0	0	0	0	3410	56620	26050	3410	1615	1795
55913	0	0	0	0	3861	57170	26198	3861	1665	2196
56192	0	0	0	0	3582	57010	26290	3582	1700	1882
55394	0	0	0	0	4380	56515	26062	4380	1620	2760
55854	0	0	0	0	3920	57007	26145	3920	1669	2251
55759	0	0	0	0	4015	57039	26224	4015	1549	2466
56269	0	0	0	0	3505	56524	25982	3505	1605	1900
55475	0	0	0	0	4299	56425	26028	4299	1607	2692
55766	0	0	0	0	4008	56572	26093	4008	1566	2442
55425	0	0	0	0	4349	56498	26035	4349	1617	2732
56471	0	0	0	0	3303	56143	25827	3303	1627	1676
55611	0	0	0	0	4163	56228	25687	4163	1635	2528
55666	0	0	0	0	4108	56988	26208	4108	1665	2443
55853	0	0	0	0	3921	56298	25711	3921	1614	2307
54947	0	0	0	0	4827	57084	26290	4827	1698	3129
55794	0	0	0	0	3980	57056	26215	3980	1714	2266
55324	0	0	0	0	4450	56769	25879	4450	1703	2747
55605	0	0	0	0	4169	56926	26204	4169	1603	2566
56067	0	0	0	0	3707	56429	26121	3707	1532	2175
55604	0	0	0	0	4170	56793	26029	4170	1681	2489
55725	0	0	0	0	4049	56971	25950	4049	1684	2365
55756	0	0	0	0	4018	57192	26128	4018	1638	2380
56030	0	0	0	0	3744	57030	26191	3744	1694	2050
55849	0	0	0	0	3925	56412	25861	3925	1569	2356
55269	0	0	0	0	4505	57002	26101	4505	1725	2780
56032	0	0	0	0	3742	57093	26296	3742	1660	2082
55616	0	0	0	0	4158	56874	25973	4158	1681	2477
55422	0	0	0	0	4352	56596	25938	4352	1694	2658
56489	0	0	0	0	3285	56244	25758	3285	1558	1727
55517	0	0	0	0	4257	56436	25990	4257	1633	2624
55834	0	0	0	0	3940	56951	26293	3940	1677	2263
55367	0	0	0	0	4407	57195	26099	4407	1678	2729
55757	0	0	0	0	4017	56682	25879	4017	1773	2244
55349	0	0	0	0	4425	56936	26150	4425	1629	2796
55243	0	0	0	0	4531	57053	26260	4531	1647	2884
55841	0	0	0	0	3933	56197	25832	3933	1529	2404
56066	0	0	0	0	3708	56595	26023	3708	1721	1987
56156	0	0	0	0	3618	57038	26425	3618	1691	1927
55770	0	0	0	0	4004	56912	26301	4004	1728	2276
55451	0	0	0	0	4323	57033	26289	4323	1666	2657
56289	0	0	0	0	3485	57052	26418	3485	1685	1800
55737	0	0	0	0	4037	57238	26328	4037	1576	2461
55227	0	0	0	0	4547	57299	26440	4547	1687	2860
55842	0	0	0	0	3932	56461	25833	3932	1637	2295
56289	0	0	0	0	3485	56202	25880	3485	1649	1836
56284	0	0	0	0	3490	57097	26455	3490	1611	1879
55777	0	0	0	0	3997	56666	25927	3997	1677	2320
56042	0	0	0	0	3732	56842	26007	3732	1633	2099
55534	0	0	0	0	4240	56415	25950	4240	1564	2676
55142	0	0	0	0	4632	57058	26227	4632	1688	2944
55912	0	0	0	0	3862	57152	26194	3862	1661	2201
55430	0	0	0	0	4344	56598	26168	4344	1613	2731
55313	0	0	0	0	4461	56510	25923	4461	1667	2794
55864	0	0	0	0	3910	57100	26217	3910	1604	2306
55480	0	0	0	0	4294	56482	25885	4294	1639	2655
55991	0	0	0	0	3783	57108	26315	3783	1690	2093
54987	0	0	0	0	4787	56916	26232	4787	1687	3100
56023	0	0	0	0	3751	57044	26120	3751	1682	2069
55662	0	0	0	0	4112	57196	26454	4112	1686	2426
55538	0	0	0	0	4236	56986	26211	4236	1636	2600
55897	0	0	0	0	3877	56916	25993	3877	1679	2198
55607	0	0	0	0	4167	56956	26386	4167	1751	2416
56347	0	0	0	0	3427	57085	26338	3427	1686	1741
56101	0	0	0	0	3673	56339	25882	3673	1652	2021
56351	0	0	0	0	3423	56591	26013	3423	1616	1807
55486	0	0	0	0	4288	56609	26167	4288	1695	2593
55633	0	0	0	0	4141	56878	26074	4141	1719	2422
56214	0	0	0	0	3560	57059	26253	3560	1693	1867
56098	0	0	0	0	3676	56856	26107	3676	1683	1993
56251	0	0	0	0	3523	57061	26173	3523	1686	1837
55385	0	0	0	0	4389	56491	25847	4389	1615	2774
55596	0	0	0	0	4178	56481	26050	4178	1636	2542
55239	0	0	0	0	4535	57075	26091	4535	1759	2776
55025	0	0	0	0	4749	56988	25997	4749	1740	3009
54953	0	0	0	0	4821	56897	26015	4821	1766	3055
55793	0	0	0	0	3981	56691	25800	3981	1688	2293
55479	0	0	0	0	4295	56953	26220	4295	1661	2634
55564	0	0	0	0	4210	57190	26105	4210	1653	2557
55476	0	0	0	0	4298	57118	26305	4298	1663	2635
55635	0	0	0	0	4139	57071	26045	4139	1738	2401
56138	0	0	0	0	3636	56958	26104	3636	1714	1922
55143	0	0	0	0	4631	56455	26207	4631	1595	3036
56142	0	0	0	0	3632	57201	26310	3632	1675	1957
55591	0	0	0	0	4183	56762	26223	4183	1630	2553
55590	0	0	0	0	4184	56821	26137	4184	1713	2471
55840	0	0	0	0	3934	56549	25811	3934	1641	2293
56203	0	0	0	0	3571	56448	25811	3571	1692	1879
55390	0	0	0	0	4384	56520	26188	4384	1648	2736
55626	0	0	0	0	4148	57074	26091	4148	1633	2515
55640	0	0	0	0	4134	56782	25974	4134	1701	2433
55251	0	0	0	0	4523	56421	25822	4523	1661	2862
55960	0	0	0	0	3814	57209	26296	3814	1661	2153
55547	0	0	0	0	4227	56947	26110	4227	1647	2580
55907	0	0	0	0	3867	57125	26151	3867	1617	2250
55583	0	0	0	0	4191	57041	26297	4191	1747	2444
55811	0	0	0	0	3963	56547	26071	3963	1581	2382
55398	0	0	0	0	4376	57035	26298	4376	1677	2699
55186	0	0	0	0	4588	57160	26328	4588	1798	2790
56141	0	0	0	0	3633	56877	26017	3633	1698	1935
55838	0	0	0	0	3936	56862	25897	3936	1660	2276
55958	0	0	0	0	3816	56975	26284	3816	1631	2185
55997	0	0	0	0	3777	56889	26120	3777	1581	2196
56127	0	0	0	0	3647	56831	26367	3647	1620	2027
55065	0	0	0	0	4709	57055	26250	4709	1742	2967
55985	0	0	0	0	3789	56494	26109	3789	1721	2068
55799	0	0	0	0	3975	57049	26175	3975	1600	2375
55235	0	0	0	0	4539	56521	26084	4539	1618	2921
55524	0	0	0	0	4250	57318	26290	4250	1644	2606
55318	0	0	0	0	4456	56963	26141	4456	1798	2658
55232	0	0	0	0	4542	56970	26044	4542	1761	2781
55515	0	0	0	0	4259	56555	25919	4259	1632	2627
56138	0	0	0	0	3636	56815	26071	3636	1674	1962
55937	0	0	0	0	3837	56977	26320	3837	1697	2140
55813	0	0	0	0	3961	56458	25977	3961	1604	2357
56345	0	0	0	0	3429	57040	26116	3429	1664	1765
55579	0	0	0	0	4195	56997	26250	4195	1659	2536
56050	0	0	0	0	3724	56771	25911	3724	1641	2083
56365	0	0	0	0	3409	57188	26287	3409	1709	1700
55770	0	0	0	0	4004	56639	26170	4004	1672	2332
55131	0	0	0	0	4643	56701	26106	4643	1719	2924
56250	0	0	0	0	3524	56461	25962	3524	1581	1943
56300	0	0	0	0	3474	56888	26254	3474	1654	1820
55357	0	0	0	0	4417	56557	26045	4417	1605	2812
56377	0	0	0	0	3397	56214	25750	3397	1556	1841
54917	0	0	0	0	4857	57018	26145	4857	1656	3201
55385	0	0	0	0	4389	56845	26171	4389	1659	2730
55382	0	0	0	0	4392	56704	25884	4392	1668	2724
55228	0	0	0	0	4546	57179	26473	4546	1680	2866
56341	0	0	0	0	3433	56761	26144	3433	1654	1779
55564	0	0	0	0	4210	57029	26132	4210	1758	2452
55284	0	0	0	0	4490	57158	26142	4490	1707	2783
55928	0	0	0	0	3846	56431	25675	3846	1642	2204
56197	0	0	0	0	3577	56326	25827	3577	1636	1941
55245	0	0	0	0	4529	57249	26403	4529	1731	2798
55191	0	0	0	0	4583	57050	26165	4583	1676	2907
56069	0	0	0	0	3705	57129	26397	3705	1681	2024
55740	0	0	0	0	4034	56709	25912	4034	1618	2416
55688	0	0	0	0	4086	56244	25987	4086	1617	2469
55600	0	0	0	0	4174	57074	26191	4174	1719	2455
55727	0	0	0	0	4047	56305	25938	4047	1590	2457
55300	0	0	0	0	4474	57065	26166	4474	1741	2733
55933	0	0	0	0	3841	56767	25946	3841	1620	2221
55382	0	0	0	0	4392	57131	26154	4392	1749	2643
55317	0	0	0	0	4457	56784	26120	4457	1697	2760
55592	0	0	0	0	4182	56906	26026	4182	1675	2507
55236	0	0	0	0	4538	57280	26300	4538	1618	2920
55555	0	0	0	0	4219	57024	26150	4219	1644	2575
55555	0	0	0	0	4219	56418	26070	4219	1596	2623
55544	0	0	0	0	4230	57168	26396	4230	1760	2470
55724	0	0	0	0	4050	57120	26133	4050	1700	2350
56152	0	0	0	0	3622	56485	25895	3622	1639	1983
56130	0	0	0	0	3644	56908	26171	3644	1695	1949
56385	0	0	0	0	3389	56701	25988	3389	1649	1740
55740	0	0	0	0	4034	57098	26195	4034	1669	2365
55980	0	0	0	0	3794	57017	26256	3794	1606	2188
55725	0	0	0	0	4049	57136	26325	4049	1620	2429
56092	0	0	0	0	3682	56735	26148	3682	1706	1976
55872	0	0	0	0	3902	56987	26094	3902	1664	2238
55935	0	0	0	0	3839	56586	26028	3839	1477	2362
56094	0	0	0	0	3680	56319	25781	3680	1578	2102
55457	0	0	0	0	4317	57010	26174	4317	1665	2652
55960	0	0	0	0	3814	57166	26159	3814	1625	2189
55657	0	0	0	0	4117	56789	26131	4117	1651	2466
55211	0	0	0	0	4563	56997	26145	4563	1671	2892
55652	0	0	0	0	4122	56454	26085	4122	1635	2487
55323	0	0	0	0	4451	56462	25745	4451	1671	2780
55873	0	0	0	0	3901	56229	25862	3901	1621	2280
55567	0	0	0	0	4207	56926	25900	4207	1602	2605
55712	0	0	0	0	4062	57065	26309	4062	1699	2363
55379	0	0	0	0	4395	57068	26111	4395	1835	2560
55272	0	0	0	0	4502	57135	26158	4502	1708	2794
56310	0	0	0	0	3464	56969	26171	3464	1610	1854
55967	0	0	0	0	3807	56953	26061	3807	1724	2083
55837	0	0	0	0	3937	56965	26258	3937	1680	2257
55414	0	0	0	0	4360	56961	26039	4360	1698	2662
55695	0	0	0	0	4079	57041	26112	4079	1758	2321
55260	0	0	0	0	4514	57268	26264	4514	1656	2858
55234	0	0	0	0	4540	56487	25742	4540	1623	2917
55791	0	0	0	0	3983	56977	26163	3983	1754	2229
55271	0	0	0	0	4503	57008	26039	4503	1745	2758
55109	0	0	0	0	4665	56752	26250	4665	1758	2907
55630	0	0	0	0	4144	56962	26261	4144	1731	2413
55699	0	0	0	0	4075	56671	26151	4075	1524	2551
55250	0	0	0	0	4524	56696	26078	4524	1728	2796
55423	0	0	0	0	4351	57210	26108	4351	1658	2693
55448	0	0	0	0	4326	56596	26002	4326	1598	2728
55958	0	0	0	0	3816	57079	26117	3816	1647	2169
55587	0	0	0	0	4187	57052	26043	4187	1618	2569
