35338	0	0	0	0	24436	44645	0	24436	14569	9867
34886	0	0	0	0	24888	44621	0	24888	14544	10344
35537	0	0	0	0	24237	44623	0	24237	14529	9708
35389	0	0	0	0	24385	44357	0	24385	14264	10121
34808	0	0	0	0	24966	44634	0	24966	14535	10431
34742	0	0	0	0	25032	44599	0	25032	14537	10495
36205	0	0	0	0	23569	44617	0	23569	14543	9026
35549	0	0	0	0	24225	44632	0	24225	14540	9685
35263	0	0	0	0	24511	44634	0	24511	14541	9970
35559	0	0	0	0	24215	44626	0	24215	14548	9667
35432	0	0	0	0	24342	44615	0	24342	14556	9786
36014	0	0	0	0	23760	44468	0	23760	14268	9492
36103	0	0	0	0	23671	44428	0	23671	14330	9341
36231	0	0	0	0	23543	44395	0	23543	14363	9180
35784	0	0	0	0	23990	44639	0	23990	14461	9529
36519	0	0	0	0	23255	44359	0	23255	14314	8941
36072	0	0	0	0	23702	44683	0	23702	14557	9145
36606	0	0	0	0	23168	44445	0	23168	14298	8870
35441	0	0	0	0	24333	44659	0	24333	14536	9797
36020	0	0	0	0	23754	44450	0	23754	14308	9446
36288	0	0	0	0	23486	44361	0	23486	14335	9151
35875	0	0	0	0	23899	44507	0	23899	14409	9490
35523	0	0	0	0	24251	44651	0	24251	14547	9704
35391	0	0	0	0	24383	44583	0	24383	14509	9874
36329	0	0	0	0	23445	44419	0	23445	14344	9101
35414	0	0	0	0	24360	44641	0	24360	14558	9802
35434	0	0	0	0	24340	44626	0	24340	14544	9796
35958	0	0	0	0	23816	44640	0	23816	14518	9298
35514	0	0	0	0	24260	44623	0	24260	14516	9744
35684	0	0	0	0	24090	44732	0	24090	14595	9495
35549	0	0	0	0	24225	44586	0	24225	14547	9678
35505	0	0	0	0	24269	44428	0	24269	14323	9946
36219	0	0	0	0	23555	44591	0	23555	14509	9046
35722	0	0	0	0	24052	44649	0	24052	14528	9524
35659	0	0	0	0	24115	44432	0	24115	14342	9773
35532	0	0	0	0	24242	44651	0	24242	14582	9660
35735	0	0	0	0	24039	44474	0	24039	14310	9729
35777	0	0	0	0	23997	44411	0	23997	14312	9685
35177	0	0	0	0	24597	44584	0	24597	14530	10067
35886	0	0	0	0	23888	44611	0	23888	14530	9358
34994	0	0	0	0	24780	44677	0	24780	14523	10257
35942	0	0	0	0	23832	44480	0	23832	14338	9494
35782	0	0	0	0	23992	44654	0	23992	14525	9467
35867	0	0	0	0	23907	44611	0	23907	14517	9390
36271	0	0	0	0	23503	44423	0	23503	14325	9178
35879	0	0	0	0	23895	44619	0	23895	14503	9392
35447	0	0	0	0	24327	44654	0	24327	14543	9784
35545	0	0	0	0	24229	44436	0	24229	14294	9935
35514	0	0	0	0	24260	44638	0	24260	14513	9747
35561	0	0	0	0	24213	44584	0	24213	14559	9654
36310	0	0	0	0	23464	44406	0	23464	14311	9153
35893	0	0	0	0	23881	44608	0	23881	14496	9385
35236	0	0	0	0	24538	44549	0	24538	14388	10150
35327	0	0	0	0	24447	44664	0	24447	14565	9882
35104	0	0	0	0	24670	44609	0	24670	14543	10127
36172	0	0	0	0	23602	44432	0	23602	14344	9258
35581	0	0	0	0	24193	44619	0	24193	14527	9666
35797	0	0	0	0	23977	44621	0	23977	14524	9453
35947	0	0	0	0	23827	44434	0	23827	14351	9476
35231	0	0	0	0	24543	44624	0	24543	14515	10028
35734	0	0	0	0	24040	44503	0	24040	14349	9691
36058	0	0	0	0	23716	44670	0	23716	14533	9183
35810	0	0	0	0	23964	44469	0	23964	14335	9629
35675	0	0	0	0	24099	44397	0	24099	14335	9764
35735	0	0	0	0	24039	44614	0	24039	14554	9485
35926	0	0	0	0	23848	44438	0	23848	14301	9547
36543	0	0	0	0	23231	44438	0	23231	14299	8932
35262	0	0	0	0	24512	44613	0	24512	14591	9921
35925	0	0	0	0	23849	44470	0	23849	14353	9496
35258	0	0	0	0	24516	44631	0	24516	14527	9989
35481	0	0	0	0	24293	44641	0	24293	14555	9738
35386	0	0	0	0	24388	44628	0	24388	14521	9867
36262	0	0	0	0	23512	44648	0	23512	14545	8967
36299	0	0	0	0	23475	44463	0	23475	14316	9159
35409	0	0	0	0	24365	44458	0	24365	14325	10040
35834	0	0	0	0	23940	44612	0	23940	14484	9456
35924	0	0	0	0	23850	44504	0	23850	14361	9489
35806	0	0	0	0	23968	44670	0	23968	14551	9417
35265	0	0	0	0	24509	44625	0	24509	14550	9959
35791	0	0	0	0	23983	44637	0	23983	14504	9479
35665	0	0	0	0	24109	44478	0	24109	14405	9704
35332	0	0	0	0	24442	44465	0	24442	14306	10136
35831	0	0	0	0	23943	44628	0	23943	14545	9398
35894	0	0	0	0	23880	44642	0	23880	14509	9371
36152	0	0	0	0	23622	44442	0	23622	14321	9301
35966	0	0	0	0	23808	44405	0	23808	14305	9503
35269	0	0	0	0	24505	44628	0	24505	14562	9943
35381	0	0	0	0	24393	44608	0	24393	14484	9909
35932	0	0	0	0	23842	44395	0	23842	14295	9547
35515	0	0	0	0	24259	44438	0	24259	14322	9937
35114	0	0	0	0	24660	44588	0	24660	14539	10121
35938	0	0	0	0	23836	44442	0	23836	14332	9504
35067	0	0	0	0	24707	44657	0	24707	14568	10139
35370	0	0	0	0	24404	44604	0	24404	14564	9840
35293	0	0	0	0	24481	44592	0	24481	14555	9926
36450	0	0	0	0	23324	44431	0	23324	14341	8983
35686	0	0	0	0	24088	44432	0	24088	14332	9756
35696	0	0	0	0	24078	44612	0	24078	14558	9520
35531	0	0	0	0	24243	44670	0	24243	14540	9703
36167	0	0	0	0	23607	44377	0	23607	14244	9363
35931	0	0	0	0	23843	44534	0	23843	14328	9515
36278	0	0	0	0	23496	44583	0	23496	14576	8920
36045	0	0	0	0	23729	44601	0	23729	14550	9179
35560	0	0	0	0	24214	44602	0	24214	14572	9642
35688	0	0	0	0	24086	44689	0	24086	14540	9546
36271	0	0	0	0	23503	44407	0	23503	14337	9166
35695	0	0	0	0	24079	44653	0	24079	14557	9522
35341	0	0	0	0	24433	44641	0	24433	14506	9927
36177	0	0	0	0	23597	44365	0	23597	14266	9331
35612	0	0	0	0	24162	44438	0	24162	14300	9862
35522	0	0	0	0	24252	44621	0	24252	14516	9736
36914	0	0	0	0	22860	44405	0	22860	14297	8563
36286	0	0	0	0	23488	44449	0	23488	14350	9138
35995	0	0	0	0	23779	44424	0	23779	14321	9458
35776	0	0	0	0	23998	44624	0	23998	14534	9464
35172	0	0	0	0	24602	44690	0	24602	14522	10080
34980	0	0	0	0	24794	44621	0	24794	14540	10254
35815	0	0	0	0	23959	44415	0	23959	14326	9633
35787	0	0	0	0	23987	44434	0	23987	14322	9665
35227	0	0	0	0	24547	44387	0	24547	14290	10257
35395	0	0	0	0	24379	44357	0	24379	14303	10076
35966	0	0	0	0	23808	44405	0	23808	14324	9484
36457	0	0	0	0	23317	44404	0	23317	14261	9056
36125	0	0	0	0	23649	44593	0	23649	14519	9130
35024	0	0	0	0	24750	44598	0	24750	14528	10222
35779	0	0	0	0	23995	44686	0	23995	14541	9454
35506	0	0	0	0	24268	44433	0	24268	14307	9961
35482	0	0	0	0	24292	44627	0	24292	14550	9742
35362	0	0	0	0	24412	44627	0	24412	14531	9881
35921	0	0	0	0	23853	44478	0	23853	14329	9524
36239	0	0	0	0	23535	44595	0	23535	14531	9004
35571	0	0	0	0	24203	44631	0	24203	14517	9686
35852	0	0	0	0	23922	44673	0	23922	14566	9356
35619	0	0	0	0	24155	44385	0	24155	14369	9786
34934	0	0	0	0	24840	44621	0	24840	14544	10296
35614	0	0	0	0	24160	44587	0	24160	14539	9621
36313	0	0	0	0	23461	44431	0	23461	14319	9142
35103	0	0	0	0	24671	44624	0	24671	14536	10135
36119	0	0	0	0	23655	44493	0	23655	14345	9310
35316	0	0	0	0	24458	44631	0	24458	14548	9910
36452	0	0	0	0	23322	44606	0	23322	14536	8786
36051	0	0	0	0	23723	44633	0	23723	14523	9200
35526	0	0	0	0	24248	44437	0	24248	14350	9898
36023	0	0	0	0	23751	44405	0	23751	14338	9413
35420	0	0	0	0	24354	44668	0	24354	14563	9791
35718	0	0	0	0	24056	44426	0	24056	14360	9696
35033	0	0	0	0	24741	44432	0	24741	14327	10414
35243	0	0	0	0	24531	44636	0	24531	14587	9944
35623	0	0	0	0	24151	44598	0	24151	14511	9640
35707	0	0	0	0	24067	44634	0	24067	14543	9524
35068	0	0	0	0	24706	44397	0	24706	14350	10356
35822	0	0	0	0	23952	44431	0	23952	14326	9626
35760	0	0	0	0	24014	44449	0	24014	14363	9651
36177	0	0	0	0	23597	44627	0	23597	14520	9077
35578	0	0	0	0	24196	44605	0	24196	14556	9640
36201	0	0	0	0	23573	44443	0	23573	14301	9272
35746	0	0	0	0	24028	44614	0	24028	14546	9482
35910	0	0	0	0	23864	44647	0	23864	14535	9329
36045	0	0	0	0	23729	44417	0	23729	14338	9391
35101	0	0	0	0	24673	44615	0	24673	14501	10172
36053	0	0	0	0	23721	44366	0	23721	14300	9421
36205	0	0	0	0	23569	44454	0	23569	14323	9246
35840	0	0	0	0	23934	44628	0	23934	14514	9420
35440	0	0	0	0	24334	44447	0	24334	14336	9998
35923	0	0	0	0	23851	44421	0	23851	14308	9543
35877	0	0	0	0	23897	44644	0	23897	14567	9330
35286	0	0	0	0	24488	44536	0	24488	14422	10066
35369	0	0	0	0	24405	44601	0	24405	14551	9854
35588	0	0	0	0	24186	44415	0	24186	14332	9854
35794	0	0	0	0	23980	44676	0	23980	14544	9436
35896	0	0	0	0	23878	44452	0	23878	14345	9533
35580	0	0	0	0	24194	44625	0	24194	14544	9650
35665	0	0	0	0	24109	44485	0	24109	14322	9787
35055	0	0	0	0	24719	44654	0	24719	14534	10185
35381	0	0	0	0	24393	44432	0	24393	14330	10063
36283	0	0	0	0	23491	44377	0	23491	14316	9175
35758	0	0	0	0	24016	44636	0	24016	14552	9464
36156	0	0	0	0	23618	44432	0	23618	14341	9277
35068	0	0	0	0	24706	44642	0	24706	14528	10178
36018	0	0	0	0	23756	44620	0	23756	14520	9236
35632	0	0	0	0	24142	44396	0	24142	14298	9844
35268	0	0	0	0	24506	44648	0	24506	14534	9972
35114	0	0	0	0	24660	44677	0	24660	14564	10096
36187	0	0	0	0	23587	44351	0	23587	14324	9263
35403	0	0	0	0	24371	44453	0	24371	14361	10010
35445	0	0	0	0	24329	44421	0	24329	14295	10034
35646	0	0	0	0	24128	44425	0	24128	14262	9866
35519	0	0	0	0	24255	44626	0	24255	14522	9733
35560	0	0	0	0	24214	44656	0	24214	14525	9689
35576	0	0	0	0	24198	44393	0	24198	14304	9894
35901	0	0	0	0	23873	44740	0	23873	14580	9293
35928	0	0	0	0	23846	44670	0	23846	14531	9315
35389	0	0	0	0	24385	44631	0	24385	14524	9861
36308	0	0	0	0	23466	44439	0	23466	14305	9161
35808	0	0	0	0	23966	44394	0	23966	14313	9653
35503	0	0	0	0	24271	44609	0	24271	14557	9714
35452	0	0	0	0	24322	44598	0	24322	14523	9799
34973	0	0	0	0	24801	44640	0	24801	14588	10213
35588	0	0	0	0	24186	44658	0	24186	14533	9653
36081	0	0	0	0	23693	44429	0	23693	14348	9345
35693	0	0	0	0	24081	44699	0	24081	14542	9539
35813	0	0	0	0	23961	44405	0	23961	14305	9656
35477	0	0	0	0	24297	44629	0	24297	14565	9732
34867	0	0	0	0	24907	44606	0	24907	14505	10402
36013	0	0	0	0	23761	44447	0	23761	14381	9380
35478	0	0	0	0	24296	44608	0	24296	14560	9736
35411	0	0	0	0	24363	44592	0	24363	14564	9799
36455	0	0	0	0	23319	44432	0	23319	14275	9044
35788	0	0	0	0	23986	44628	0	23986	14538	9448
36385	0	0	0	0	23389	44419	0	23389	14322	9067
35600	0	0	0	0	24174	44400	0	24174	14288	9886
35918	0	0	0	0	23856	44652	0	23856	14549	9307
36556	0	0	0	0	23218	44421	0	23218	14339	8879
36049	0	0	0	0	23725	44473	0	23725	14319	9406
36566	0	0	0	0	23208	44361	0	23208	14242	8966
35472	0	0	0	0	24302	44579	0	24302	14558	9744
35467	0	0	0	0	24307	44595	0	24307	14534	9773
35638	0	0	0	0	24136	44659	0	24136	14556	9580
35891	0	0	0	0	23883	44416	0	23883	14334	9549
35709	0	0	0	0	24065	44618	0	24065	14511	9554
35246	0	0	0	0	24528	44591	0	24528	14526	10002
35524	0	0	0	0	24250	44656	0	24250	14521	9729
35400	0	0	0	0	24374	44622	0	24374	14520	9854
34989	0	0	0	0	24785	44638	0	24785	14537	10248
35828	0	0	0	0	23946	44398	0	23946	14352	9594
36456	0	0	0	0	23318	44418	0	23318	14354	8964
35624	0	0	0	0	24150	44626	0	24150	14560	9590
35369	0	0	0	0	24405	44442	0	24405	14317	10088
36649	0	0	0	0	23125	44645	0	23125	14499	8626
36002	0	0	0	0	23772	44627	0	23772	14543	9229
35545	0	0	0	0	24229	44453	0	24229	14309	9920
35349	0	0	0	0	24425	44428	0	24425	14346	10079
36042	0	0	0	0	23732	44390	0	23732	14282	9450
35689	0	0	0	0	24085	44619	0	24085	14551	9534
36168	0	0	0	0	23606	44664	0	23606	14500	9106
34811	0	0	0	0	24963	44633	0	24963	14581	10382
36503	0	0	0	0	23271	44425	0	23271	14326	8945
35446	0	0	0	0	24328	44590	0	24328	14357	9971
35921	0	0	0	0	23853	44402	0	23853	14317	9536
35787	0	0	0	0	23987	44608	0	23987	14533	9454
35432	0	0	0	0	24342	44378	0	24342	14289	10053
35730	0	0	0	0	24044	44453	0	24044	14361	9683
35584	0	0	0	0	24190	44611	0	24190	14523	9667
35340	0	0	0	0	24434	44670	0	24434	14562	9872
35644	0	0	0	0	24130	44627	0	24130	14531	9599
35985	0	0	0	0	23789	44387	0	23789	14289	9500
35354	0	0	0	0	24420	44662	0	24420	14556	9864
35036	0	0	0	0	24738	44611	0	24738	14533	10205
35841	0	0	0	0	23933	44666	0	23933	14527	9406
35690	0	0	0	0	24084	44638	0	24084	14555	9529
35770	0	0	0	0	24004	44643	0	24004	14543	9461
35599	0	0	0	0	24175	44583	0	24175	14522	9653
36003	0	0	0	0	23771	44579	0	23771	14391	9380
35817	0	0	0	0	23957	44619	0	23957	14517	9440
35640	0	0	0	0	24134	44427	0	24134	14315	9819
35381	0	0	0	0	24393	44645	0	24393	14528	9865
35536	0	0	0	0	24238	44378	0	24238	14353	9885
35628	0	0	0	0	24146	44486	0	24146	14303	9843
35483	0	0	0	0	24291	44371	0	24291	14306	9985
35573	0	0	0	0	24201	44424	0	24201	14320	9881
35510	0	0	0	0	24264	44757	0	24264	14603	9661
35500	0	0	0	0	24274	44435	0	24274	14291	9983
36448	0	0	0	0	23326	44498	0	23326	14338	8988
35559	0	0	0	0	24215	44526	0	24215	14369	9846
35710	0	0	0	0	24064	44655	0	24064	14521	9543
35631	0	0	0	0	24143	44670	0	24143	14558	9585
35588	0	0	0	0	24186	44636	0	24186	14548	9638
35829	0	0	0	0	23945	44636	0	23945	14547	9398
35325	0	0	0	0	24449	44604	0	24449	14533	9916
35181	0	0	0	0	24593	44639	0	24593	14563	10030
35242	0	0	0	0	24532	44596	0	24532	14543	9989
36966	0	0	0	0	22808	44397	0	22808	14311	8497
35016	0	0	0	0	24758	44699	0	24758	14563	10195
35933	0	0	0	0	23841	44631	0	23841	14568	9273
35664	0	0	0	0	24110	44464	0	24110	14338	9772
35682	0	0	0	0	24092	44663	0	24092	14539	9553
36023	0	0	0	0	23751	44610	0	23751	14522	9229
34954	0	0	0	0	24820	44635	0	24820	14520	10300
35765	0	0	0	0	24009	44666	0	24009	14572	9437
36263	0	0	0	0	23511	44440	0	23511	14369	9142
36025	0	0	0	0	23749	44637	0	23749	14527	9222
35449	0	0	0	0	24325	44643	0	24325	14548	9777
35538	0	0	0	0	24236	44655	0	24236	14556	9680
36531	0	0	0	0	23243	44598	0	23243	14500	8743
36312	0	0	0	0	23462	44407	0	23462	14318	9144
36248	0	0	0	0	23526	44429	0	23526	14332	9194
35828	0	0	0	0	23946	44360	0	23946	14333	9613
35890	0	0	0	0	23884	44601	0	23884	14520	9364
35374	0	0	0	0	24400	44613	0	24400	14541	9859
35334	0	0	0	0	24440	44386	0	24440	14329	10111
35741	0	0	0	0	24033	44391	0	24033	14324	9709
35361	0	0	0	0	24413	44624	0	24413	14544	9869
36411	0	0	0	0	23363	44656	0	23363	14580	8783
35752	0	0	0	0	24022	44429	0	24022	14300	9722
36367	0	0	0	0	23407	44636	0	23407	14578	8829
34926	0	0	0	0	24848	44679	0	24848	14510	10338
35758	0	0	0	0	24016	44631	0	24016	14520	9496
35563	0	0	0	0	24211	44654	0	24211	14546	9665
35948	0	0	0	0	23826	44743	0	23826	14569	9257
35214	0	0	0	0	24560	44629	0	24560	14572	9988
35436	0	0	0	0	24338	44454	0	24338	14333	10005
35467	0	0	0	0	24307	44621	0	24307	14536	9771
35487	0	0	0	0	24287	44408	0	24287	14308	9979
36141	0	0	0	0	23633	44442	0	23633	14307	9326
35334	0	0	0	0	24440	44516	0	24440	14350	10090
35813	0	0	0	0	23961	44400	0	23961	14274	9687
35272	0	0	0	0	24502	44421	0	24502	14320	10182
35326	0	0	0	0	24448	44632	0	24448	14546	9902
35548	0	0	0	0	24226	44659	0	24226	14521	9705
36029	0	0	0	0	23745	44435	0	23745	14345	9400
35850	0	0	0	0	23924	44402	0	23924	14369	9555
36142	0	0	0	0	23632	44556	0	23632	14549	9083
35134	0	0	0	0	24640	44627	0	24640	14560	10080
36368	0	0	0	0	23406	44641	0	23406	14583	8823
35734	0	0	0	0	24040	44666	0	24040	14509	9531
36134	0	0	0	0	23640	44383	0	23640	14296	9344
36230	0	0	0	0	23544	44409	0	23544	14308	9236
35651	0	0	0	0	24123	44597	0	24123	14499	9624
35785	0	0	0	0	23989	44464	0	23989	14379	9610
35061	0	0	0	0	24713	44641	0	24713	14576	10137
35258	0	0	0	0	24516	44635	0	24516	14594	9922
35401	0	0	0	0	24373	44492	0	24373	14331	10042
35664	0	0	0	0	24110	44644	0	24110	14518	9592
36257	0	0	0	0	23517	44621	0	23517	14540	8977
35193	0	0	0	0	24581	44663	0	24581	14550	10031
35649	0	0	0	0	24125	44704	0	24125	14612	9513
36087	0	0	0	0	23687	44615	0	23687	14501	9186
35640	0	0	0	0	24134	44412	0	24134	14316	9818
36097	0	0	0	0	23677	44428	0	23677	14294	9383
35625	0	0	0	0	24149	44500	0	24149	14340	9809
36355	0	0	0	0	23419	44607	0	23419	14524	8895
35908	0	0	0	0	23866	44415	0	23866	14282	9584
35438	0	0	0	0	24336	44436	0	24336	14314	10022
35097	0	0	0	0	24677	44648	0	24677	14576	10101
35834	0	0	0	0	23940	44384	0	23940	14336	9604
35392	0	0	0	0	24382	44475	0	24382	14334	10048
36100	0	0	0	0	23674	44626	0	23674	14506	9168
35644	0	0	0	0	24130	44664	0	24130	14564	9566
35450	0	0	0	0	24324	44385	0	24324	14306	10018
35276	0	0	0	0	24498	44617	0	24498	14558	9940
35886	0	0	0	0	23888	44609	0	23888	14525	9363
35398	0	0	0	0	24376	44455	0	24376	14332	10044
35884	0	0	0	0	23890	44619	0	23890	14508	9382
36331	0	0	0	0	23443	44475	0	23443	14308	9135
35475	0	0	0	0	24299	44613	0	24299	14547	9752
35637	0	0	0	0	24137	44432	0	24137	14319	9818
35777	0	0	0	0	23997	44711	0	23997	14555	9442
35540	0	0	0	0	24234	44583	0	24234	14526	9708
34997	0	0	0	0	24777	44497	0	24777	14348	10429
36145	0	0	0	0	23629	44639	0	23629	14558	9071
36074	0	0	0	0	23700	44405	0	23700	14300	9400
35938	0	0	0	0	23836	44459	0	23836	14251	9585
35830	0	0	0	0	23944	44626	0	23944	14535	9409
36703	0	0	0	0	23071	44598	0	23071	14526	8545
35996	0	0	0	0	23778	44394	0	23778	14353	9425
36190	0	0	0	0	23584	44412	0	23584	14322	9262
35146	0	0	0	0	24628	44537	0	24628	14341	10287
35757	0	0	0	0	24017	44653	0	24017	14576	9441
35469	0	0	0	0	24305	44633	0	24305	14548	9757
35919	0	0	0	0	23855	44602	0	23855	14523	9332
35319	0	0	0	0	24455	44407	0	24455	14333	10122
35624	0	0	0	0	24150	44611	0	24150	14554	9596
35446	0	0	0	0	24328	44652	0	24328	14539	9789
35896	0	0	0	0	23878	44390	0	23878	14327	9551
35914	0	0	0	0	23860	44622	0	23860	14580	9280
35810	0	0	0	0	23964	44626	0	23964	14540	9424
35331	0	0	0	0	24443	44620	0	24443	14545	9898
36310	0	0	0	0	23464	44423	0	23464	14353	9111
35708	0	0	0	0	24066	44642	0	24066	14528	9538
35570	0	0	0	0	24204	44718	0	24204	14554	9650
35685	0	0	0	0	24089	44444	0	24089	14367	9722
35430	0	0	0	0	24344	44619	0	24344	14524	9820
35180	0	0	0	0	24594	44630	0	24594	14572	10022
35786	0	0	0	0	23988	44437	0	23988	14334	9654
35060	0	0	0	0	24714	44624	0	24714	14545	10169
35126	0	0	0	0	24648	44643	0	24648	14546	10102
36025	0	0	0	0	23749	44528	0	23749	14342	9407
35524	0	0	0	0	24250	44733	0	24250	14586	9664
36031	0	0	0	0	23743	44583	0	23743	14506	9237
35886	0	0	0	0	23888	44710	0	23888	14607	9281
35935	0	0	0	0	23839	44620	0	23839	14543	9296
35703	0	0	0	0	24071	44592	0	24071	14451	9620
35226	0	0	0	0	24548	44643	0	24548	14534	10014
35395	0	0	0	0	24379	44726	0	24379	14614	9765
34866	0	0	0	0	24908	44656	0	24908	14550	10358
35147	0	0	0	0	24627	44672	0	24627	14580	10047
35026	0	0	0	0	24748	44433	0	24748	14286	10462
36172	0	0	0	0	23602	44431	0	23602	14320	9282
35747	0	0	0	0	24027	44633	0	24027	14529	9498
35359	0	0	0	0	24415	44626	0	24415	14548	9867
35367	0	0	0	0	24407	44386	0	24407	14360	10047
35823	0	0	0	0	23951	44607	0	23951	14557	9394
35265	0	0	0	0	24509	44604	0	24509	14554	9955
35431	0	0	0	0	24343	44472	0	24343	14296	10047
35056	0	0	0	0	24718	44619	0	24718	14561	10157
35489	0	0	0	0	24285	44698	0	24285	14576	9709
35433	0	0	0	0	24341	44638	0	24341	14501	9840
35957	0	0	0	0	23817	44420	0	23817	14268	9549
35645	0	0	0	0	24129	44628	0	24129	14574	9555
35472	0	0	0	0	24302	44477	0	24302	14299	10003
35584	0	0	0	0	24190	44653	0	24190	14534	9656
35347	0	0	0	0	24427	44621	0	24427	14562	9865
35590	0	0	0	0	24184	44523	0	24184	14365	9819
36096	0	0	0	0	23678	44764	0	23678	14609	9069
35346	0	0	0	0	24428	44630	0	24428	14553	9875
35767	0	0	0	0	24007	44643	0	24007	14531	9476
35966	0	0	0	0	23808	44640	0	23808	14548	9260
36425	0	0	0	0	23349	44401	0	23349	14351	8998
36025	0	0	0	0	23749	44588	0	23749	14534	9215
35157	0	0	0	0	24617	44407	0	24617	14307	10310
35565	0	0	0	0	24209	44449	0	24209	14339	9870
36024	0	0	0	0	23750	44636	0	23750	14554	9196
35529	0	0	0	0	24245	44618	0	24245	14549	9696
36283	0	0	0	0	23491	44472	0	23491	14369	9122
35095	0	0	0	0	24679	44649	0	24679	14519	10160
35886	0	0	0	0	23888	44683	0	23888	14564	9324
35250	0	0	0	0	24524	44403	0	24524	14303	10221
34876	0	0	0	0	24898	44622	0	24898	14546	10352
35800	0	0	0	0	23974	44466	0	23974	14355	9619
35213	0	0	0	0	24561	44736	0	24561	14596	9965
35664	0	0	0	0	24110	44623	0	24110	14555	9555
35297	0	0	0	0	24477	44617	0	24477	14519	9958
35788	0	0	0	0	23986	44611	0	23986	14537	9449
35661	0	0	0	0	24113	44620	0	24113	14546	9567
36128	0	0	0	0	23646	44413	0	23646	14342	9304
35586	0	0	0	0	24188	44651	0	24188	14503	9685
35181	0	0	0	0	24593	44601	0	24593	14563	10030
35395	0	0	0	0	24379	44618	0	24379	14560	9819
35283	0	0	0	0	24491	44393	0	24491	14272	10219
35199	0	0	0	0	24575	44667	0	24575	14534	10041
36249	0	0	0	0	23525	44382	0	23525	14309	9216
35536	0	0	0	0	24238	44627	0	24238	14584	9654
35712	0	0	0	0	24062	44630	0	24062	14571	9491
35537	0	0	0	0	24237	44427	0	24237	14310	9927
35425	0	0	0	0	24349	44665	0	24349	14523	9826
36163	0	0	0	0	23611	44449	0	23611	14309	9302
35641	0	0	0	0	24133	44608	0	24133	14458	9675
36145	0	0	0	0	23629	44630	0	23629	14555	9074
35319	0	0	0	0	24455	44616	0	24455	14534	9921
35805	0	0	0	0	23969	44467	0	23969	14327	9642
35556	0	0	0	0	24218	44633	0	24218	14571	9647
35404	0	0	0	0	24370	44645	0	24370	14519	9851
35724	0	0	0	0	24050	44655	0	24050	14532	9518
36125	0	0	0	0	23649	44632	0	23649	14566	9083
35950	0	0	0	0	23824	44632	0	23824	14550	9274
35695	0	0	0	0	24079	44421	0	24079	14326	9753
36168	0	0	0	0	23606	44602	0	23606	14580	9026
35039	0	0	0	0	24735	44674	0	24735	14522	10213
35465	0	0	0	0	24309	44615	0	24309	14531	9778
35318	0	0	0	0	24456	44581	0	24456	14575	9881
36088	0	0	0	0	23686	44387	0	23686	14349	9337
36212	0	0	0	0	23562	44549	0	23562	14476	9086
35649	0	0	0	0	24125	44595	0	24125	14508	9617
35888	0	0	0	0	23886	44390	0	23886	14299	9587
36054	0	0	0	0	23720	44419	0	23720	14338	9382
34908	0	0	0	0	24866	44594	0	24866	14542	10324
35411	0	0	0	0	24363	44598	0	24363	14531	9832
36034	0	0	0	0	23740	44400	0	23740	14333	9407
35871	0	0	0	0	23903	44599	0	23903	14560	9343
35831	0	0	0	0	23943	44390	0	23943	14308	9635
35355	0	0	0	0	24419	44616	0	24419	14538	9881
35859	0	0	0	0	23915	44431	0	23915	14303	9612
35989	0	0	0	0	23785	44611	0	23785	14536	9249
35830	0	0	0	0	23944	44463	0	23944	14334	9610
35417	0	0	0	0	24357	44416	0	24357	14340	10017
36016	0	0	0	0	23758	44391	0	23758	14323	9435
35548	0	0	0	0	24226	44361	0	24226	14308	9918
35372	0	0	0	0	24402	44425	0	24402	14318	10084
35637	0	0	0	0	24137	44423	0	24137	14293	9844
35484	0	0	0	0	24290	44453	0	24290	14300	9990
36284	0	0	0	0	23490	44466	0	23490	14350	9140
35919	0	0	0	0	23855	44656	0	23855	14554	9301
35639	0	0	0	0	24135	44738	0	24135	14625	9510
35773	0	0	0	0	24001	44616	0	24001	14542	9459
35759	0	0	0	0	24015	44688	0	24015	14524	9491
35942	0	0	0	0	23832	44672	0	23832	14558	9274
35812	0	0	0	0	23962	44354	0	23962	14299	9663
36308	0	0	0	0	23466	44490	0	23466	14308	9158
36346	0	0	0	0	23428	44491	0	23428	14337	9091
36043	0	0	0	0	23731	44627	0	23731	14519	9212
35553	0	0	0	0	24221	44600	0	24221	14538	9683
35871	0	0	0	0	23903	44591	0	23903	14555	9348
35752	0	0	0	0	24022	44386	0	24022	14287	9735
36035	0	0	0	0	23739	44634	0	23739	14550	9189
35879	0	0	0	0	23895	44651	0	23895	14526	9369
35535	0	0	0	0	24239	44442	0	24239	14309	9930
36119	0	0	0	0	23655	44599	0	23655	14517	9138
35915	0	0	0	0	23859	44408	0	23859	14244	9615
35556	0	0	0	0	24218	44465	0	24218	14342	9876
35536	0	0	0	0	24238	44619	0	24238	14554	9684
35914	0	0	0	0	23860	44666	0	23860	14543	9317
35808	0	0	0	0	23966	44606	0	23966	14532	9434
35265	0	0	0	0	24509	44613	0	24509	14566	9943
35418	0	0	0	0	24356	44578	0	24356	14517	9839
36109	0	0	0	0	23665	44603	0	23665	14532	9133
36088	0	0	0	0	23686	44457	0	23686	14246	9440
35472	0	0	0	0	24302	44643	0	24302	14539	9763
35397	0	0	0	0	24377	44613	0	24377	14536	9841
36091	0	0	0	0	23683	44406	0	23683	14335	9348
35798	0	0	0	0	23976	44414	0	23976	14331	9645
