50793	0	0	0	0	8981	57112	0	8981	1784	7197
51363	0	0	0	0	8411	57292	0	8411	1799	6612
51555	0	0	0	0	8219	57065	0	8219	1788	6431
50415	0	0	0	0	9359	57310	0	9359	1800	7559
50995	0	0	0	0	8779	57290	0	8779	1798	6981
51642	0	0	0	0	8132	57326	0	8132	1782	6350
51666	0	0	0	0	8108	57123	0	8108	1765	6343
50866	0	0	0	0	8908	57067	0	8908	1757	7151
50274	0	0	0	0	9500	57331	0	9500	1800	7700
51201	0	0	0	0	8573	57080	0	8573	1781	6792
51211	0	0	0	0	8563	57119	0	8563	1773	6790
51115	0	0	0	0	8659	57503	0	8659	1800	6859
51134	0	0	0	0	8640	57234	0	8640	1780	6860
50859	0	0	0	0	8915	57156	0	8915	1772	7143
51159	0	0	0	0	8615	57118	0	8615	1774	6841
51078	0	0	0	0	8696	57267	0	8696	1792	6904
51028	0	0	0	0	8746	57084	0	8746	1776	6970
50861	0	0	0	0	8913	57217	0	8913	1773	7140
51016	0	0	0	0	8758	57166	0	8758	1769	6989
50798	0	0	0	0	8976	57150	0	8976	1783	7193
50790	0	0	0	0	8984	57302	0	8984	1793	7191
51098	0	0	0	0	8676	57302	0	8676	1780	6896
51265	0	0	0	0	8509	57050	0	8509	1757	6752
50754	0	0	0	0	9020	57290	0	9020	1815	7205
51385	0	0	0	0	8389	57180	0	8389	1776	6613
51479	0	0	0	0	8295	57110	0	8295	1761	6534
50531	0	0	0	0	9243	57170	0	9243	1788	7455
51671	0	0	0	0	8103	56958	0	8103	1756	6347
50551	0	0	0	0	9223	57105	0	9223	1785	7438
51212	0	0	0	0	8562	57174	0	8562	1762	6800
51794	0	0	0	0	7980	56679	0	7980	1714	6266
50913	0	0	0	0	8861	57306	0	8861	1791	7070
51089	0	0	0	0	8685	57097	0	8685	1788	6897
51006	0	0	0	0	8768	57114	0	8768	1777	6991
51620	0	0	0	0	8154	57038	0	8154	1776	6378
51109	0	0	0	0	8665	57497	0	8665	1814	6851
51156	0	0	0	0	8618	57279	0	8618	1768	6850
50990	0	0	0	0	8784	57105	0	8784	1785	6999
50822	0	0	0	0	8952	57025	0	8952	1768	7184
50796	0	0	0	0	8978	57297	0	8978	1823	7155
50637	0	0	0	0	9137	57320	0	9137	1777	7360
51710	0	0	0	0	8064	57140	0	8064	1762	6302
50825	0	0	0	0	8949	57244	0	8949	1781	7168
51618	0	0	0	0	8156	57082	0	8156	1775	6381
51192	0	0	0	0	8582	57183	0	8582	1757	6825
50856	0	0	0	0	8918	57167	0	8918	1784	7134
51028	0	0	0	0	8746	57294	0	8746	1801	6945
51285	0	0	0	0	8489	57351	0	8489	1771	6718
51403	0	0	0	0	8371	57148	0	8371	1779	6592
51209	0	0	0	0	8565	57292	0	8565	1798	6767
51350	0	0	0	0	8424	57434	0	8424	1808	6616
51019	0	0	0	0	8755	57233	0	8755	1794	6961
51115	0	0	0	0	8659	57282	0	8659	1767	6892
50978	0	0	0	0	8796	57173	0	8796	1766	7030
51871	0	0	0	0	7903	57074	0	7903	1741	6162
50804	0	0	0	0	8970	57100	0	8970	1770	7200
51221	0	0	0	0	8553	57112	0	8553	1772	6781
51570	0	0	0	0	8204	57180	0	8204	1781	6423
51138	0	0	0	0	8636	57322	0	8636	1794	6842
51339	0	0	0	0	8435	57320	0	8435	1788	6647
51402	0	0	0	0	8372	57246	0	8372	1783	6589
50967	0	0	0	0	8807	57011	0	8807	1779	7028
50802	0	0	0	0	8972	57257	0	8972	1799	7173
50683	0	0	0	0	9091	57252	0	9091	1765	7326
51333	0	0	0	0	8441	57268	0	8441	1772	6669
51764	0	0	0	0	8010	57321	0	8010	1774	6236
51101	0	0	0	0	8673	57227	0	8673	1789	6884
51448	0	0	0	0	8326	57268	0	8326	1790	6536
50816	0	0	0	0	8958	57118	0	8958	1768	7190
51157	0	0	0	0	8617	57035	0	8617	1776	6841
51032	0	0	0	0	8742	57293	0	8742	1787	6955
50843	0	0	0	0	8931	57316	0	8931	1777	7154
51119	0	0	0	0	8655	57284	0	8655	1813	6842
51190	0	0	0	0	8584	57100	0	8584	1768	6816
51575	0	0	0	0	8199	57068	0	8199	1784	6415
51601	0	0	0	0	8173	57274	0	8173	1781	6392
50778	0	0	0	0	8996	57138	0	8996	1755	7241
51253	0	0	0	0	8521	57130	0	8521	1767	6754
51608	0	0	0	0	8166	57273	0	8166	1759	6407
51203	0	0	0	0	8571	56995	0	8571	1767	6804
50568	0	0	0	0	9206	57023	0	9206	1758	7448
50609	0	0	0	0	9165	57270	0	9165	1800	7365
51524	0	0	0	0	8250	57238	0	8250	1827	6423
50891	0	0	0	0	8883	57089	0	8883	1771	7112
51052	0	0	0	0	8722	57305	0	8722	1793	6929
50934	0	0	0	0	8840	57283	0	8840	1774	7066
51019	0	0	0	0	8755	57083	0	8755	1772	6983
50418	0	0	0	0	9356	57553	0	9356	1808	7548
51111	0	0	0	0	8663	57062	0	8663	1780	6883
50857	0	0	0	0	8917	57357	0	8917	1766	7151
51326	0	0	0	0	8448	57317	0	8448	1781	6667
51043	0	0	0	0	8731	57321	0	8731	1781	6950
51499	0	0	0	0	8275	57304	0	8275	1790	6485
50563	0	0	0	0	9211	57261	0	9211	1812	7399
51545	0	0	0	0	8229	57158	0	8229	1745	6484
50917	0	0	0	0	8857	57261	0	8857	1771	7086
51512	0	0	0	0	8262	57270	0	8262	1758	6504
51041	0	0	0	0	8733	57325	0	8733	1762	6971
51468	0	0	0	0	8306	57047	0	8306	1794	6512
50846	0	0	0	0	8928	57293	0	8928	1791	7137
51356	0	0	0	0	8418	57351	0	8418	1784	6634
51251	0	0	0	0	8523	57248	0	8523	1806	6717
51092	0	0	0	0	8682	57026	0	8682	1772	6910
50805	0	0	0	0	8969	57259	0	8969	1798	7171
51692	0	0	0	0	8082	57164	0	8082	1793	6289
51301	0	0	0	0	8473	57253	0	8473	1803	6670
51202	0	0	0	0	8572	57177	0	8572	1775	6797
51599	0	0	0	0	8175	57013	0	8175	1749	6426
51181	0	0	0	0	8593	57210	0	8593	1778	6815
50596	0	0	0	0	9178	57324	0	9178	1798	7380
50531	0	0	0	0	9243	57047	0	9243	1774	7469
50878	0	0	0	0	8896	57065	0	8896	1807	7089
51021	0	0	0	0	8753	57077	0	8753	1767	6986
51577	0	0	0	0	8197	56521	0	8197	1659	6538
50939	0	0	0	0	8835	57163	0	8835	1774	7061
51436	0	0	0	0	8338	57110	0	8338	1760	6578
50839	0	0	0	0	8935	57228	0	8935	1813	7122
50721	0	0	0	0	9053	57106	0	9053	1728	7325
50839	0	0	0	0	8935	57273	0	8935	1784	7151
51056	0	0	0	0	8718	57083	0	8718	1796	6922
51237	0	0	0	0	8537	57081	0	8537	1761	6776
51300	0	0	0	0	8474	57215	0	8474	1759	6715
50863	0	0	0	0	8911	57200	0	8911	1766	7145
50617	0	0	0	0	9157	57234	0	9157	1783	7374
50910	0	0	0	0	8864	57202	0	8864	1789	7075
50896	0	0	0	0	8878	57213	0	8878	1793	7085
51182	0	0	0	0	8592	57169	0	8592	1776	6816
50969	0	0	0	0	8805	57166	0	8805	1773	7032
51381	0	0	0	0	8393	56739	0	8393	1713	6680
50815	0	0	0	0	8959	57295	0	8959	1802	7157
51598	0	0	0	0	8176	57185	0	8176	1778	6398
50847	0	0	0	0	8927	57271	0	8927	1784	7143
51564	0	0	0	0	8210	57249	0	8210	1769	6441
51027	0	0	0	0	8747	57236	0	8747	1780	6967
51233	0	0	0	0	8541	57061	0	8541	1740	6801
50804	0	0	0	0	8970	57298	0	8970	1781	7189
51787	0	0	0	0	7987	57113	0	7987	1774	6213
50830	0	0	0	0	8944	57297	0	8944	1801	7143
51067	0	0	0	0	8707	57186	0	8707	1790	6917
50616	0	0	0	0	9158	57211	0	9158	1773	7385
51047	0	0	0	0	8727	57234	0	8727	1770	6957
51042	0	0	0	0	8732	57219	0	8732	1791	6941
51771	0	0	0	0	8003	57249	0	8003	1806	6197
51409	0	0	0	0	8365	57307	0	8365	1797	6568
51052	0	0	0	0	8722	57039	0	8722	1796	6926
51169	0	0	0	0	8605	57236	0	8605	1804	6801
51330	0	0	0	0	8444	57264	0	8444	1755	6689
51464	0	0	0	0	8310	57267	0	8310	1766	6544
51255	0	0	0	0	8519	57310	0	8519	1792	6727
51107	0	0	0	0	8667	57276	0	8667	1797	6870
51151	0	0	0	0	8623	57011	0	8623	1780	6843
50717	0	0	0	0	9057	57178	0	9057	1767	7290
51039	0	0	0	0	8735	57193	0	8735	1759	6976
51155	0	0	0	0	8619	57050	0	8619	1770	6849
51411	0	0	0	0	8363	57232	0	8363	1790	6573
50510	0	0	0	0	9264	57297	0	9264	1769	7495
51376	0	0	0	0	8398	57226	0	8398	1787	6611
51113	0	0	0	0	8661	57019	0	8661	1780	6881
51129	0	0	0	0	8645	57044	0	8645	1745	6900
51690	0	0	0	0	8084	57127	0	8084	1768	6316
50929	0	0	0	0	8845	57328	0	8845	1771	7074
50969	0	0	0	0	8805	57146	0	8805	1764	7041
51623	0	0	0	0	8151	57145	0	8151	1777	6374
50683	0	0	0	0	9091	57139	0	9091	1768	7323
50461	0	0	0	0	9313	57043	0	9313	1759	7554
51034	0	0	0	0	8740	57365	0	8740	1789	6951
51001	0	0	0	0	8773	57206	0	8773	1766	7007
51033	0	0	0	0	8741	57320	0	8741	1791	6950
51208	0	0	0	0	8566	57134	0	8566	1757	6809
51090	0	0	0	0	8684	57318	0	8684	1795	6889
51383	0	0	0	0	8391	57032	0	8391	1761	6630
51107	0	0	0	0	8667	57138	0	8667	1808	6859
51648	0	0	0	0	8126	57316	0	8126	1789	6337
51179	0	0	0	0	8595	57238	0	8595	1765	6830
51075	0	0	0	0	8699	57326	0	8699	1798	6901
50808	0	0	0	0	8966	57325	0	8966	1819	7147
50916	0	0	0	0	8858	57120	0	8858	1798	7060
51818	0	0	0	0	7956	56559	0	7956	1717	6239
50839	0	0	0	0	8935	57294	0	8935	1787	7148
51480	0	0	0	0	8294	57189	0	8294	1797	6497
51186	0	0	0	0	8588	57063	0	8588	1761	6827
50876	0	0	0	0	8898	57312	0	8898	1805	7093
51111	0	0	0	0	8663	57065	0	8663	1754	6909
50968	0	0	0	0	8806	57066	0	8806	1778	7028
51225	0	0	0	0	8549	57280	0	8549	1798	6751
50988	0	0	0	0	8786	57132	0	8786	1788	6998
51730	0	0	0	0	8044	57280	0	8044	1809	6235
51120	0	0	0	0	8654	56629	0	8654	1672	6982
50809	0	0	0	0	8965	57167	0	8965	1799	7166
51594	0	0	0	0	8180	57165	0	8180	1775	6405
50877	0	0	0	0	8897	57043	0	8897	1756	7141
50852	0	0	0	0	8922	57278	0	8922	1783	7139
50965	0	0	0	0	8809	57155	0	8809	1775	7034
51391	0	0	0	0	8383	57057	0	8383	1749	6634
50532	0	0	0	0	9242	57229	0	9242	1775	7467
51761	0	0	0	0	8013	57105	0	8013	1779	6234
50853	0	0	0	0	8921	57141	0	8921	1781	7140
51246	0	0	0	0	8528	57079	0	8528	1767	6761
50959	0	0	0	0	8815	57044	0	8815	1778	7037
51410	0	0	0	0	8364	57337	0	8364	1783	6581
51105	0	0	0	0	8669	57209	0	8669	1782	6887
50312	0	0	0	0	9462	57306	0	9462	1781	7681
50954	0	0	0	0	8820	57135	0	8820	1799	7021
52058	0	0	0	0	7716	57178	0	7716	1781	5935
50987	0	0	0	0	8787	56679	0	8787	1718	7069
50882	0	0	0	0	8892	57260	0	8892	1794	7098
51233	0	0	0	0	8541	57335	0	8541	1781	6760
51306	0	0	0	0	8468	57324	0	8468	1781	6687
51819	0	0	0	0	7955	57306	0	7955	1747	6208
51060	0	0	0	0	8714	57099	0	8714	1789	6925
51136	0	0	0	0	8638	57292	0	8638	1803	6835
51728	0	0	0	0	8046	57253	0	8046	1807	6239
51043	0	0	0	0	8731	57310	0	8731	1803	6928
51211	0	0	0	0	8563	57156	0	8563	1770	6793
50693	0	0	0	0	9081	57136	0	9081	1755	7326
51606	0	0	0	0	8168	57171	0	8168	1789	6379
51490	0	0	0	0	8284	57322	0	8284	1785	6499
51493	0	0	0	0	8281	57304	0	8281	1795	6486
50593	0	0	0	0	9181	57054	0	9181	1751	7430
51694	0	0	0	0	8080	57037	0	8080	1767	6313
51425	0	0	0	0	8349	57194	0	8349	1771	6578
51131	0	0	0	0	8643	57173	0	8643	1786	6857
50925	0	0	0	0	8849	57254	0	8849	1751	7098
50991	0	0	0	0	8783	57064	0	8783	1745	7038
50940	0	0	0	0	8834	57021	0	8834	1760	7074
50988	0	0	0	0	8786	57115	0	8786	1784	7002
50719	0	0	0	0	9055	57201	0	9055	1801	7254
51138	0	0	0	0	8636	57072	0	8636	1761	6875
50978	0	0	0	0	8796	57120	0	8796	1777	7019
50695	0	0	0	0	9079	56933	0	9079	1781	7298
51083	0	0	0	0	8691	57290	0	8691	1775	6916
51209	0	0	0	0	8565	57305	0	8565	1765	6800
50853	0	0	0	0	8921	57290	0	8921	1765	7156
51012	0	0	0	0	8762	57307	0	8762	1817	6945
51282	0	0	0	0	8492	57115	0	8492	1763	6729
51118	0	0	0	0	8656	57064	0	8656	1800	6856
50947	0	0	0	0	8827	57280	0	8827	1824	7003
50561	0	0	0	0	9213	57220	0	9213	1777	7436
51412	0	0	0	0	8362	57412	0	8362	1797	6565
51186	0	0	0	0	8588	57281	0	8588	1817	6771
50760	0	0	0	0	9014	57232	0	9014	1756	7258
50729	0	0	0	0	9045	57258	0	9045	1811	7234
51658	0	0	0	0	8116	57055	0	8116	1780	6336
50550	0	0	0	0	9224	57233	0	9224	1799	7425
51193	0	0	0	0	8581	57346	0	8581	1786	6795
51883	0	0	0	0	7891	57238	0	7891	1792	6099
51010	0	0	0	0	8764	56935	0	8764	1748	7016
51355	0	0	0	0	8419	57055	0	8419	1758	6661
50872	0	0	0	0	8902	57254	0	8902	1802	7100
51093	0	0	0	0	8681	57263	0	8681	1801	6880
50740	0	0	0	0	9034	57079	0	9034	1794	7240
51477	0	0	0	0	8297	57214	0	8297	1801	6496
51148	0	0	0	0	8626	57312	0	8626	1797	6829
50432	0	0	0	0	9342	57054	0	9342	1767	7575
51041	0	0	0	0	8733	57227	0	8733	1790	6943
51231	0	0	0	0	8543	57065	0	8543	1746	6797
51433	0	0	0	0	8341	57304	0	8341	1781	6560
51376	0	0	0	0	8398	57107	0	8398	1765	6633
51139	0	0	0	0	8635	57271	0	8635	1794	6841
51369	0	0	0	0	8405	56905	0	8405	1775	6630
50619	0	0	0	0	9155	57307	0	9155	1794	7361
50932	0	0	0	0	8842	57058	0	8842	1768	7074
51567	0	0	0	0	8207	57331	0	8207	1817	6390
51262	0	0	0	0	8512	57307	0	8512	1789	6723
51123	0	0	0	0	8651	57272	0	8651	1789	6862
50539	0	0	0	0	9235	57089	0	9235	1775	7460
51265	0	0	0	0	8509	57230	0	8509	1769	6740
50817	0	0	0	0	8957	57507	0	8957	1814	7143
51413	0	0	0	0	8361	57383	0	8361	1818	6543
50744	0	0	0	0	9030	57307	0	9030	1800	7230
51246	0	0	0	0	8528	57168	0	8528	1786	6742
51404	0	0	0	0	8370	57283	0	8370	1794	6576
51546	0	0	0	0	8228	57099	0	8228	1785	6443
50994	0	0	0	0	8780	57524	0	8780	1853	6927
51742	0	0	0	0	8032	57313	0	8032	1780	6252
50956	0	0	0	0	8818	56903	0	8818	1765	7053
51905	0	0	0	0	7869	56976	0	7869	1772	6097
51180	0	0	0	0	8594	57293	0	8594	1811	6783
51319	0	0	0	0	8455	57117	0	8455	1775	6680
51444	0	0	0	0	8330	56970	0	8330	1769	6561
50815	0	0	0	0	8959	57399	0	8959	1797	7162
50723	0	0	0	0	9051	57271	0	9051	1770	7281
51090	0	0	0	0	8684	57309	0	8684	1791	6893
50621	0	0	0	0	9153	57309	0	9153	1799	7354
51070	0	0	0	0	8704	57301	0	8704	1777	6927
50878	0	0	0	0	8896	57305	0	8896	1798	7098
51058	0	0	0	0	8716	57157	0	8716	1801	6915
50828	0	0	0	0	8946	57095	0	8946	1790	7156
51539	0	0	0	0	8235	56974	0	8235	1748	6487
51100	0	0	0	0	8674	57106	0	8674	1750	6924
51057	0	0	0	0	8717	57081	0	8717	1777	6940
51060	0	0	0	0	8714	57319	0	8714	1814	6900
50866	0	0	0	0	8908	57337	0	8908	1782	7126
51285	0	0	0	0	8489	56642	0	8489	1738	6751
50950	0	0	0	0	8824	56958	0	8824	1762	7062
50981	0	0	0	0	8793	57246	0	8793	1769	7024
51046	0	0	0	0	8728	57268	0	8728	1779	6949
51020	0	0	0	0	8754	57253	0	8754	1787	6967
51002	0	0	0	0	8772	56470	0	8772	1687	7085
50965	0	0	0	0	8809	57283	0	8809	1804	7005
51795	0	0	0	0	7979	57247	0	7979	1757	6222
51773	0	0	0	0	8001	57333	0	8001	1799	6202
51356	0	0	0	0	8418	57164	0	8418	1773	6645
51653	0	0	0	0	8121	57375	0	8121	1784	6337
51616	0	0	0	0	8158	57106	0	8158	1780	6378
50685	0	0	0	0	9089	56836	0	9089	1718	7371
51196	0	0	0	0	8578	57250	0	8578	1786	6792
51301	0	0	0	0	8473	57324	0	8473	1802	6671
51213	0	0	0	0	8561	57107	0	8561	1775	6786
50957	0	0	0	0	8817	57284	0	8817	1795	7022
51554	0	0	0	0	8220	57078	0	8220	1783	6437
51487	0	0	0	0	8287	57159	0	8287	1780	6507
50719	0	0	0	0	9055	57367	0	9055	1816	7239
51230	0	0	0	0	8544	57261	0	8544	1752	6792
51476	0	0	0	0	8298	57253	0	8298	1788	6510
50813	0	0	0	0	8961	57264	0	8961	1791	7170
50993	0	0	0	0	8781	57217	0	8781	1748	7033
50843	0	0	0	0	8931	57296	0	8931	1811	7120
51569	0	0	0	0	8205	57278	0	8205	1742	6463
51980	0	0	0	0	7794	56989	0	7794	1783	6011
50984	0	0	0	0	8790	57319	0	8790	1786	7004
51119	0	0	0	0	8655	57288	0	8655	1776	6879
51450	0	0	0	0	8324	57286	0	8324	1807	6517
51495	0	0	0	0	8279	57184	0	8279	1780	6499
51125	0	0	0	0	8649	57296	0	8649	1792	6857
51342	0	0	0	0	8432	57291	0	8432	1791	6641
51469	0	0	0	0	8305	57155	0	8305	1764	6541
50695	0	0	0	0	9079	56979	0	9079	1773	7306
51185	0	0	0	0	8589	57103	0	8589	1785	6804
50751	0	0	0	0	9023	57130	0	9023	1786	7237
51640	0	0	0	0	8134	57298	0	8134	1782	6352
50590	0	0	0	0	9184	57251	0	9184	1764	7420
51021	0	0	0	0	8753	57261	0	8753	1796	6957
51014	0	0	0	0	8760	57314	0	8760	1775	6985
51152	0	0	0	0	8622	57267	0	8622	1787	6835
51381	0	0	0	0	8393	57104	0	8393	1774	6619
51632	0	0	0	0	8142	57277	0	8142	1787	6355
50943	0	0	0	0	8831	57057	0	8831	1778	7053
51216	0	0	0	0	8558	57087	0	8558	1771	6787
51330	0	0	0	0	8444	57097	0	8444	1763	6681
51240	0	0	0	0	8534	57081	0	8534	1752	6782
50967	0	0	0	0	8807	57228	0	8807	1771	7036
50624	0	0	0	0	9150	57275	0	9150	1780	7370
51281	0	0	0	0	8493	57090	0	8493	1775	6718
50847	0	0	0	0	8927	57055	0	8927	1766	7161
51397	0	0	0	0	8377	56994	0	8377	1748	6629
51053	0	0	0	0	8721	57247	0	8721	1777	6944
51035	0	0	0	0	8739	57251	0	8739	1771	6968
51512	0	0	0	0	8262	57143	0	8262	1772	6490
50917	0	0	0	0	8857	57270	0	8857	1782	7075
50599	0	0	0	0	9175	57139	0	9175	1779	7396
51090	0	0	0	0	8684	57244	0	8684	1798	6886
51101	0	0	0	0	8673	57272	0	8673	1761	6912
51641	0	0	0	0	8133	57309	0	8133	1796	6337
51421	0	0	0	0	8353	57073	0	8353	1784	6569
50674	0	0	0	0	9100	57305	0	9100	1791	7309
51121	0	0	0	0	8653	57265	0	8653	1791	6862
51176	0	0	0	0	8598	57234	0	8598	1761	6837
50960	0	0	0	0	8814	57105	0	8814	1755	7059
51272	0	0	0	0	8502	57280	0	8502	1774	6728
51247	0	0	0	0	8527	57295	0	8527	1794	6733
51260	0	0	0	0	8514	57256	0	8514	1785	6729
51164	0	0	0	0	8610	56996	0	8610	1778	6832
51570	0	0	0	0	8204	57295	0	8204	1781	6423
50499	0	0	0	0	9275	57281	0	9275	1804	7471
51263	0	0	0	0	8511	57186	0	8511	1766	6745
50779	0	0	0	0	8995	57245	0	8995	1785	7210
50770	0	0	0	0	9004	57296	0	9004	1780	7224
51460	0	0	0	0	8314	57164	0	8314	1780	6534
50898	0	0	0	0	8876	57270	0	8876	1788	7088
50737	0	0	0	0	9037	57266	0	9037	1789	7248
51330	0	0	0	0	8444	57148	0	8444	1791	6653
50849	0	0	0	0	8925	57275	0	8925	1778	7147
50961	0	0	0	0	8813	57228	0	8813	1794	7019
51368	0	0	0	0	8406	57072	0	8406	1731	6675
50931	0	0	0	0	8843	57125	0	8843	1784	7059
51165	0	0	0	0	8609	57103	0	8609	1780	6829
51061	0	0	0	0	8713	57349	0	8713	1782	6931
51495	0	0	0	0	8279	57300	0	8279	1798	6481
51489	0	0	0	0	8285	57255	0	8285	1770	6515
51731	0	0	0	0	8043	57162	0	8043	1764	6279
50759	0	0	0	0	9015	57233	0	9015	1761	7254
51052	0	0	0	0	8722	57320	0	8722	1791	6931
51061	0	0	0	0	8713	57231	0	8713	1781	6932
51801	0	0	0	0	7973	57031	0	7973	1802	6171
50805	0	0	0	0	8969	57228	0	8969	1781	7188
51233	0	0	0	0	8541	57298	0	8541	1776	6765
51118	0	0	0	0	8656	57134	0	8656	1773	6883
51814	0	0	0	0	7960	57301	0	7960	1784	6176
51403	0	0	0	0	8371	57105	0	8371	1776	6595
51049	0	0	0	0	8725	57029	0	8725	1792	6933
51497	0	0	0	0	8277	57260	0	8277	1788	6489
51278	0	0	0	0	8496	57269	0	8496	1800	6696
51359	0	0	0	0	8415	57309	0	8415	1793	6622
51281	0	0	0	0	8493	57260	0	8493	1762	6731
51221	0	0	0	0	8553	57344	0	8553	1780	6773
51059	0	0	0	0	8715	57181	0	8715	1797	6918
51058	0	0	0	0	8716	57094	0	8716	1756	6960
51150	0	0	0	0	8624	57213	0	8624	1799	6825
51092	0	0	0	0	8682	57277	0	8682	1767	6915
50984	0	0	0	0	8790	57325	0	8790	1772	7018
50671	0	0	0	0	9103	57289	0	9103	1795	7308
51470	0	0	0	0	8304	57075	0	8304	1764	6540
51428	0	0	0	0	8346	57186	0	8346	1781	6565
51331	0	0	0	0	8443	57335	0	8443	1807	6636
51367	0	0	0	0	8407	56950	0	8407	1795	6612
50766	0	0	0	0	9008	57238	0	9008	1794	7214
51099	0	0	0	0	8675	57250	0	8675	1784	6891
50957	0	0	0	0	8817	57253	0	8817	1781	7036
51687	0	0	0	0	8087	57175	0	8087	1765	6322
50958	0	0	0	0	8816	57222	0	8816	1774	7042
50767	0	0	0	0	9007	57122	0	9007	1797	7210
51406	0	0	0	0	8368	57130	0	8368	1761	6607
50784	0	0	0	0	8990	57308	0	8990	1791	7199
51143	0	0	0	0	8631	57318	0	8631	1768	6863
51309	0	0	0	0	8465	57149	0	8465	1764	6701
51046	0	0	0	0	8728	57302	0	8728	1792	6936
50937	0	0	0	0	8837	57282	0	8837	1768	7069
50521	0	0	0	0	9253	57303	0	9253	1792	7461
51044	0	0	0	0	8730	57275	0	8730	1768	6962
51049	0	0	0	0	8725	57319	0	8725	1777	6948
50656	0	0	0	0	9118	57289	0	9118	1778	7340
50594	0	0	0	0	9180	57277	0	9180	1813	7367
51963	0	0	0	0	7811	57167	0	7811	1769	6042
51410	0	0	0	0	8364	57077	0	8364	1762	6602
50802	0	0	0	0	8972	57238	0	8972	1764	7208
51266	0	0	0	0	8508	57267	0	8508	1805	6703
50563	0	0	0	0	9211	57342	0	9211	1812	7399
51101	0	0	0	0	8673	57154	0	8673	1758	6915
51580	0	0	0	0	8194	57292	0	8194	1789	6405
50810	0	0	0	0	8964	57336	0	8964	1770	7194
51068	0	0	0	0	8706	57121	0	8706	1782	6924
51104	0	0	0	0	8670	57202	0	8670	1815	6855
50599	0	0	0	0	9175	57309	0	9175	1797	7378
51604	0	0	0	0	8170	57082	0	8170	1800	6370
50946	0	0	0	0	8828	57084	0	8828	1764	7064
51402	0	0	0	0	8372	57258	0	8372	1787	6585
51256	0	0	0	0	8518	57293	0	8518	1806	6712
51210	0	0	0	0	8564	57135	0	8564	1767	6797
51822	0	0	0	0	7952	57058	0	7952	1774	6178
50951	0	0	0	0	8823	57336	0	8823	1782	7041
50614	0	0	0	0	9160	57354	0	9160	1788	7372
50979	0	0	0	0	8795	57307	0	8795	1800	6995
51541	0	0	0	0	8233	57317	0	8233	1795	6438
51043	0	0	0	0	8731	57138	0	8731	1772	6959
51082	0	0	0	0	8692	57250	0	8692	1788	6904
50947	0	0	0	0	8827	57323	0	8827	1783	7044
51180	0	0	0	0	8594	57284	0	8594	1781	6813
50954	0	0	0	0	8820	57110	0	8820	1737	7083
51730	0	0	0	0	8044	57234	0	8044	1779	6265
51076	0	0	0	0	8698	57254	0	8698	1772	6926
51405	0	0	0	0	8369	57087	0	8369	1752	6617
51690	0	0	0	0	8084	57292	0	8084	1760	6324
50962	0	0	0	0	8812	57218	0	8812	1796	7016
51311	0	0	0	0	8463	56938	0	8463	1751	6712
51038	0	0	0	0	8736	57038	0	8736	1777	6959
50808	0	0	0	0	8966	57298	0	8966	1809	7157
51006	0	0	0	0	8768	57202	0	8768	1780	6988
51368	0	0	0	0	8406	57297	0	8406	1792	6614
51210	0	0	0	0	8564	57262	0	8564	1785	6779
50702	0	0	0	0	9072	57135	0	9072	1775	7297
51681	0	0	0	0	8093	57228	0	8093	1757	6336
51112	0	0	0	0	8662	57323	0	8662	1767	6895
51514	0	0	0	0	8260	57214	0	8260	1789	6471
50972	0	0	0	0	8802	57274	0	8802	1792	7010
51536	0	0	0	0	8238	57077	0	8238	1780	6458
51315	0	0	0	0	8459	57297	0	8459	1792	6667
51371	0	0	0	0	8403	57195	0	8403	1777	6626
50622	0	0	0	0	9152	57281	0	9152	1802	7350
51363	0	0	0	0	8411	57316	0	8411	1766	6645
51664	0	0	0	0	8110	57208	0	8110	1755	6355
51026	0	0	0	0	8748	57294	0	8748	1765	6983
51062	0	0	0	0	8712	57299	0	8712	1789	6923
50871	0	0	0	0	8903	57298	0	8903	1792	7111
50727	0	0	0	0	9047	57277	0	9047	1801	7246
52117	0	0	0	0	7657	57295	0	7657	1783	5874
50981	0	0	0	0	8793	57276	0	8793	1797	6996
51155	0	0	0	0	8619	57106	0	8619	1773	6846
50679	0	0	0	0	9095	57071	0	9095	1760	7335
51142	0	0	0	0	8632	57058	0	8632	1790	6842
50709	0	0	0	0	9065	57289	0	9065	1804	7261
50908	0	0	0	0	8866	57351	0	8866	1763	7103
51398	0	0	0	0	8376	57256	0	8376	1799	6577
50858	0	0	0	0	8916	57137	0	8916	1765	7151
51026	0	0	0	0	8748	57270	0	8748	1810	6938
51192	0	0	0	0	8582	57153	0	8582	1776	6806
50872	0	0	0	0	8902	57323	0	8902	1775	7127
50828	0	0	0	0	8946	57266	0	8946	1799	7147
51094	0	0	0	0	8680	57271	0	8680	1778	6902
50953	0	0	0	0	8821	57185	0	8821	1763	7058
51491	0	0	0	0	8283	57265	0	8283	1794	6489
50909	0	0	0	0	8865	57315	0	8865	1802	7063
51054	0	0	0	0	8720	57056	0	8720	1762	6958
51670	0	0	0	0	8104	57232	0	8104	1783	6321
51257	0	0	0	0	8517	57254	0	8517	1781	6736
51010	0	0	0	0	8764	57277	0	8764	1803	6961
51086	0	0	0	0	8688	57249	0	8688	1768	6920
52116	0	0	0	0	7658	57149	0	7658	1790	5868
50563	0	0	0	0	9211	57272	0	9211	1782	7429
51180	0	0	0	0	8594	57093	0	8594	1774	6820
