14279	0	0	0	0	45495	58817	0	45495	3	45492
14094	0	0	0	0	45680	59253	0	45680	3	45677
16578	0	0	0	0	43196	58335	0	43196	3	43193
13959	0	0	0	0	45815	58905	0	45815	3	45812
12847	0	0	0	0	46927	58913	0	46927	3	46924
13873	0	0	0	0	45901	58886	0	45901	3	45898
14783	0	0	0	0	44991	58949	0	44991	3	44988
15219	0	0	0	0	44555	59007	0	44555	3	44552
14549	0	0	0	0	45225	58251	0	45225	3	45222
14363	0	0	0	0	45411	58839	0	45411	3	45408
14211	0	0	0	0	45563	58977	0	45563	3	45560
16022	0	0	0	0	43752	58905	0	43752	3	43749
14530	0	0	0	0	45244	58981	0	45244	3	45241
15854	0	0	0	0	43920	58880	0	43920	3	43917
14031	0	0	0	0	45743	59047	0	45743	3	45740
15424	0	0	0	0	44350	58825	0	44350	3	44347
15084	0	0	0	0	44690	59202	0	44690	3	44687
16248	0	0	0	0	43526	59047	0	43526	3	43523
14622	0	0	0	0	45152	58089	0	45152	3	45149
14308	0	0	0	0	45466	58960	0	45466	3	45463
16361	0	0	0	0	43413	58784	0	43413	3	43410
13863	0	0	0	0	45911	58903	0	45911	3	45908
14011	0	0	0	0	45763	58158	0	45763	3	45760
14534	0	0	0	0	45240	57959	0	45240	3	45237
15049	0	0	0	0	44725	58842	0	44725	3	44722
14164	0	0	0	0	45610	59097	0	45610	3	45607
14287	0	0	0	0	45487	58989	0	45487	3	45484
15311	0	0	0	0	44463	58376	0	44463	3	44460
14171	0	0	0	0	45603	58923	0	45603	3	45600
13747	0	0	0	0	46027	58164	0	46027	3	46024
13421	0	0	0	0	46353	58930	0	46353	3	46350
15302	0	0	0	0	44472	58132	0	44472	3	44469
15246	0	0	0	0	44528	59087	0	44528	3	44525
14472	0	0	0	0	45302	58927	0	45302	3	45299
14997	0	0	0	0	44777	58258	0	44777	3	44774
15866	0	0	0	0	43908	59051	0	43908	3	43905
14824	0	0	0	0	44950	58978	0	44950	3	44947
14094	0	0	0	0	45680	58210	0	45680	3	45677
13055	0	0	0	0	46719	58881	0	46719	3	46716
14719	0	0	0	0	45055	58420	0	45055	3	45052
14241	0	0	0	0	45533	58788	0	45533	3	45530
14613	0	0	0	0	45161	58177	0	45161	3	45158
15821	0	0	0	0	43953	58952	0	43953	3	43950
14976	0	0	0	0	44798	58361	0	44798	3	44795
15988	0	0	0	0	43786	58853	0	43786	3	43783
15985	0	0	0	0	43789	58816	0	43789	3	43786
14294	0	0	0	0	45480	58981	0	45480	3	45477
14235	0	0	0	0	45539	59000	0	45539	3	45536
14206	0	0	0	0	45568	59201	0	45568	3	45565
14903	0	0	0	0	44871	58899	0	44871	3	44868
13633	0	0	0	0	46141	59063	0	46141	3	46138
14865	0	0	0	0	44909	58954	0	44909	3	44906
13944	0	0	0	0	45830	58836	0	45830	3	45827
14697	0	0	0	0	45077	59174	0	45077	3	45074
13533	0	0	0	0	46241	58942	0	46241	3	46238
15273	0	0	0	0	44501	58964	0	44501	3	44498
14752	0	0	0	0	45022	59010	0	45022	3	45019
14074	0	0	0	0	45700	58942	0	45700	3	45697
15372	0	0	0	0	44402	58979	0	44402	3	44399
14349	0	0	0	0	45425	58955	0	45425	3	45422
14295	0	0	0	0	45479	58940	0	45479	3	45476
15282	0	0	0	0	44492	58998	0	44492	3	44489
13804	0	0	0	0	45970	58999	0	45970	3	45967
13748	0	0	0	0	46026	58116	0	46026	3	46023
14802	0	0	0	0	44972	58840	0	44972	3	44969
14154	0	0	0	0	45620	59486	0	45620	3	45617
15644	0	0	0	0	44130	58098	0	44130	3	44127
14453	0	0	0	0	45321	58972	0	45321	3	45318
14792	0	0	0	0	44982	58916	0	44982	3	44979
14468	0	0	0	0	45306	58943	0	45306	3	45303
14013	0	0	0	0	45761	59024	0	45761	3	45758
14093	0	0	0	0	45681	58261	0	45681	3	45678
14974	0	0	0	0	44800	58975	0	44800	3	44797
15972	0	0	0	0	43802	58974	0	43802	3	43799
12500	0	0	0	0	47274	58984	0	47274	3	47271
14829	0	0	0	0	44945	59208	0	44945	3	44942
15111	0	0	0	0	44663	58968	0	44663	3	44660
14454	0	0	0	0	45320	58942	0	45320	3	45317
15054	0	0	0	0	44720	59180	0	44720	3	44717
15433	0	0	0	0	44341	58157	0	44341	3	44338
15054	0	0	0	0	44720	58904	0	44720	3	44717
13579	0	0	0	0	46195	58915	0	46195	3	46192
14830	0	0	0	0	44944	58957	0	44944	3	44941
15065	0	0	0	0	44709	58949	0	44709	3	44706
14886	0	0	0	0	44888	58013	0	44888	3	44885
15969	0	0	0	0	43805	58310	0	43805	3	43802
14194	0	0	0	0	45580	58407	0	45580	3	45577
14133	0	0	0	0	45641	58878	0	45641	3	45638
15131	0	0	0	0	44643	58156	0	44643	3	44640
14158	0	0	0	0	45616	58826	0	45616	3	45613
12986	0	0	0	0	46788	59048	0	46788	3	46785
14965	0	0	0	0	44809	58941	0	44809	3	44806
14371	0	0	0	0	45403	58091	0	45403	3	45400
13940	0	0	0	0	45834	59001	0	45834	3	45831
14235	0	0	0	0	45539	59093	0	45539	3	45536
16034	0	0	0	0	43740	58093	0	43740	3	43737
15596	0	0	0	0	44178	58764	0	44178	3	44175
15679	0	0	0	0	44095	58733	0	44095	3	44092
14228	0	0	0	0	45546	58897	0	45546	3	45543
14564	0	0	0	0	45210	58127	0	45210	3	45207
15137	0	0	0	0	44637	58825	0	44637	3	44634
16473	0	0	0	0	43301	59208	0	43301	3	43298
14671	0	0	0	0	45103	58862	0	45103	3	45100
15212	0	0	0	0	44562	58046	0	44562	3	44559
14312	0	0	0	0	45462	58969	0	45462	3	45459
15020	0	0	0	0	44754	58996	0	44754	3	44751
14682	0	0	0	0	45092	59083	0	45092	3	45089
14062	0	0	0	0	45712	58896	0	45712	3	45709
16094	0	0	0	0	43680	58076	0	43680	3	43677
14793	0	0	0	0	44981	58864	0	44981	3	44978
15409	0	0	0	0	44365	58122	0	44365	3	44362
16824	0	0	0	0	42950	58911	0	42950	3	42947
15182	0	0	0	0	44592	58218	0	44592	3	44589
13277	0	0	0	0	46497	58947	0	46497	3	46494
15102	0	0	0	0	44672	58045	0	44672	3	44669
14817	0	0	0	0	44957	58873	0	44957	3	44954
14210	0	0	0	0	45564	58881	0	45564	3	45561
15354	0	0	0	0	44420	58901	0	44420	3	44417
14477	0	0	0	0	45297	59151	0	45297	3	45294
13377	0	0	0	0	46397	58389	0	46397	3	46394
13917	0	0	0	0	45857	58790	0	45857	3	45854
15320	0	0	0	0	44454	58911	0	44454	3	44451
14472	0	0	0	0	45302	58878	0	45302	3	45299
15819	0	0	0	0	43955	58129	0	43955	3	43952
15098	0	0	0	0	44676	58866	0	44676	3	44673
15276	0	0	0	0	44498	58049	0	44498	3	44495
13880	0	0	0	0	45894	59105	0	45894	3	45891
14678	0	0	0	0	45096	57977	0	45096	3	45093
14188	0	0	0	0	45586	59462	0	45586	3	45583
15130	0	0	0	0	44644	58216	0	44644	3	44641
14957	0	0	0	0	44817	58141	0	44817	3	44814
14330	0	0	0	0	45444	58986	0	45444	3	45441
14986	0	0	0	0	44788	58805	0	44788	3	44785
14183	0	0	0	0	45591	59307	0	45591	3	45588
13525	0	0	0	0	46249	58004	0	46249	3	46246
14559	0	0	0	0	45215	59070	0	45215	3	45212
15224	0	0	0	0	44550	58297	0	44550	3	44547
13834	0	0	0	0	45940	58878	0	45940	3	45937
14321	0	0	0	0	45453	58005	0	45453	3	45450
14071	0	0	0	0	45703	58822	0	45703	3	45700
15345	0	0	0	0	44429	58989	0	44429	3	44426
15619	0	0	0	0	44155	58095	0	44155	3	44152
14321	0	0	0	0	45453	58928	0	45453	3	45450
14093	0	0	0	0	45681	58935	0	45681	3	45678
14883	0	0	0	0	44891	58876	0	44891	3	44888
14226	0	0	0	0	45548	58923	0	45548	3	45545
13246	0	0	0	0	46528	58034	0	46528	3	46525
14446	0	0	0	0	45328	58890	0	45328	3	45325
15881	0	0	0	0	43893	58901	0	43893	3	43890
14639	0	0	0	0	45135	58200	0	45135	3	45132
13633	0	0	0	0	46141	58862	0	46141	3	46138
13651	0	0	0	0	46123	58967	0	46123	3	46120
14333	0	0	0	0	45441	58827	0	45441	3	45438
15585	0	0	0	0	44189	59137	0	44189	3	44186
15448	0	0	0	0	44326	58898	0	44326	3	44323
15033	0	0	0	0	44741	57937	0	44741	3	44738
15558	0	0	0	0	44216	57958	0	44216	3	44213
15264	0	0	0	0	44510	58094	0	44510	3	44507
15269	0	0	0	0	44505	58997	0	44505	3	44502
13331	0	0	0	0	46443	58814	0	46443	3	46440
14854	0	0	0	0	44920	58731	0	44920	3	44917
15348	0	0	0	0	44426	58936	0	44426	3	44423
14864	0	0	0	0	44910	58166	0	44910	3	44907
13889	0	0	0	0	45885	59068	0	45885	3	45882
15203	0	0	0	0	44571	59014	0	44571	3	44568
15429	0	0	0	0	44345	58928	0	44345	3	44342
13779	0	0	0	0	45995	59064	0	45995	3	45992
15027	0	0	0	0	44747	59085	0	44747	3	44744
13637	0	0	0	0	46137	58816	0	46137	3	46134
15258	0	0	0	0	44516	58038	0	44516	3	44513
14729	0	0	0	0	45045	59075	0	45045	3	45042
14556	0	0	0	0	45218	58985	0	45218	3	45215
14934	0	0	0	0	44840	58929	0	44840	3	44837
13354	0	0	0	0	46420	58817	0	46420	3	46417
14645	0	0	0	0	45129	58873	0	45129	3	45126
14776	0	0	0	0	44998	59022	0	44998	3	44995
14636	0	0	0	0	45138	58344	0	45138	3	45135
14851	0	0	0	0	44923	58229	0	44923	3	44920
13428	0	0	0	0	46346	59126	0	46346	3	46343
13944	0	0	0	0	45830	58901	0	45830	3	45827
14728	0	0	0	0	45046	57985	0	45046	3	45043
14049	0	0	0	0	45725	58840	0	45725	3	45722
13200	0	0	0	0	46574	58029	0	46574	3	46571
15266	0	0	0	0	44508	58120	0	44508	3	44505
14300	0	0	0	0	45474	58264	0	45474	3	45471
14634	0	0	0	0	45140	58277	0	45140	3	45137
13896	0	0	0	0	45878	58947	0	45878	3	45875
14936	0	0	0	0	44838	57989	0	44838	3	44835
15670	0	0	0	0	44104	58888	0	44104	3	44101
15117	0	0	0	0	44657	58822	0	44657	3	44654
15372	0	0	0	0	44402	58053	0	44402	3	44399
15502	0	0	0	0	44272	59030	0	44272	3	44269
15217	0	0	0	0	44557	59100	0	44557	3	44554
17105	0	0	0	0	42669	58757	0	42669	3	42666
15632	0	0	0	0	44142	58779	0	44142	3	44139
16070	0	0	0	0	43704	58312	0	43704	3	43701
15041	0	0	0	0	44733	58979	0	44733	3	44730
13770	0	0	0	0	46004	58964	0	46004	3	46001
14615	0	0	0	0	45159	58828	0	45159	3	45156
14837	0	0	0	0	44937	57993	0	44937	3	44934
14084	0	0	0	0	45690	58931	0	45690	3	45687
15777	0	0	0	0	43997	58065	0	43997	3	43994
14267	0	0	0	0	45507	58897	0	45507	3	45504
13366	0	0	0	0	46408	59007	0	46408	3	46405
14345	0	0	0	0	45429	58871	0	45429	3	45426
15102	0	0	0	0	44672	58858	0	44672	3	44669
14586	0	0	0	0	45188	57961	0	45188	3	45185
14964	0	0	0	0	44810	58905	0	44810	3	44807
14613	0	0	0	0	45161	58725	0	45161	3	45158
15874	0	0	0	0	43900	58929	0	43900	3	43897
13131	0	0	0	0	46643	58859	0	46643	3	46640
15833	0	0	0	0	43941	58952	0	43941	3	43938
15031	0	0	0	0	44743	58235	0	44743	3	44740
15205	0	0	0	0	44569	58856	0	44569	3	44566
16739	0	0	0	0	43035	58924	0	43035	3	43032
13691	0	0	0	0	46083	58865	0	46083	3	46080
14665	0	0	0	0	45109	58871	0	45109	3	45106
15059	0	0	0	0	44715	59029	0	44715	3	44712
15143	0	0	0	0	44631	59091	0	44631	3	44628
15640	0	0	0	0	44134	58197	0	44134	3	44131
14879	0	0	0	0	44895	58412	0	44895	3	44892
14073	0	0	0	0	45701	58854	0	45701	3	45698
14023	0	0	0	0	45751	58826	0	45751	3	45748
15182	0	0	0	0	44592	58391	0	44592	3	44589
14941	0	0	0	0	44833	59049	0	44833	3	44830
15919	0	0	0	0	43855	58193	0	43855	3	43852
14713	0	0	0	0	45061	57909	0	45061	3	45058
14403	0	0	0	0	45371	58400	0	45371	3	45368
14832	0	0	0	0	44942	58871	0	44942	3	44939
15073	0	0	0	0	44701	58026	0	44701	3	44698
14128	0	0	0	0	45646	58927	0	45646	3	45643
13420	0	0	0	0	46354	58961	0	46354	3	46351
13761	0	0	0	0	46013	59211	0	46013	3	46010
14827	0	0	0	0	44947	58183	0	44947	3	44944
15601	0	0	0	0	44173	59012	0	44173	3	44170
13817	0	0	0	0	45957	58980	0	45957	3	45954
15645	0	0	0	0	44129	58992	0	44129	3	44126
12632	0	0	0	0	47142	58828	0	47142	3	47139
15594	0	0	0	0	44180	59073	0	44180	3	44177
14960	0	0	0	0	44814	58915	0	44814	3	44811
14185	0	0	0	0	45589	58962	0	45589	3	45586
13442	0	0	0	0	46332	58124	0	46332	3	46329
15731	0	0	0	0	44043	59217	0	44043	3	44040
14998	0	0	0	0	44776	58140	0	44776	3	44773
15825	0	0	0	0	43949	58999	0	43949	3	43946
15833	0	0	0	0	43941	58918	0	43941	3	43938
15372	0	0	0	0	44402	58907	0	44402	3	44399
13904	0	0	0	0	45870	58119	0	45870	3	45867
14262	0	0	0	0	45512	58968	0	45512	3	45509
14766	0	0	0	0	45008	58805	0	45008	3	45005
15113	0	0	0	0	44661	58026	0	44661	3	44658
16440	0	0	0	0	43334	58944	0	43334	3	43331
14549	0	0	0	0	45225	58932	0	45225	3	45222
14367	0	0	0	0	45407	59073	0	45407	3	45404
15239	0	0	0	0	44535	58986	0	44535	3	44532
14752	0	0	0	0	45022	58914	0	45022	3	45019
14245	0	0	0	0	45529	57975	0	45529	3	45526
13480	0	0	0	0	46294	58992	0	46294	3	46291
13843	0	0	0	0	45931	58895	0	45931	3	45928
14874	0	0	0	0	44900	58140	0	44900	3	44897
15654	0	0	0	0	44120	58989	0	44120	3	44117
14270	0	0	0	0	45504	59006	0	45504	3	45501
14793	0	0	0	0	44981	58994	0	44981	3	44978
14409	0	0	0	0	45365	58965	0	45365	3	45362
14926	0	0	0	0	44848	58867	0	44848	3	44845
15513	0	0	0	0	44261	58054	0	44261	3	44258
15008	0	0	0	0	44766	58005	0	44766	3	44763
14820	0	0	0	0	44954	59006	0	44954	3	44951
15016	0	0	0	0	44758	58455	0	44758	3	44755
15100	0	0	0	0	44674	59127	0	44674	3	44671
14472	0	0	0	0	45302	58977	0	45302	3	45299
16784	0	0	0	0	42990	59021	0	42990	3	42987
13334	0	0	0	0	46440	57970	0	46440	3	46437
14636	0	0	0	0	45138	58145	0	45138	3	45135
14748	0	0	0	0	45026	58280	0	45026	3	45023
14582	0	0	0	0	45192	58766	0	45192	3	45189
15903	0	0	0	0	43871	58869	0	43871	3	43868
14269	0	0	0	0	45505	59028	0	45505	3	45502
15976	0	0	0	0	43798	58133	0	43798	3	43795
14585	0	0	0	0	45189	58822	0	45189	3	45186
15657	0	0	0	0	44117	58023	0	44117	3	44114
14327	0	0	0	0	45447	58954	0	45447	3	45444
14808	0	0	0	0	44966	58867	0	44966	3	44963
15743	0	0	0	0	44031	59087	0	44031	3	44028
16392	0	0	0	0	43382	59010	0	43382	3	43379
14325	0	0	0	0	45449	58993	0	45449	3	45446
15130	0	0	0	0	44644	59016	0	44644	3	44641
15101	0	0	0	0	44673	58872	0	44673	3	44670
13503	0	0	0	0	46271	58911	0	46271	3	46268
13713	0	0	0	0	46061	58803	0	46061	3	46058
15720	0	0	0	0	44054	58032	0	44054	3	44051
15828	0	0	0	0	43946	59010	0	43946	3	43943
15029	0	0	0	0	44745	59024	0	44745	3	44742
13808	0	0	0	0	45966	59142	0	45966	3	45963
17968	0	0	0	0	41806	58797	0	41806	3	41803
14028	0	0	0	0	45746	57992	0	45746	3	45743
14833	0	0	0	0	44941	58891	0	44941	3	44938
13973	0	0	0	0	45801	58979	0	45801	3	45798
14440	0	0	0	0	45334	58130	0	45334	3	45331
16066	0	0	0	0	43708	57922	0	43708	3	43705
14342	0	0	0	0	45432	58065	0	45432	3	45429
14093	0	0	0	0	45681	58949	0	45681	3	45678
14280	0	0	0	0	45494	58135	0	45494	3	45491
15568	0	0	0	0	44206	58009	0	44206	3	44203
13802	0	0	0	0	45972	58881	0	45972	3	45969
14570	0	0	0	0	45204	59119	0	45204	3	45201
14193	0	0	0	0	45581	58701	0	45581	3	45578
14423	0	0	0	0	45351	58870	0	45351	3	45348
14579	0	0	0	0	45195	58247	0	45195	3	45192
15201	0	0	0	0	44573	58859	0	44573	3	44570
14942	0	0	0	0	44832	58961	0	44832	3	44829
17135	0	0	0	0	42639	58036	0	42639	3	42636
13759	0	0	0	0	46015	58017	0	46015	3	46012
15819	0	0	0	0	43955	58953	0	43955	3	43952
14463	0	0	0	0	45311	58957	0	45311	3	45308
14673	0	0	0	0	45101	58997	0	45101	3	45098
16019	0	0	0	0	43755	58877	0	43755	3	43752
14492	0	0	0	0	45282	58315	0	45282	3	45279
14708	0	0	0	0	45066	58903	0	45066	3	45063
13700	0	0	0	0	46074	58868	0	46074	3	46071
13229	0	0	0	0	46545	59139	0	46545	3	46542
15307	0	0	0	0	44467	58018	0	44467	3	44464
14988	0	0	0	0	44786	58095	0	44786	3	44783
15274	0	0	0	0	44500	58874	0	44500	3	44497
14456	0	0	0	0	45318	58123	0	45318	3	45315
14379	0	0	0	0	45395	58857	0	45395	3	45392
14736	0	0	0	0	45038	59037	0	45038	3	45035
13945	0	0	0	0	45829	59026	0	45829	3	45826
15391	0	0	0	0	44383	59071	0	44383	3	44380
13974	0	0	0	0	45800	59108	0	45800	3	45797
16112	0	0	0	0	43662	58926	0	43662	3	43659
14791	0	0	0	0	44983	59143	0	44983	3	44980
14540	0	0	0	0	45234	59015	0	45234	3	45231
14319	0	0	0	0	45455	59190	0	45455	3	45452
14578	0	0	0	0	45196	58854	0	45196	3	45193
13494	0	0	0	0	46280	58915	0	46280	3	46277
15190	0	0	0	0	44584	58015	0	44584	3	44581
14676	0	0	0	0	45098	58974	0	45098	3	45095
13221	0	0	0	0	46553	59043	0	46553	3	46550
14496	0	0	0	0	45278	58988	0	45278	3	45275
15069	0	0	0	0	44705	58922	0	44705	3	44702
13902	0	0	0	0	45872	58049	0	45872	3	45869
15308	0	0	0	0	44466	58995	0	44466	3	44463
14841	0	0	0	0	44933	59073	0	44933	3	44930
14583	0	0	0	0	45191	59220	0	45191	3	45188
14262	0	0	0	0	45512	59206	0	45512	3	45509
15320	0	0	0	0	44454	58048	0	44454	3	44451
13898	0	0	0	0	45876	58900	0	45876	3	45873
13909	0	0	0	0	45865	59093	0	45865	3	45862
16118	0	0	0	0	43656	58938	0	43656	3	43653
15924	0	0	0	0	43850	58900	0	43850	3	43847
14223	0	0	0	0	45551	58834	0	45551	3	45548
14810	0	0	0	0	44964	58135	0	44964	3	44961
15810	0	0	0	0	43964	58940	0	43964	3	43961
13745	0	0	0	0	46029	59029	0	46029	3	46026
15029	0	0	0	0	44745	58871	0	44745	3	44742
13556	0	0	0	0	46218	58830	0	46218	3	46215
15068	0	0	0	0	44706	58132	0	44706	3	44703
15189	0	0	0	0	44585	59033	0	44585	3	44582
15484	0	0	0	0	44290	58946	0	44290	3	44287
14316	0	0	0	0	45458	58095	0	45458	3	45455
15202	0	0	0	0	44572	58243	0	44572	3	44569
14714	0	0	0	0	45060	58919	0	45060	3	45057
15815	0	0	0	0	43959	58249	0	43959	3	43956
15574	0	0	0	0	44200	58916	0	44200	3	44197
15452	0	0	0	0	44322	58114	0	44322	3	44319
14108	0	0	0	0	45666	58014	0	45666	3	45663
17523	0	0	0	0	42251	58969	0	42251	3	42248
14560	0	0	0	0	45214	59040	0	45214	3	45211
13912	0	0	0	0	45862	58904	0	45862	3	45859
14274	0	0	0	0	45500	58146	0	45500	3	45497
15091	0	0	0	0	44683	58852	0	44683	3	44680
14560	0	0	0	0	45214	58846	0	45214	3	45211
14170	0	0	0	0	45604	59204	0	45604	3	45601
13889	0	0	0	0	45885	57972	0	45885	3	45882
14001	0	0	0	0	45773	58860	0	45773	3	45770
15106	0	0	0	0	44668	58971	0	44668	3	44665
14276	0	0	0	0	45498	58086	0	45498	3	45495
15743	0	0	0	0	44031	59172	0	44031	3	44028
15123	0	0	0	0	44651	59071	0	44651	3	44648
14832	0	0	0	0	44942	59195	0	44942	3	44939
15072	0	0	0	0	44702	58042	0	44702	3	44699
14434	0	0	0	0	45340	58957	0	45340	3	45337
13886	0	0	0	0	45888	59008	0	45888	3	45885
13468	0	0	0	0	46306	58807	0	46306	3	46303
13838	0	0	0	0	45936	59137	0	45936	3	45933
15600	0	0	0	0	44174	58040	0	44174	3	44171
14598	0	0	0	0	45176	58980	0	45176	3	45173
14909	0	0	0	0	44865	58728	0	44865	3	44862
14063	0	0	0	0	45711	58912	0	45711	3	45708
14199	0	0	0	0	45575	58959	0	45575	3	45572
16042	0	0	0	0	43732	58185	0	43732	3	43729
13874	0	0	0	0	45900	58074	0	45900	3	45897
14202	0	0	0	0	45572	58007	0	45572	3	45569
14241	0	0	0	0	45533	58884	0	45533	3	45530
13491	0	0	0	0	46283	59093	0	46283	3	46280
14098	0	0	0	0	45676	58074	0	45676	3	45673
14985	0	0	0	0	44789	58838	0	44789	3	44786
14797	0	0	0	0	44977	58888	0	44977	3	44974
13859	0	0	0	0	45915	58843	0	45915	3	45912
13594	0	0	0	0	46180	58901	0	46180	3	46177
14051	0	0	0	0	45723	58943	0	45723	3	45720
14641	0	0	0	0	45133	58899	0	45133	3	45130
15302	0	0	0	0	44472	58959	0	44472	3	44469
14898	0	0	0	0	44876	59020	0	44876	3	44873
15691	0	0	0	0	44083	58441	0	44083	3	44080
15225	0	0	0	0	44549	59105	0	44549	3	44546
14881	0	0	0	0	44893	58908	0	44893	3	44890
15511	0	0	0	0	44263	59204	0	44263	3	44260
12671	0	0	0	0	47103	58966	0	47103	3	47100
14859	0	0	0	0	44915	58924	0	44915	3	44912
15088	0	0	0	0	44686	58952	0	44686	3	44683
15266	0	0	0	0	44508	59083	0	44508	3	44505
15368	0	0	0	0	44406	58845	0	44406	3	44403
14516	0	0	0	0	45258	58858	0	45258	3	45255
16234	0	0	0	0	43540	58118	0	43540	3	43537
13849	0	0	0	0	45925	58010	0	45925	3	45922
15339	0	0	0	0	44435	58085	0	44435	3	44432
13878	0	0	0	0	45896	59173	0	45896	3	45893
13748	0	0	0	0	46026	59036	0	46026	3	46023
14937	0	0	0	0	44837	59192	0	44837	3	44834
13621	0	0	0	0	46153	58120	0	46153	3	46150
14785	0	0	0	0	44989	59228	0	44989	3	44986
15279	0	0	0	0	44495	58937	0	44495	3	44492
15225	0	0	0	0	44549	57977	0	44549	3	44546
14534	0	0	0	0	45240	58891	0	45240	3	45237
15311	0	0	0	0	44463	58016	0	44463	3	44460
14598	0	0	0	0	45176	58931	0	45176	3	45173
13647	0	0	0	0	46127	58965	0	46127	3	46124
14007	0	0	0	0	45767	58193	0	45767	3	45764
15456	0	0	0	0	44318	58320	0	44318	3	44315
15176	0	0	0	0	44598	58838	0	44598	3	44595
15047	0	0	0	0	44727	58908	0	44727	3	44724
15810	0	0	0	0	43964	59332	0	43964	3	43961
15594	0	0	0	0	44180	58813	0	44180	3	44177
16289	0	0	0	0	43485	58922	0	43485	3	43482
14312	0	0	0	0	45462	58897	0	45462	3	45459
15922	0	0	0	0	43852	58012	0	43852	3	43849
14514	0	0	0	0	45260	58865	0	45260	3	45257
15219	0	0	0	0	44555	58919	0	44555	3	44552
14973	0	0	0	0	44801	58877	0	44801	3	44798
14097	0	0	0	0	45677	58929	0	45677	3	45674
14685	0	0	0	0	45089	58911	0	45089	3	45086
15682	0	0	0	0	44092	58980	0	44092	3	44089
16092	0	0	0	0	43682	57885	0	43682	3	43679
14204	0	0	0	0	45570	58225	0	45570	3	45567
15842	0	0	0	0	43932	58951	0	43932	3	43929
13229	0	0	0	0	46545	58749	0	46545	3	46542
15176	0	0	0	0	44598	58915	0	44598	3	44595
13927	0	0	0	0	45847	58437	0	45847	3	45844
15705	0	0	0	0	44069	58370	0	44069	3	44066
14767	0	0	0	0	45007	59012	0	45007	3	45004
15796	0	0	0	0	43978	58119	0	43978	3	43975
14700	0	0	0	0	45074	58867	0	45074	3	45071
14939	0	0	0	0	44835	58247	0	44835	3	44832
13963	0	0	0	0	45811	58885	0	45811	3	45808
14843	0	0	0	0	44931	58060	0	44931	3	44928
14234	0	0	0	0	45540	59353	0	45540	3	45537
14656	0	0	0	0	45118	58821	0	45118	3	45115
13625	0	0	0	0	46149	58935	0	46149	3	46146
14411	0	0	0	0	45363	58964	0	45363	3	45360
13825	0	0	0	0	45949	58917	0	45949	3	45946
14366	0	0	0	0	45408	58967	0	45408	3	45405
15151	0	0	0	0	44623	57949	0	44623	3	44620
13759	0	0	0	0	46015	59031	0	46015	3	46012
15258	0	0	0	0	44516	58194	0	44516	3	44513
14907	0	0	0	0	44867	58824	0	44867	3	44864
14667	0	0	0	0	45107	58316	0	45107	3	45104
14023	0	0	0	0	45751	58031	0	45751	3	45748
14408	0	0	0	0	45366	58984	0	45366	3	45363
15158	0	0	0	0	44616	58912	0	44616	3	44613
14735	0	0	0	0	45039	59214	0	45039	3	45036
14470	0	0	0	0	45304	59041	0	45304	3	45301
15735	0	0	0	0	44039	58951	0	44039	3	44036
15062	0	0	0	0	44712	58909	0	44712	3	44709
14786	0	0	0	0	44988	58876	0	44988	3	44985
14877	0	0	0	0	44897	58171	0	44897	3	44894
16326	0	0	0	0	43448	58875	0	43448	3	43445
15652	0	0	0	0	44122	58937	0	44122	3	44119
14853	0	0	0	0	44921	58522	0	44921	3	44918
15416	0	0	0	0	44358	58174	0	44358	3	44355
15000	0	0	0	0	44774	58041	0	44774	3	44771
13761	0	0	0	0	46013	59131	0	46013	3	46010
16065	0	0	0	0	43709	58897	0	43709	3	43706
15355	0	0	0	0	44419	58126	0	44419	3	44416
13545	0	0	0	0	46229	58959	0	46229	3	46226
15890	0	0	0	0	43884	58957	0	43884	3	43881
14340	0	0	0	0	45434	59013	0	45434	3	45431
15491	0	0	0	0	44283	58551	0	44283	3	44280
14247	0	0	0	0	45527	58925	0	45527	3	45524
15007	0	0	0	0	44767	59231	0	44767	3	44764
14316	0	0	0	0	45458	58816	0	45458	3	45455
14596	0	0	0	0	45178	59158	0	45178	3	45175
14348	0	0	0	0	45426	58204	0	45426	3	45423
15411	0	0	0	0	44363	58962	0	44363	3	44360
14261	0	0	0	0	45513	59127	0	45513	3	45510
14204	0	0	0	0	45570	59024	0	45570	3	45567
14519	0	0	0	0	45255	58943	0	45255	3	45252
14092	0	0	0	0	45682	59032	0	45682	3	45679
14484	0	0	0	0	45290	59214	0	45290	3	45287
