59146	0	0	0	0	628	53203	0	628	3	625
58213	0	0	0	0	1561	53009	0	1561	3	1558
57853	0	0	0	0	1921	53025	0	1921	3	1918
58767	0	0	0	0	1007	52426	0	1007	3	1004
58652	0	0	0	0	1122	53495	0	1122	3	1119
58695	0	0	0	0	1079	53200	0	1079	3	1076
57733	0	0	0	0	2041	53480	0	2041	3	2038
59266	0	0	0	0	508	53357	0	508	3	505
58148	0	0	0	0	1626	53266	0	1626	3	1623
58117	0	0	0	0	1657	53759	0	1657	3	1654
57739	0	0	0	0	2035	53327	0	2035	3	2032
58022	0	0	0	0	1752	53116	0	1752	3	1749
59380	0	0	0	0	394	53200	0	394	3	391
58027	0	0	0	0	1747	52768	0	1747	3	1744
58979	0	0	0	0	795	52528	0	795	3	792
59437	0	0	0	0	337	52096	0	337	3	334
57796	0	0	0	0	1978	53417	0	1978	3	1975
58199	0	0	0	0	1575	53002	0	1575	3	1572
58425	0	0	0	0	1349	53428	0	1349	3	1346
59158	0	0	0	0	616	53200	0	616	3	613
57172	0	0	0	0	2602	53765	0	2602	3	2599
59139	0	0	0	0	635	53497	0	635	3	632
59085	0	0	0	0	689	52539	0	689	3	686
58991	0	0	0	0	783	52637	0	783	3	780
58834	0	0	0	0	940	53328	0	940	3	937
57974	0	0	0	0	1800	53094	0	1800	3	1797
57862	0	0	0	0	1912	53039	0	1912	3	1909
59031	0	0	0	0	743	53491	0	743	3	740
58168	0	0	0	0	1606	52977	0	1606	3	1603
59028	0	0	0	0	746	53148	0	746	3	743
59415	0	0	0	0	359	52537	0	359	3	356
58281	0	0	0	0	1493	53182	0	1493	3	1490
58828	0	0	0	0	946	52637	0	946	3	943
59278	0	0	0	0	496	53073	0	496	3	493
57486	0	0	0	0	2288	53674	0	2288	3	2285
57540	0	0	0	0	2234	53534	0	2234	3	2231
59179	0	0	0	0	595	53214	0	595	3	592
57964	0	0	0	0	1810	53474	0	1810	3	1807
57504	0	0	0	0	2270	53654	0	2270	3	2267
58910	0	0	0	0	864	52786	0	864	3	861
58338	0	0	0	0	1436	53356	0	1436	3	1433
57966	0	0	0	0	1808	53388	0	1808	3	1805
57938	0	0	0	0	1836	52604	0	1836	3	1833
58000	0	0	0	0	1774	53368	0	1774	3	1771
58995	0	0	0	0	779	53282	0	779	3	776
57918	0	0	0	0	1856	53343	0	1856	3	1853
58364	0	0	0	0	1410	53217	0	1410	3	1407
58168	0	0	0	0	1606	53219	0	1606	3	1603
57209	0	0	0	0	2565	53115	0	2565	3	2562
57937	0	0	0	0	1837	53031	0	1837	3	1834
57936	0	0	0	0	1838	52771	0	1838	3	1835
58882	0	0	0	0	892	53132	0	892	3	889
57652	0	0	0	0	2122	53677	0	2122	3	2119
58544	0	0	0	0	1230	52841	0	1230	3	1227
59095	0	0	0	0	679	52920	0	679	3	676
59080	0	0	0	0	694	52410	0	694	3	691
58548	0	0	0	0	1226	52758	0	1226	3	1223
58695	0	0	0	0	1079	52691	0	1079	3	1076
57924	0	0	0	0	1850	53256	0	1850	3	1847
57434	0	0	0	0	2340	53266	0	2340	3	2337
58565	0	0	0	0	1209	52756	0	1209	3	1206
59142	0	0	0	0	632	52301	0	632	3	629
58330	0	0	0	0	1444	53529	0	1444	3	1441
58981	0	0	0	0	793	52897	0	793	3	790
58535	0	0	0	0	1239	52868	0	1239	3	1236
58443	0	0	0	0	1331	53441	0	1331	3	1328
57289	0	0	0	0	2485	53712	0	2485	3	2482
58729	0	0	0	0	1045	52475	0	1045	3	1042
58857	0	0	0	0	917	53355	0	917	3	914
57360	0	0	0	0	2414	53788	0	2414	3	2411
58957	0	0	0	0	817	52344	0	817	3	814
58040	0	0	0	0	1734	52511	0	1734	3	1731
57851	0	0	0	0	1923	52875	0	1923	3	1920
58636	0	0	0	0	1138	52881	0	1138	3	1135
58555	0	0	0	0	1219	53685	0	1219	3	1216
58811	0	0	0	0	963	52616	0	963	3	960
58795	0	0	0	0	979	52510	0	979	3	976
58993	0	0	0	0	781	52910	0	781	3	778
57662	0	0	0	0	2112	53568	0	2112	3	2109
57260	0	0	0	0	2514	53606	0	2514	3	2511
58826	0	0	0	0	948	52517	0	948	3	945
58082	0	0	0	0	1692	53508	0	1692	3	1689
58329	0	0	0	0	1445	53113	0	1445	3	1442
57869	0	0	0	0	1905	53184	0	1905	3	1902
58857	0	0	0	0	917	53076	0	917	3	914
58253	0	0	0	0	1521	53217	0	1521	3	1518
57378	0	0	0	0	2396	53019	0	2396	3	2393
58104	0	0	0	0	1670	52960	0	1670	3	1667
58344	0	0	0	0	1430	52822	0	1430	3	1427
59175	0	0	0	0	599	53129	0	599	3	596
58160	0	0	0	0	1614	53505	0	1614	3	1611
58786	0	0	0	0	988	52837	0	988	3	985
57891	0	0	0	0	1883	52922	0	1883	3	1880
59100	0	0	0	0	674	53185	0	674	3	671
59197	0	0	0	0	577	52795	0	577	3	574
57435	0	0	0	0	2339	53143	0	2339	3	2336
58368	0	0	0	0	1406	52978	0	1406	3	1403
57820	0	0	0	0	1954	53354	0	1954	3	1951
57801	0	0	0	0	1973	53251	0	1973	3	1970
57898	0	0	0	0	1876	53596	0	1876	3	1873
58670	0	0	0	0	1104	52434	0	1104	3	1101
58735	0	0	0	0	1039	53449	0	1039	3	1036
58186	0	0	0	0	1588	53744	0	1588	3	1585
58264	0	0	0	0	1510	53704	0	1510	3	1507
57454	0	0	0	0	2320	53222	0	2320	3	2317
58283	0	0	0	0	1491	53096	0	1491	3	1488
58647	0	0	0	0	1127	53002	0	1127	3	1124
59057	0	0	0	0	717	53539	0	717	3	714
57908	0	0	0	0	1866	53239	0	1866	3	1863
58099	0	0	0	0	1675	53398	0	1675	3	1672
58591	0	0	0	0	1183	53352	0	1183	3	1180
58876	0	0	0	0	898	53344	0	898	3	895
59163	0	0	0	0	611	52595	0	611	3	608
58937	0	0	0	0	837	52726	0	837	3	834
58651	0	0	0	0	1123	53057	0	1123	3	1120
57579	0	0	0	0	2195	53617	0	2195	3	2192
59181	0	0	0	0	593	53125	0	593	3	590
57765	0	0	0	0	2009	53560	0	2009	3	2006
58755	0	0	0	0	1019	52779	0	1019	3	1016
58208	0	0	0	0	1566	53653	0	1566	3	1563
58376	0	0	0	0	1398	53126	0	1398	3	1395
58643	0	0	0	0	1131	53165	0	1131	3	1128
58671	0	0	0	0	1103	53630	0	1103	3	1100
58090	0	0	0	0	1684	53048	0	1684	3	1681
57775	0	0	0	0	1999	53702	0	1999	3	1996
58757	0	0	0	0	1017	53082	0	1017	3	1014
57786	0	0	0	0	1988	53588	0	1988	3	1985
58757	0	0	0	0	1017	52933	0	1017	3	1014
57597	0	0	0	0	2177	53178	0	2177	3	2174
58805	0	0	0	0	969	53042	0	969	3	966
58138	0	0	0	0	1636	52507	0	1636	3	1633
59013	0	0	0	0	761	53084	0	761	3	758
57764	0	0	0	0	2010	53749	0	2010	3	2007
57365	0	0	0	0	2409	53485	0	2409	3	2406
58216	0	0	0	0	1558	53630	0	1558	3	1555
58527	0	0	0	0	1247	53549	0	1247	3	1244
59073	0	0	0	0	701	53199	0	701	3	698
58348	0	0	0	0	1426	52875	0	1426	3	1423
57386	0	0	0	0	2388	53583	0	2388	3	2385
58940	0	0	0	0	834	53148	0	834	3	831
58705	0	0	0	0	1069	52688	0	1069	3	1066
58189	0	0	0	0	1585	52837	0	1585	3	1582
58195	0	0	0	0	1579	52915	0	1579	3	1576
58197	0	0	0	0	1577	53119	0	1577	3	1574
57627	0	0	0	0	2147	53621	0	2147	3	2144
59136	0	0	0	0	638	52511	0	638	3	635
59050	0	0	0	0	724	53064	0	724	3	721
58650	0	0	0	0	1124	52761	0	1124	3	1121
58576	0	0	0	0	1198	52664	0	1198	3	1195
59329	0	0	0	0	445	53324	0	445	3	442
59178	0	0	0	0	596	52489	0	596	3	593
58588	0	0	0	0	1186	53590	0	1186	3	1183
57343	0	0	0	0	2431	53371	0	2431	3	2428
59260	0	0	0	0	514	52447	0	514	3	511
59089	0	0	0	0	685	53152	0	685	3	682
58674	0	0	0	0	1100	53204	0	1100	3	1097
59156	0	0	0	0	618	52620	0	618	3	615
58955	0	0	0	0	819	52421	0	819	3	816
59044	0	0	0	0	730	53320	0	730	3	727
59192	0	0	0	0	582	53357	0	582	3	579
58852	0	0	0	0	922	53387	0	922	3	919
59554	0	0	0	0	220	52560	0	220	3	217
59106	0	0	0	0	668	53242	0	668	3	665
58359	0	0	0	0	1415	53000	0	1415	3	1412
57456	0	0	0	0	2318	53461	0	2318	3	2315
58356	0	0	0	0	1418	52932	0	1418	3	1415
58033	0	0	0	0	1741	52847	0	1741	3	1738
57814	0	0	0	0	1960	53180	0	1960	3	1957
58411	0	0	0	0	1363	52594	0	1363	3	1360
57240	0	0	0	0	2534	53115	0	2534	3	2531
58692	0	0	0	0	1082	52623	0	1082	3	1079
58707	0	0	0	0	1067	53021	0	1067	3	1064
58602	0	0	0	0	1172	53249	0	1172	3	1169
58240	0	0	0	0	1534	53131	0	1534	3	1531
58270	0	0	0	0	1504	52776	0	1504	3	1501
58485	0	0	0	0	1289	53194	0	1289	3	1286
59110	0	0	0	0	664	52696	0	664	3	661
58018	0	0	0	0	1756	52921	0	1756	3	1753
58964	0	0	0	0	810	53256	0	810	3	807
57458	0	0	0	0	2316	53602	0	2316	3	2313
58928	0	0	0	0	846	52802	0	846	3	843
58939	0	0	0	0	835	52628	0	835	3	832
58408	0	0	0	0	1366	53616	0	1366	3	1363
59291	0	0	0	0	483	52529	0	483	3	480
57179	0	0	0	0	2595	53589	0	2595	3	2592
59308	0	0	0	0	466	53163	0	466	3	463
59040	0	0	0	0	734	53266	0	734	3	731
57779	0	0	0	0	1995	53523	0	1995	3	1992
57640	0	0	0	0	2134	53606	0	2134	3	2131
58060	0	0	0	0	1714	53076	0	1714	3	1711
58596	0	0	0	0	1178	52617	0	1178	3	1175
59453	0	0	0	0	321	52329	0	321	3	318
57762	0	0	0	0	2012	53617	0	2012	3	2009
59208	0	0	0	0	566	53306	0	566	3	563
57590	0	0	0	0	2184	53710	0	2184	3	2181
57796	0	0	0	0	1978	52811	0	1978	3	1975
58415	0	0	0	0	1359	52505	0	1359	3	1356
57575	0	0	0	0	2199	53650	0	2199	3	2196
57989	0	0	0	0	1785	52764	0	1785	3	1782
58365	0	0	0	0	1409	52669	0	1409	3	1406
59110	0	0	0	0	664	52494	0	664	3	661
59242	0	0	0	0	532	53493	0	532	3	529
57400	0	0	0	0	2374	53418	0	2374	3	2371
58966	0	0	0	0	808	53431	0	808	3	805
59063	0	0	0	0	711	52096	0	711	3	708
58888	0	0	0	0	886	52588	0	886	3	883
58221	0	0	0	0	1553	53348	0	1553	3	1550
58006	0	0	0	0	1768	53356	0	1768	3	1765
58535	0	0	0	0	1239	52958	0	1239	3	1236
57459	0	0	0	0	2315	52756	0	2315	3	2312
58911	0	0	0	0	863	52667	0	863	3	860
59157	0	0	0	0	617	53035	0	617	3	614
59133	0	0	0	0	641	52653	0	641	3	638
58690	0	0	0	0	1084	53368	0	1084	3	1081
58839	0	0	0	0	935	53416	0	935	3	932
58641	0	0	0	0	1133	53272	0	1133	3	1130
58118	0	0	0	0	1656	53500	0	1656	3	1653
57543	0	0	0	0	2231	53384	0	2231	3	2228
59267	0	0	0	0	507	52408	0	507	3	504
57178	0	0	0	0	2596	53473	0	2596	3	2593
59104	0	0	0	0	670	52627	0	670	3	667
59264	0	0	0	0	510	52523	0	510	3	507
59029	0	0	0	0	745	52450	0	745	3	742
57259	0	0	0	0	2515	53750	0	2515	3	2512
58433	0	0	0	0	1341	53149	0	1341	3	1338
59047	0	0	0	0	727	52823	0	727	3	724
59383	0	0	0	0	391	52678	0	391	3	388
59011	0	0	0	0	763	53088	0	763	3	760
59035	0	0	0	0	739	53336	0	739	3	736
58077	0	0	0	0	1697	53157	0	1697	3	1694
57907	0	0	0	0	1867	53259	0	1867	3	1864
58489	0	0	0	0	1285	52873	0	1285	3	1282
57589	0	0	0	0	2185	53526	0	2185	3	2182
57058	0	0	0	0	2716	53817	0	2716	3	2713
59145	0	0	0	0	629	52196	0	629	3	626
58995	0	0	0	0	779	52887	0	779	3	776
58683	0	0	0	0	1091	52820	0	1091	3	1088
58941	0	0	0	0	833	53510	0	833	3	830
58237	0	0	0	0	1537	53380	0	1537	3	1534
58822	0	0	0	0	952	53050	0	952	3	949
57889	0	0	0	0	1885	53526	0	1885	3	1882
57635	0	0	0	0	2139	53019	0	2139	3	2136
57840	0	0	0	0	1934	53603	0	1934	3	1931
58259	0	0	0	0	1515	52729	0	1515	3	1512
57366	0	0	0	0	2408	53655	0	2408	3	2405
57014	0	0	0	0	2760	53332	0	2760	3	2757
58873	0	0	0	0	901	52649	0	901	3	898
58344	0	0	0	0	1430	53729	0	1430	3	1427
58222	0	0	0	0	1552	52913	0	1552	3	1549
58511	0	0	0	0	1263	52905	0	1263	3	1260
59380	0	0	0	0	394	53281	0	394	3	391
57417	0	0	0	0	2357	53769	0	2357	3	2354
59146	0	0	0	0	628	52732	0	628	3	625
58859	0	0	0	0	915	53328	0	915	3	912
58826	0	0	0	0	948	52391	0	948	3	945
58537	0	0	0	0	1237	53226	0	1237	3	1234
58378	0	0	0	0	1396	53051	0	1396	3	1393
58713	0	0	0	0	1061	52700	0	1061	3	1058
57570	0	0	0	0	2204	53609	0	2204	3	2201
59262	0	0	0	0	512	53027	0	512	3	509
58913	0	0	0	0	861	53058	0	861	3	858
58609	0	0	0	0	1165	52900	0	1165	3	1162
57599	0	0	0	0	2175	53377	0	2175	3	2172
58683	0	0	0	0	1091	52639	0	1091	3	1088
57825	0	0	0	0	1949	52978	0	1949	3	1946
58600	0	0	0	0	1174	52869	0	1174	3	1171
58797	0	0	0	0	977	53315	0	977	3	974
59054	0	0	0	0	720	52948	0	720	3	717
59488	0	0	0	0	286	53007	0	286	3	283
58271	0	0	0	0	1503	53337	0	1503	3	1500
58209	0	0	0	0	1565	53458	0	1565	3	1562
58013	0	0	0	0	1761	53529	0	1761	3	1758
58444	0	0	0	0	1330	53529	0	1330	3	1327
57938	0	0	0	0	1836	52811	0	1836	3	1833
58484	0	0	0	0	1290	53197	0	1290	3	1287
58436	0	0	0	0	1338	53118	0	1338	3	1335
59200	0	0	0	0	574	53371	0	574	3	571
57152	0	0	0	0	2622	53417	0	2622	3	2619
58181	0	0	0	0	1593	52826	0	1593	3	1590
58585	0	0	0	0	1189	53197	0	1189	3	1186
57086	0	0	0	0	2688	53460	0	2688	3	2685
58203	0	0	0	0	1571	52799	0	1571	3	1568
58105	0	0	0	0	1669	52995	0	1669	3	1666
58189	0	0	0	0	1585	52783	0	1585	3	1582
56993	0	0	0	0	2781	53621	0	2781	3	2778
58983	0	0	0	0	791	52632	0	791	3	788
59135	0	0	0	0	639	52619	0	639	3	636
59032	0	0	0	0	742	53472	0	742	3	739
58969	0	0	0	0	805	52472	0	805	3	802
58290	0	0	0	0	1484	53109	0	1484	3	1481
57475	0	0	0	0	2299	53441	0	2299	3	2296
59042	0	0	0	0	732	53424	0	732	3	729
58782	0	0	0	0	992	53025	0	992	3	989
57835	0	0	0	0	1939	53409	0	1939	3	1936
58028	0	0	0	0	1746	53037	0	1746	3	1743
58839	0	0	0	0	935	53433	0	935	3	932
59105	0	0	0	0	669	52673	0	669	3	666
58670	0	0	0	0	1104	52691	0	1104	3	1101
57827	0	0	0	0	1947	52657	0	1947	3	1944
58429	0	0	0	0	1345	53028	0	1345	3	1342
58479	0	0	0	0	1295	52885	0	1295	3	1292
58344	0	0	0	0	1430	53549	0	1430	3	1427
59394	0	0	0	0	380	53057	0	380	3	377
56981	0	0	0	0	2793	53260	0	2793	3	2790
58491	0	0	0	0	1283	53180	0	1283	3	1280
58765	0	0	0	0	1009	53361	0	1009	3	1006
57375	0	0	0	0	2399	53174	0	2399	3	2396
58782	0	0	0	0	992	52964	0	992	3	989
58359	0	0	0	0	1415	53684	0	1415	3	1412
58986	0	0	0	0	788	52875	0	788	3	785
57662	0	0	0	0	2112	52874	0	2112	3	2109
58070	0	0	0	0	1704	53559	0	1704	3	1701
57719	0	0	0	0	2055	53183	0	2055	3	2052
58739	0	0	0	0	1035	53066	0	1035	3	1032
58151	0	0	0	0	1623	53364	0	1623	3	1620
59057	0	0	0	0	717	53397	0	717	3	714
58895	0	0	0	0	879	53201	0	879	3	876
58444	0	0	0	0	1330	53098	0	1330	3	1327
59001	0	0	0	0	773	52382	0	773	3	770
58678	0	0	0	0	1096	52874	0	1096	3	1093
58826	0	0	0	0	948	52678	0	948	3	945
58661	0	0	0	0	1113	52843	0	1113	3	1110
58406	0	0	0	0	1368	53371	0	1368	3	1365
57526	0	0	0	0	2248	53832	0	2248	3	2245
57589	0	0	0	0	2185	53526	0	2185	3	2182
57656	0	0	0	0	2118	53407	0	2118	3	2115
58183	0	0	0	0	1591	53430	0	1591	3	1588
59228	0	0	0	0	546	52748	0	546	3	543
57635	0	0	0	0	2139	53399	0	2139	3	2136
58234	0	0	0	0	1540	52164	0	1540	3	1537
59002	0	0	0	0	772	52841	0	772	3	769
57273	0	0	0	0	2501	53613	0	2501	3	2498
59275	0	0	0	0	499	53110	0	499	3	496
58516	0	0	0	0	1258	52938	0	1258	3	1255
57759	0	0	0	0	2015	53649	0	2015	3	2012
57841	0	0	0	0	1933	53072	0	1933	3	1930
56873	0	0	0	0	2901	53293	0	2901	3	2898
58717	0	0	0	0	1057	52671	0	1057	3	1054
59257	0	0	0	0	517	53070	0	517	3	514
58866	0	0	0	0	908	52532	0	908	3	905
59129	0	0	0	0	645	53235	0	645	3	642
58384	0	0	0	0	1390	52726	0	1390	3	1387
59262	0	0	0	0	512	52419	0	512	3	509
57611	0	0	0	0	2163	52921	0	2163	3	2160
58839	0	0	0	0	935	52564	0	935	3	932
58923	0	0	0	0	851	53150	0	851	3	848
57980	0	0	0	0	1794	52955	0	1794	3	1791
58546	0	0	0	0	1228	53076	0	1228	3	1225
59119	0	0	0	0	655	53041	0	655	3	652
59003	0	0	0	0	771	52639	0	771	3	768
58986	0	0	0	0	788	52773	0	788	3	785
59430	0	0	0	0	344	52556	0	344	3	341
58663	0	0	0	0	1111	53093	0	1111	3	1108
58072	0	0	0	0	1702	52914	0	1702	3	1699
58171	0	0	0	0	1603	52817	0	1603	3	1600
58716	0	0	0	0	1058	52857	0	1058	3	1055
59321	0	0	0	0	453	52955	0	453	3	450
59360	0	0	0	0	414	53077	0	414	3	411
58623	0	0	0	0	1151	52849	0	1151	3	1148
59299	0	0	0	0	475	53169	0	475	3	472
58432	0	0	0	0	1342	53306	0	1342	3	1339
59293	0	0	0	0	481	52925	0	481	3	478
58622	0	0	0	0	1152	52535	0	1152	3	1149
58573	0	0	0	0	1201	52939	0	1201	3	1198
58329	0	0	0	0	1445	52649	0	1445	3	1442
59106	0	0	0	0	668	52172	0	668	3	665
59148	0	0	0	0	626	53374	0	626	3	623
59054	0	0	0	0	720	52791	0	720	3	717
57385	0	0	0	0	2389	53336	0	2389	3	2386
58709	0	0	0	0	1065	53197	0	1065	3	1062
58376	0	0	0	0	1398	52945	0	1398	3	1395
59283	0	0	0	0	491	53309	0	491	3	488
58594	0	0	0	0	1180	53047	0	1180	3	1177
57639	0	0	0	0	2135	53065	0	2135	3	2132
58256	0	0	0	0	1518	53475	0	1518	3	1515
59015	0	0	0	0	759	53103	0	759	3	756
58772	0	0	0	0	1002	52991	0	1002	3	999
58494	0	0	0	0	1280	52984	0	1280	3	1277
57717	0	0	0	0	2057	53082	0	2057	3	2054
59203	0	0	0	0	571	53054	0	571	3	568
58145	0	0	0	0	1629	52897	0	1629	3	1626
58725	0	0	0	0	1049	53833	0	1049	3	1046
59349	0	0	0	0	425	52758	0	425	3	422
57842	0	0	0	0	1932	53524	0	1932	3	1929
58893	0	0	0	0	881	52457	0	881	3	878
58889	0	0	0	0	885	52778	0	885	3	882
59311	0	0	0	0	463	53201	0	463	3	460
58434	0	0	0	0	1340	52816	0	1340	3	1337
59024	0	0	0	0	750	52507	0	750	3	747
58342	0	0	0	0	1432	53146	0	1432	3	1429
58808	0	0	0	0	966	52941	0	966	3	963
57327	0	0	0	0	2447	53509	0	2447	3	2444
59496	0	0	0	0	278	53072	0	278	3	275
57071	0	0	0	0	2703	53673	0	2703	3	2700
59312	0	0	0	0	462	52504	0	462	3	459
59247	0	0	0	0	527	53126	0	527	3	524
58158	0	0	0	0	1616	52372	0	1616	3	1613
57044	0	0	0	0	2730	53826	0	2730	3	2727
59117	0	0	0	0	657	53185	0	657	3	654
57943	0	0	0	0	1831	53167	0	1831	3	1828
57528	0	0	0	0	2246	53635	0	2246	3	2243
58208	0	0	0	0	1566	53020	0	1566	3	1563
58628	0	0	0	0	1146	52694	0	1146	3	1143
59072	0	0	0	0	702	53165	0	702	3	699
58591	0	0	0	0	1183	52712	0	1183	3	1180
59292	0	0	0	0	482	53388	0	482	3	479
59218	0	0	0	0	556	53092	0	556	3	553
58971	0	0	0	0	803	53268	0	803	3	800
59058	0	0	0	0	716	52983	0	716	3	713
56909	0	0	0	0	2865	53839	0	2865	3	2862
58798	0	0	0	0	976	53502	0	976	3	973
59076	0	0	0	0	698	52826	0	698	3	695
57514	0	0	0	0	2260	53604	0	2260	3	2257
57851	0	0	0	0	1923	53691	0	1923	3	1920
59059	0	0	0	0	715	53124	0	715	3	712
57990	0	0	0	0	1784	52974	0	1784	3	1781
58400	0	0	0	0	1374	53846	0	1374	3	1371
58826	0	0	0	0	948	53204	0	948	3	945
59096	0	0	0	0	678	53365	0	678	3	675
58656	0	0	0	0	1118	53129	0	1118	3	1115
58971	0	0	0	0	803	53221	0	803	3	800
58596	0	0	0	0	1178	52907	0	1178	3	1175
57244	0	0	0	0	2530	53689	0	2530	3	2527
58980	0	0	0	0	794	53147	0	794	3	791
58719	0	0	0	0	1055	53001	0	1055	3	1052
58539	0	0	0	0	1235	53153	0	1235	3	1232
58713	0	0	0	0	1061	53345	0	1061	3	1058
57007	0	0	0	0	2767	53227	0	2767	3	2764
59271	0	0	0	0	503	52399	0	503	3	500
57554	0	0	0	0	2220	53650	0	2220	3	2217
59330	0	0	0	0	444	52730	0	444	3	441
57327	0	0	0	0	2447	53222	0	2447	3	2444
57289	0	0	0	0	2485	53404	0	2485	3	2482
59253	0	0	0	0	521	53086	0	521	3	518
57960	0	0	0	0	1814	53313	0	1814	3	1811
58386	0	0	0	0	1388	53278	0	1388	3	1385
58998	0	0	0	0	776	53191	0	776	3	773
57775	0	0	0	0	1999	53583	0	1999	3	1996
58450	0	0	0	0	1324	53088	0	1324	3	1321
59380	0	0	0	0	394	52790	0	394	3	391
59175	0	0	0	0	599	53185	0	599	3	596
57847	0	0	0	0	1927	53799	0	1927	3	1924
58526	0	0	0	0	1248	53020	0	1248	3	1245
59103	0	0	0	0	671	53006	0	671	3	668
59024	0	0	0	0	750	53140	0	750	3	747
58180	0	0	0	0	1594	52826	0	1594	3	1591
56839	0	0	0	0	2935	53194	0	2935	3	2932
57751	0	0	0	0	2023	53732	0	2023	3	2020
58345	0	0	0	0	1429	52794	0	1429	3	1426
59253	0	0	0	0	521	52904	0	521	3	518
57217	0	0	0	0	2557	53529	0	2557	3	2554
58686	0	0	0	0	1088	53134	0	1088	3	1085
57890	0	0	0	0	1884	53057	0	1884	3	1881
58940	0	0	0	0	834	52770	0	834	3	831
57045	0	0	0	0	2729	53150	0	2729	3	2726
59026	0	0	0	0	748	52052	0	748	3	745
58480	0	0	0	0	1294	53063	0	1294	3	1291
59195	0	0	0	0	579	52562	0	579	3	576
58207	0	0	0	0	1567	53045	0	1567	3	1564
58789	0	0	0	0	985	52784	0	985	3	982
59164	0	0	0	0	610	52358	0	610	3	607
58516	0	0	0	0	1258	53276	0	1258	3	1255
58535	0	0	0	0	1239	53670	0	1239	3	1236
59227	0	0	0	0	547	52619	0	547	3	544
57781	0	0	0	0	1993	53684	0	1993	3	1990
58398	0	0	0	0	1376	52613	0	1376	3	1373
59091	0	0	0	0	683	52814	0	683	3	680
58768	0	0	0	0	1006	53319	0	1006	3	1003
57421	0	0	0	0	2353	53211	0	2353	3	2350
59070	0	0	0	0	704	53266	0	704	3	701
57732	0	0	0	0	2042	53452	0	2042	3	2039
58040	0	0	0	0	1734	53077	0	1734	3	1731
58768	0	0	0	0	1006	52576	0	1006	3	1003
59074	0	0	0	0	700	53177	0	700	3	697
58708	0	0	0	0	1066	53023	0	1066	3	1063
58127	0	0	0	0	1647	52826	0	1647	3	1644
58516	0	0	0	0	1258	52645	0	1258	3	1255
57476	0	0	0	0	2298	53252	0	2298	3	2295
58344	0	0	0	0	1430	52827	0	1430	3	1427
59394	0	0	0	0	380	53120	0	380	3	377
58883	0	0	0	0	891	53170	0	891	3	888
57869	0	0	0	0	1905	53388	0	1905	3	1902
57949	0	0	0	0	1825	52907	0	1825	3	1822
59403	0	0	0	0	371	52168	0	371	3	368
58134	0	0	0	0	1640	53014	0	1640	3	1637
58909	0	0	0	0	865	52066	0	865	3	862
58301	0	0	0	0	1473	52793	0	1473	3	1470
58870	0	0	0	0	904	52846	0	904	3	901
59373	0	0	0	0	401	51940	0	401	3	398
59172	0	0	0	0	602	52560	0	602	3	599
58913	0	0	0	0	861	53005	0	861	3	858
58820	0	0	0	0	954	52508	0	954	3	951
57650	0	0	0	0	2124	53180	0	2124	3	2121
58775	0	0	0	0	999	52492	0	999	3	996
58113	0	0	0	0	1661	52873	0	1661	3	1658
57367	0	0	0	0	2407	53678	0	2407	3	2404
59207	0	0	0	0	567	53135	0	567	3	564
57843	0	0	0	0	1931	53175	0	1931	3	1928
58935	0	0	0	0	839	52144	0	839	3	836
59379	0	0	0	0	395	52674	0	395	3	392
