50006	0	0	0	0	9768	56909	56909	9768	3	9765
49360	0	0	0	0	10414	56781	56781	10414	3	10411
51628	0	0	0	0	8146	56898	56898	8146	3	8143
48789	0	0	0	0	10985	56602	56602	10985	3	10982
50452	0	0	0	0	9322	56477	56477	9322	3	9319
50539	0	0	0	0	9235	57792	57792	9235	3	9232
49407	0	0	0	0	10367	56501	56501	10367	3	10364
50297	0	0	0	0	9477	57854	57854	9477	3	9474
48233	0	0	0	0	11541	57439	57439	11541	3	11538
50883	0	0	0	0	8891	55120	55120	8891	3	8888
50674	0	0	0	0	9100	57579	57579	9100	3	9097
50797	0	0	0	0	8977	57741	57741	8977	3	8974
51344	0	0	0	0	8430	54876	54876	8430	3	8427
49318	0	0	0	0	10456	56926	56926	10456	3	10453
50519	0	0	0	0	9255	56233	56233	9255	3	9252
50512	0	0	0	0	9262	57131	57131	9262	3	9259
50814	0	0	0	0	8960	56927	56927	8960	3	8957
50115	0	0	0	0	9659	57474	57474	9659	3	9656
50500	0	0	0	0	9274	57743	57743	9274	3	9271
49382	0	0	0	0	10392	57657	57657	10392	3	10389
49770	0	0	0	0	10004	57553	57553	10004	3	10001
50776	0	0	0	0	8998	56892	56892	8998	3	8995
49976	0	0	0	0	9798	57718	57718	9798	3	9795
50727	0	0	0	0	9047	57505	57505	9047	3	9044
49624	0	0	0	0	10150	56739	56739	10150	3	10147
50444	0	0	0	0	9330	57686	57686	9330	3	9327
50423	0	0	0	0	9351	56792	56792	9351	3	9348
50296	0	0	0	0	9478	57850	57850	9478	3	9475
49780	0	0	0	0	9994	57006	57006	9994	3	9991
50071	0	0	0	0	9703	57583	57583	9703	3	9700
49993	0	0	0	0	9781	57060	57060	9781	3	9778
49168	0	0	0	0	10606	57749	57749	10606	3	10603
51553	0	0	0	0	8221	56754	56754	8221	3	8218
50182	0	0	0	0	9592	56964	56964	9592	3	9589
50501	0	0	0	0	9273	56733	56733	9273	3	9270
50229	0	0	0	0	9545	57118	57118	9545	3	9542
50143	0	0	0	0	9631	57079	57079	9631	3	9628
50340	0	0	0	0	9434	54954	54954	9434	3	9431
51490	0	0	0	0	8284	57873	57873	8284	3	8281
51063	0	0	0	0	8711	57199	57199	8711	3	8708
50561	0	0	0	0	9213	56527	56527	9213	3	9210
50498	0	0	0	0	9276	54092	54092	9276	3	9273
49671	0	0	0	0	10103	57511	57511	10103	3	10100
49261	0	0	0	0	10513	57531	57531	10513	3	10510
50777	0	0	0	0	8997	56794	56794	8997	3	8994
48430	0	0	0	0	11344	57809	57809	11344	3	11341
51061	0	0	0	0	8713	57512	57512	8713	3	8710
49873	0	0	0	0	9901	57740	57740	9901	3	9898
48647	0	0	0	0	11127	57634	57634	11127	3	11124
51317	0	0	0	0	8457	57591	57591	8457	3	8454
50790	0	0	0	0	8984	57167	57167	8984	3	8981
50790	0	0	0	0	8984	56517	56517	8984	3	8981
49667	0	0	0	0	10107	57435	57435	10107	3	10104
50305	0	0	0	0	9469	57036	57036	9469	3	9466
50749	0	0	0	0	9025	57492	57492	9025	3	9022
51928	0	0	0	0	7846	57849	57849	7846	3	7843
49604	0	0	0	0	10170	56897	56897	10170	3	10167
50615	0	0	0	0	9159	57005	57005	9159	3	9156
50843	0	0	0	0	8931	56460	56460	8931	3	8928
49905	0	0	0	0	9869	57543	57543	9869	3	9866
50359	0	0	0	0	9415	57559	57559	9415	3	9412
50561	0	0	0	0	9213	57140	57140	9213	3	9210
50672	0	0	0	0	9102	57525	57525	9102	3	9099
48911	0	0	0	0	10863	57423	57423	10863	3	10860
51396	0	0	0	0	8378	55570	55570	8378	3	8375
49746	0	0	0	0	10028	57668	57668	10028	3	10025
49872	0	0	0	0	9902	57299	57299	9902	3	9899
50774	0	0	0	0	9000	57839	57839	9000	3	8997
50494	0	0	0	0	9280	57954	57954	9280	3	9277
49521	0	0	0	0	10253	56665	56665	10253	3	10250
50520	0	0	0	0	9254	56726	56726	9254	3	9251
50311	0	0	0	0	9463	56607	56607	9463	3	9460
50633	0	0	0	0	9141	57756	57756	9141	3	9138
50221	0	0	0	0	9553	57877	57877	9553	3	9550
49979	0	0	0	0	9795	56668	56668	9795	3	9792
51247	0	0	0	0	8527	57457	57457	8527	3	8524
50136	0	0	0	0	9638	57472	57472	9638	3	9635
50410	0	0	0	0	9364	57563	57563	9364	3	9361
50400	0	0	0	0	9374	56450	56450	9374	3	9371
52334	0	0	0	0	7440	56565	56565	7440	3	7437
50927	0	0	0	0	8847	57487	57487	8847	3	8844
51240	0	0	0	0	8534	57495	57495	8534	3	8531
50650	0	0	0	0	9124	56806	56806	9124	3	9121
50258	0	0	0	0	9516	57760	57760	9516	3	9513
48908	0	0	0	0	10866	57159	57159	10866	3	10863
50343	0	0	0	0	9431	57611	57611	9431	3	9428
51051	0	0	0	0	8723	56721	56721	8723	3	8720
50949	0	0	0	0	8825	57016	57016	8825	3	8822
49029	0	0	0	0	10745	56862	56862	10745	3	10742
51246	0	0	0	0	8528	56777	56777	8528	3	8525
52192	0	0	0	0	7582	55175	55175	7582	3	7579
51457	0	0	0	0	8317	56459	56459	8317	3	8314
49857	0	0	0	0	9917	57956	57956	9917	3	9914
51445	0	0	0	0	8329	56332	56332	8329	3	8326
50598	0	0	0	0	9176	56777	56777	9176	3	9173
51400	0	0	0	0	8374	52991	52991	8374	3	8371
52367	0	0	0	0	7407	57607	57607	7407	3	7404
50048	0	0	0	0	9726	56954	56954	9726	3	9723
50086	0	0	0	0	9688	56708	56708	9688	3	9685
49990	0	0	0	0	9784	55871	55871	9784	3	9781
49893	0	0	0	0	9881	57716	57716	9881	3	9878
49937	0	0	0	0	9837	56522	56522	9837	3	9834
50809	0	0	0	0	8965	57705	57705	8965	3	8962
51193	0	0	0	0	8581	56794	56794	8581	3	8578
51454	0	0	0	0	8320	56952	56952	8320	3	8317
49904	0	0	0	0	9870	57675	57675	9870	3	9867
49670	0	0	0	0	10104	55575	55575	10104	3	10101
49766	0	0	0	0	10008	54547	54547	10008	3	10005
50886	0	0	0	0	8888	56520	56520	8888	3	8885
50979	0	0	0	0	8795	55175	55175	8795	3	8792
48080	0	0	0	0	11694	56509	56509	11694	3	11691
51275	0	0	0	0	8499	56550	56550	8499	3	8496
50279	0	0	0	0	9495	57592	57592	9495	3	9492
50853	0	0	0	0	8921	56711	56711	8921	3	8918
49627	0	0	0	0	10147	54914	54914	10147	3	10144
52322	0	0	0	0	7452	56975	56975	7452	3	7449
51381	0	0	0	0	8393	57281	57281	8393	3	8390
51950	0	0	0	0	7824	56907	56907	7824	3	7821
50455	0	0	0	0	9319	56548	56548	9319	3	9316
50811	0	0	0	0	8963	56759	56759	8963	3	8960
48760	0	0	0	0	11014	56527	56527	11014	3	11011
49624	0	0	0	0	10150	56542	56542	10150	3	10147
48738	0	0	0	0	11036	57968	57968	11036	3	11033
49855	0	0	0	0	9919	56836	56836	9919	3	9916
50141	0	0	0	0	9633	56983	56983	9633	3	9630
48870	0	0	0	0	10904	57447	57447	10904	3	10901
49587	0	0	0	0	10187	57774	57774	10187	3	10184
52608	0	0	0	0	7166	56228	56228	7166	3	7163
48691	0	0	0	0	11083	57111	57111	11083	3	11080
50344	0	0	0	0	9430	57689	57689	9430	3	9427
49845	0	0	0	0	9929	56862	56862	9929	3	9926
50317	0	0	0	0	9457	57129	57129	9457	3	9454
51906	0	0	0	0	7868	57100	57100	7868	3	7865
51523	0	0	0	0	8251	56951	56951	8251	3	8248
50318	0	0	0	0	9456	56228	56228	9456	3	9453
50466	0	0	0	0	9308	55868	55868	9308	3	9305
51130	0	0	0	0	8644	56833	56833	8644	3	8641
48270	0	0	0	0	11504	57099	57099	11504	3	11501
47905	0	0	0	0	11869	56615	56615	11869	3	11866
49192	0	0	0	0	10582	56799	56799	10582	3	10579
50478	0	0	0	0	9296	56788	56788	9296	3	9293
49991	0	0	0	0	9783	56829	56829	9783	3	9780
50493	0	0	0	0	9281	57267	57267	9281	3	9278
50467	0	0	0	0	9307	57711	57711	9307	3	9304
50524	0	0	0	0	9250	56225	56225	9250	3	9247
51306	0	0	0	0	8468	56448	56448	8468	3	8465
50235	0	0	0	0	9539	57602	57602	9539	3	9536
51001	0	0	0	0	8773	57427	57427	8773	3	8770
51317	0	0	0	0	8457	57684	57684	8457	3	8454
48823	0	0	0	0	10951	57716	57716	10951	3	10948
49749	0	0	0	0	10025	56892	56892	10025	3	10022
51051	0	0	0	0	8723	57533	57533	8723	3	8720
51430	0	0	0	0	8344	56628	56628	8344	3	8341
52860	0	0	0	0	6914	56529	56529	6914	3	6911
49668	0	0	0	0	10106	56937	56937	10106	3	10103
50199	0	0	0	0	9575	56551	56551	9575	3	9572
49808	0	0	0	0	9966	57895	57895	9966	3	9963
51548	0	0	0	0	8226	57681	57681	8226	3	8223
51416	0	0	0	0	8358	56716	56716	8358	3	8355
50334	0	0	0	0	9440	56578	56578	9440	3	9437
49544	0	0	0	0	10230	57582	57582	10230	3	10227
50945	0	0	0	0	8829	56698	56698	8829	3	8826
50847	0	0	0	0	8927	56544	56544	8927	3	8924
49636	0	0	0	0	10138	57662	57662	10138	3	10135
49685	0	0	0	0	10089	57652	57652	10089	3	10086
51022	0	0	0	0	8752	57746	57746	8752	3	8749
51044	0	0	0	0	8730	53797	53797	8730	3	8727
50731	0	0	0	0	9043	57320	57320	9043	3	9040
51073	0	0	0	0	8701	57036	57036	8701	3	8698
49748	0	0	0	0	10026	57874	57874	10026	3	10023
49350	0	0	0	0	10424	57219	57219	10424	3	10421
50928	0	0	0	0	8846	57709	57709	8846	3	8843
50119	0	0	0	0	9655	57689	57689	9655	3	9652
52259	0	0	0	0	7515	56482	56482	7515	3	7512
50745	0	0	0	0	9029	56947	56947	9029	3	9026
50176	0	0	0	0	9598	56746	56746	9598	3	9595
50447	0	0	0	0	9327	57607	57607	9327	3	9324
51969	0	0	0	0	7805	56743	56743	7805	3	7802
50654	0	0	0	0	9120	56234	56234	9120	3	9117
52041	0	0	0	0	7733	57327	57327	7733	3	7730
51361	0	0	0	0	8413	56674	56674	8413	3	8410
48791	0	0	0	0	10983	56326	56326	10983	3	10980
49873	0	0	0	0	9901	57623	57623	9901	3	9898
50685	0	0	0	0	9089	56555	56555	9089	3	9086
49686	0	0	0	0	10088	56740	56740	10088	3	10085
49325	0	0	0	0	10449	56886	56886	10449	3	10446
49940	0	0	0	0	9834	56940	56940	9834	3	9831
51026	0	0	0	0	8748	56725	56725	8748	3	8745
51565	0	0	0	0	8209	56516	56516	8209	3	8206
50761	0	0	0	0	9013	56651	56651	9013	3	9010
51468	0	0	0	0	8306	57072	57072	8306	3	8303
49708	0	0	0	0	10066	57880	57880	10066	3	10063
51981	0	0	0	0	7793	57633	57633	7793	3	7790
49660	0	0	0	0	10114	57753	57753	10114	3	10111
51288	0	0	0	0	8486	56628	56628	8486	3	8483
47920	0	0	0	0	11854	56765	56765	11854	3	11851
52024	0	0	0	0	7750	56532	56532	7750	3	7747
51448	0	0	0	0	8326	56250	56250	8326	3	8323
50370	0	0	0	0	9404	57672	57672	9404	3	9401
49510	0	0	0	0	10264	57749	57749	10264	3	10261
49797	0	0	0	0	9977	56707	56707	9977	3	9974
49155	0	0	0	0	10619	56570	56570	10619	3	10616
50844	0	0	0	0	8930	54292	54292	8930	3	8927
51735	0	0	0	0	8039	56369	56369	8039	3	8036
49980	0	0	0	0	9794	57401	57401	9794	3	9791
50335	0	0	0	0	9439	56683	56683	9439	3	9436
51285	0	0	0	0	8489	57533	57533	8489	3	8486
49561	0	0	0	0	10213	56621	56621	10213	3	10210
52024	0	0	0	0	7750	56698	56698	7750	3	7747
51074	0	0	0	0	8700	56972	56972	8700	3	8697
50758	0	0	0	0	9016	57695	57695	9016	3	9013
52010	0	0	0	0	7764	57699	57699	7764	3	7761
49465	0	0	0	0	10309	57587	57587	10309	3	10306
51544	0	0	0	0	8230	57728	57728	8230	3	8227
49846	0	0	0	0	9928	57552	57552	9928	3	9925
51900	0	0	0	0	7874	57762	57762	7874	3	7871
51588	0	0	0	0	8186	56875	56875	8186	3	8183
47667	0	0	0	0	12107	57549	57549	12107	3	12104
49671	0	0	0	0	10103	57732	57732	10103	3	10100
50123	0	0	0	0	9651	57596	57596	9651	3	9648
49709	0	0	0	0	10065	57654	57654	10065	3	10062
51951	0	0	0	0	7823	56806	56806	7823	3	7820
48702	0	0	0	0	11072	57065	57065	11072	3	11069
49346	0	0	0	0	10428	57526	57526	10428	3	10425
50604	0	0	0	0	9170	57703	57703	9170	3	9167
51770	0	0	0	0	8004	55222	55222	8004	3	8001
49802	0	0	0	0	9972	57623	57623	9972	3	9969
50729	0	0	0	0	9045	56372	56372	9045	3	9042
49668	0	0	0	0	10106	56232	56232	10106	3	10103
49744	0	0	0	0	10030	54817	54817	10030	3	10027
49928	0	0	0	0	9846	56491	56491	9846	3	9843
49060	0	0	0	0	10714	57615	57615	10714	3	10711
49004	0	0	0	0	10770	56297	56297	10770	3	10767
49689	0	0	0	0	10085	57561	57561	10085	3	10082
49644	0	0	0	0	10130	57619	57619	10130	3	10127
48589	0	0	0	0	11185	57261	57261	11185	3	11182
52102	0	0	0	0	7672	57588	57588	7672	3	7669
48762	0	0	0	0	11012	57787	57787	11012	3	11009
50021	0	0	0	0	9753	57701	57701	9753	3	9750
50481	0	0	0	0	9293	56050	56050	9293	3	9290
51959	0	0	0	0	7815	56840	56840	7815	3	7812
49802	0	0	0	0	9972	57633	57633	9972	3	9969
48648	0	0	0	0	11126	57726	57726	11126	3	11123
51310	0	0	0	0	8464	56276	56276	8464	3	8461
51261	0	0	0	0	8513	57690	57690	8513	3	8510
49737	0	0	0	0	10037	56628	56628	10037	3	10034
51378	0	0	0	0	8396	57413	57413	8396	3	8393
50048	0	0	0	0	9726	56472	56472	9726	3	9723
49691	0	0	0	0	10083	57831	57831	10083	3	10080
50605	0	0	0	0	9169	57250	57250	9169	3	9166
51911	0	0	0	0	7863	57843	57843	7863	3	7860
50479	0	0	0	0	9295	55261	55261	9295	3	9292
49408	0	0	0	0	10366	57584	57584	10366	3	10363
50938	0	0	0	0	8836	57600	57600	8836	3	8833
49419	0	0	0	0	10355	57721	57721	10355	3	10352
51160	0	0	0	0	8614	56539	56539	8614	3	8611
52192	0	0	0	0	7582	56850	56850	7582	3	7579
49325	0	0	0	0	10449	56516	56516	10449	3	10446
51417	0	0	0	0	8357	57194	57194	8357	3	8354
50395	0	0	0	0	9379	57514	57514	9379	3	9376
51357	0	0	0	0	8417	56661	56661	8417	3	8414
49879	0	0	0	0	9895	56485	56485	9895	3	9892
50259	0	0	0	0	9515	56706	56706	9515	3	9512
49343	0	0	0	0	10431	57299	57299	10431	3	10428
50014	0	0	0	0	9760	57553	57553	9760	3	9757
50941	0	0	0	0	8833	57710	57710	8833	3	8830
52230	0	0	0	0	7544	56119	56119	7544	3	7541
50954	0	0	0	0	8820	56839	56839	8820	3	8817
50587	0	0	0	0	9187	57080	57080	9187	3	9184
51403	0	0	0	0	8371	54409	54409	8371	3	8368
49774	0	0	0	0	10000	56970	56970	10000	3	9997
49042	0	0	0	0	10732	57596	57596	10732	3	10729
51147	0	0	0	0	8627	54824	54824	8627	3	8624
50351	0	0	0	0	9423	55660	55660	9423	3	9420
50696	0	0	0	0	9078	58441	58441	9078	3	9075
50298	0	0	0	0	9476	54944	54944	9476	3	9473
51261	0	0	0	0	8513	57073	57073	8513	3	8510
50065	0	0	0	0	9709	57861	57861	9709	3	9706
50802	0	0	0	0	8972	56568	56568	8972	3	8969
49416	0	0	0	0	10358	57638	57638	10358	3	10355
48971	0	0	0	0	10803	56676	56676	10803	3	10800
47943	0	0	0	0	11831	56605	56605	11831	3	11828
50827	0	0	0	0	8947	57754	57754	8947	3	8944
49540	0	0	0	0	10234	55451	55451	10234	3	10231
51114	0	0	0	0	8660	56878	56878	8660	3	8657
49749	0	0	0	0	10025	56881	56881	10025	3	10022
49224	0	0	0	0	10550	57750	57750	10550	3	10547
50298	0	0	0	0	9476	56289	56289	9476	3	9473
48994	0	0	0	0	10780	56909	56909	10780	3	10777
49532	0	0	0	0	10242	57668	57668	10242	3	10239
49269	0	0	0	0	10505	57851	57851	10505	3	10502
50894	0	0	0	0	8880	57648	57648	8880	3	8877
50618	0	0	0	0	9156	56729	56729	9156	3	9153
50535	0	0	0	0	9239	54176	54176	9239	3	9236
49680	0	0	0	0	10094	57099	57099	10094	3	10091
49962	0	0	0	0	9812	57622	57622	9812	3	9809
51320	0	0	0	0	8454	56317	56317	8454	3	8451
50443	0	0	0	0	9331	54148	54148	9331	3	9328
49994	0	0	0	0	9780	57669	57669	9780	3	9777
50598	0	0	0	0	9176	57786	57786	9176	3	9173
49806	0	0	0	0	9968	55818	55818	9968	3	9965
48321	0	0	0	0	11453	57623	57623	11453	3	11450
49525	0	0	0	0	10249	57280	57280	10249	3	10246
51664	0	0	0	0	8110	56522	56522	8110	3	8107
51167	0	0	0	0	8607	56389	56389	8607	3	8604
48445	0	0	0	0	11329	56121	56121	11329	3	11326
51030	0	0	0	0	8744	56571	56571	8744	3	8741
50797	0	0	0	0	8977	56528	56528	8977	3	8974
50789	0	0	0	0	8985	56870	56870	8985	3	8982
49996	0	0	0	0	9778	57634	57634	9778	3	9775
50266	0	0	0	0	9508	56075	56075	9508	3	9505
50029	0	0	0	0	9745	57240	57240	9745	3	9742
49003	0	0	0	0	10771	56479	56479	10771	3	10768
50286	0	0	0	0	9488	55020	55020	9488	3	9485
50606	0	0	0	0	9168	57135	57135	9168	3	9165
51180	0	0	0	0	8594	57517	57517	8594	3	8591
49780	0	0	0	0	9994	56513	56513	9994	3	9991
48986	0	0	0	0	10788	56854	56854	10788	3	10785
49686	0	0	0	0	10088	57738	57738	10088	3	10085
50243	0	0	0	0	9531	57585	57585	9531	3	9528
49642	0	0	0	0	10132	57582	57582	10132	3	10129
52895	0	0	0	0	6879	57711	57711	6879	3	6876
49408	0	0	0	0	10366	53849	53849	10366	3	10363
50901	0	0	0	0	8873	57550	57550	8873	3	8870
49386	0	0	0	0	10388	56517	56517	10388	3	10385
52118	0	0	0	0	7656	57394	57394	7656	3	7653
52440	0	0	0	0	7334	54399	54399	7334	3	7331
49718	0	0	0	0	10056	57592	57592	10056	3	10053
48424	0	0	0	0	11350	56032	56032	11350	3	11347
49775	0	0	0	0	9999	57526	57526	9999	3	9996
50056	0	0	0	0	9718	58512	58512	9718	3	9715
51204	0	0	0	0	8570	54078	54078	8570	3	8567
51969	0	0	0	0	7805	57666	57666	7805	3	7802
49948	0	0	0	0	9826	57578	57578	9826	3	9823
49696	0	0	0	0	10078	57640	57640	10078	3	10075
52897	0	0	0	0	6877	56221	56221	6877	3	6874
50278	0	0	0	0	9496	56623	56623	9496	3	9493
48934	0	0	0	0	10840	57053	57053	10840	3	10837
49663	0	0	0	0	10111	57714	57714	10111	3	10108
51613	0	0	0	0	8161	56694	56694	8161	3	8158
50984	0	0	0	0	8790	57813	57813	8790	3	8787
50326	0	0	0	0	9448	57627	57627	9448	3	9445
49692	0	0	0	0	10082	56827	56827	10082	3	10079
49978	0	0	0	0	9796	57072	57072	9796	3	9793
50821	0	0	0	0	8953	57088	57088	8953	3	8950
49431	0	0	0	0	10343	57740	57740	10343	3	10340
50421	0	0	0	0	9353	57638	57638	9353	3	9350
49105	0	0	0	0	10669	57403	57403	10669	3	10666
50421	0	0	0	0	9353	57644	57644	9353	3	9350
51065	0	0	0	0	8709	57553	57553	8709	3	8706
49592	0	0	0	0	10182	57798	57798	10182	3	10179
50068	0	0	0	0	9706	57602	57602	9706	3	9703
49544	0	0	0	0	10230	57071	57071	10230	3	10227
51112	0	0	0	0	8662	57600	57600	8662	3	8659
49936	0	0	0	0	9838	56557	56557	9838	3	9835
50871	0	0	0	0	8903	56392	56392	8903	3	8900
48431	0	0	0	0	11343	57688	57688	11343	3	11340
49008	0	0	0	0	10766	56801	56801	10766	3	10763
50840	0	0	0	0	8934	57589	57589	8934	3	8931
48617	0	0	0	0	11157	57618	57618	11157	3	11154
50375	0	0	0	0	9399	56981	56981	9399	3	9396
51014	0	0	0	0	8760	56651	56651	8760	3	8757
49388	0	0	0	0	10386	57808	57808	10386	3	10383
50188	0	0	0	0	9586	57692	57692	9586	3	9583
50792	0	0	0	0	8982	56976	56976	8982	3	8979
50302	0	0	0	0	9472	56596	56596	9472	3	9469
52188	0	0	0	0	7586	56850	56850	7586	3	7583
48135	0	0	0	0	11639	57642	57642	11639	3	11636
50266	0	0	0	0	9508	56538	56538	9508	3	9505
49920	0	0	0	0	9854	57804	57804	9854	3	9851
50963	0	0	0	0	8811	56877	56877	8811	3	8808
50499	0	0	0	0	9275	57511	57511	9275	3	9272
48491	0	0	0	0	11283	57818	57818	11283	3	11280
48837	0	0	0	0	10937	56901	56901	10937	3	10934
51295	0	0	0	0	8479	57691	57691	8479	3	8476
49394	0	0	0	0	10380	57777	57777	10380	3	10377
51341	0	0	0	0	8433	57520	57520	8433	3	8430
49812	0	0	0	0	9962	56442	56442	9962	3	9959
50295	0	0	0	0	9479	56667	56667	9479	3	9476
48479	0	0	0	0	11295	56927	56927	11295	3	11292
50625	0	0	0	0	9149	57677	57677	9149	3	9146
49907	0	0	0	0	9867	56970	56970	9867	3	9864
50548	0	0	0	0	9226	56681	56681	9226	3	9223
48751	0	0	0	0	11023	56980	56980	11023	3	11020
51793	0	0	0	0	7981	56523	56523	7981	3	7978
49856	0	0	0	0	9918	56077	56077	9918	3	9915
50850	0	0	0	0	8924	57178	57178	8924	3	8921
49026	0	0	0	0	10748	57628	57628	10748	3	10745
49304	0	0	0	0	10470	58375	58375	10470	3	10467
49582	0	0	0	0	10192	56286	56286	10192	3	10189
50328	0	0	0	0	9446	56721	56721	9446	3	9443
51668	0	0	0	0	8106	57172	57172	8106	3	8103
49486	0	0	0	0	10288	57713	57713	10288	3	10285
50473	0	0	0	0	9301	54083	54083	9301	3	9298
49798	0	0	0	0	9976	57720	57720	9976	3	9973
49637	0	0	0	0	10137	57663	57663	10137	3	10134
49732	0	0	0	0	10042	57582	57582	10042	3	10039
49617	0	0	0	0	10157	57813	57813	10157	3	10154
51216	0	0	0	0	8558	57676	57676	8558	3	8555
49785	0	0	0	0	9989	54061	54061	9989	3	9986
51792	0	0	0	0	7982	57075	57075	7982	3	7979
48424	0	0	0	0	11350	57804	57804	11350	3	11347
52023	0	0	0	0	7751	57543	57543	7751	3	7748
48604	0	0	0	0	11170	57711	57711	11170	3	11167
49968	0	0	0	0	9806	57479	57479	9806	3	9803
52778	0	0	0	0	6996	57998	57998	6996	3	6993
49670	0	0	0	0	10104	57288	57288	10104	3	10101
52123	0	0	0	0	7651	56878	56878	7651	3	7648
49891	0	0	0	0	9883	56982	56982	9883	3	9880
50283	0	0	0	0	9491	57507	57507	9491	3	9488
48901	0	0	0	0	10873	57437	57437	10873	3	10870
50244	0	0	0	0	9530	55987	55987	9530	3	9527
49501	0	0	0	0	10273	57807	57807	10273	3	10270
50858	0	0	0	0	8916	56611	56611	8916	3	8913
48257	0	0	0	0	11517	57654	57654	11517	3	11514
50311	0	0	0	0	9463	56676	56676	9463	3	9460
49223	0	0	0	0	10551	57828	57828	10551	3	10548
49387	0	0	0	0	10387	56544	56544	10387	3	10384
50865	0	0	0	0	8909	57519	57519	8909	3	8906
49936	0	0	0	0	9838	57050	57050	9838	3	9835
51229	0	0	0	0	8545	57484	57484	8545	3	8542
48362	0	0	0	0	11412	57305	57305	11412	3	11409
51281	0	0	0	0	8493	57290	57290	8493	3	8490
49538	0	0	0	0	10236	57566	57566	10236	3	10233
50295	0	0	0	0	9479	57946	57946	9479	3	9476
50053	0	0	0	0	9721	57059	57059	9721	3	9718
49252	0	0	0	0	10522	56962	56962	10522	3	10519
48977	0	0	0	0	10797	56467	56467	10797	3	10794
48688	0	0	0	0	11086	57501	57501	11086	3	11083
50941	0	0	0	0	8833	57666	57666	8833	3	8830
51596	0	0	0	0	8178	56806	56806	8178	3	8175
49899	0	0	0	0	9875	57610	57610	9875	3	9872
49630	0	0	0	0	10144	56648	56648	10144	3	10141
49813	0	0	0	0	9961	57032	57032	9961	3	9958
48556	0	0	0	0	11218	56880	56880	11218	3	11215
49127	0	0	0	0	10647	57603	57603	10647	3	10644
48998	0	0	0	0	10776	56096	56096	10776	3	10773
52577	0	0	0	0	7197	56456	56456	7197	3	7194
51390	0	0	0	0	8384	56935	56935	8384	3	8381
51141	0	0	0	0	8633	57166	57166	8633	3	8630
51587	0	0	0	0	8187	57694	57694	8187	3	8184
50239	0	0	0	0	9535	57620	57620	9535	3	9532
50496	0	0	0	0	9278	57302	57302	9278	3	9275
51885	0	0	0	0	7889	57969	57969	7889	3	7886
48324	0	0	0	0	11450	55592	55592	11450	3	11447
49677	0	0	0	0	10097	55000	55000	10097	3	10094
50926	0	0	0	0	8848	57055	57055	8848	3	8845
50662	0	0	0	0	9112	56664	56664	9112	3	9109
49983	0	0	0	0	9791	57637	57637	9791	3	9788
49951	0	0	0	0	9823	56257	56257	9823	3	9820
50648	0	0	0	0	9126	57690	57690	9126	3	9123
49939	0	0	0	0	9835	57269	57269	9835	3	9832
50898	0	0	0	0	8876	58410	58410	8876	3	8873
49965	0	0	0	0	9809	56692	56692	9809	3	9806
51268	0	0	0	0	8506	57787	57787	8506	3	8503
49272	0	0	0	0	10502	56610	56610	10502	3	10499
50016	0	0	0	0	9758	56744	56744	9758	3	9755
51512	0	0	0	0	8262	54394	54394	8262	3	8259
50125	0	0	0	0	9649	57791	57791	9649	3	9646
50919	0	0	0	0	8855	57526	57526	8855	3	8852
50012	0	0	0	0	9762	55184	55184	9762	3	9759
48519	0	0	0	0	11255	57507	57507	11255	3	11252
51554	0	0	0	0	8220	56915	56915	8220	3	8217
49763	0	0	0	0	10011	57614	57614	10011	3	10008
49297	0	0	0	0	10477	56935	56935	10477	3	10474
49115	0	0	0	0	10659	57637	57637	10659	3	10656
49254	0	0	0	0	10520	56975	56975	10520	3	10517
49992	0	0	0	0	9782	57763	57763	9782	3	9779
49628	0	0	0	0	10146	57088	57088	10146	3	10143
49525	0	0	0	0	10249	57091	57091	10249	3	10246
50903	0	0	0	0	8871	54886	54886	8871	3	8868
50606	0	0	0	0	9168	57287	57287	9168	3	9165
50891	0	0	0	0	8883	57079	57079	8883	3	8880
50529	0	0	0	0	9245	57531	57531	9245	3	9242
51943	0	0	0	0	7831	53637	53637	7831	3	7828
50016	0	0	0	0	9758	57116	57116	9758	3	9755
51143	0	0	0	0	8631	56746	56746	8631	3	8628
48009	0	0	0	0	11765	57780	57780	11765	3	11762
47884	0	0	0	0	11890	57720	57720	11890	3	11887
51840	0	0	0	0	7934	56165	56165	7934	3	7931
51086	0	0	0	0	8688	56584	56584	8688	3	8685
51168	0	0	0	0	8606	57620	57620	8606	3	8603
50547	0	0	0	0	9227	56700	56700	9227	3	9224
49839	0	0	0	0	9935	56484	56484	9935	3	9932
50022	0	0	0	0	9752	56131	56131	9752	3	9749
50722	0	0	0	0	9052	57472	57472	9052	3	9049
52719	0	0	0	0	7055	57248	57248	7055	3	7052
49846	0	0	0	0	9928	57442	57442	9928	3	9925
50105	0	0	0	0	9669	57048	57048	9669	3	9666
50132	0	0	0	0	9642	56627	56627	9642	3	9639
51692	0	0	0	0	8082	57576	57576	8082	3	8079
50667	0	0	0	0	9107	57427	57427	9107	3	9104
49586	0	0	0	0	10188	56783	56783	10188	3	10185
51909	0	0	0	0	7865	56985	56985	7865	3	7862
50974	0	0	0	0	8800	57546	57546	8800	3	8797
49728	0	0	0	0	10046	56716	56716	10046	3	10043
51345	0	0	0	0	8429	57714	57714	8429	3	8426
50929	0	0	0	0	8845	55985	55985	8845	3	8842
49831	0	0	0	0	9943	57635	57635	9943	3	9940
52480	0	0	0	0	7294	57614	57614	7294	3	7291
