49540	0	0	0	0	10234	59412	0	10234	3	10231
48983	0	0	0	0	10791	58943	0	10791	3	10788
48950	0	0	0	0	10824	59077	0	10824	3	10821
49354	0	0	0	0	10420	58973	0	10420	3	10417
49118	0	0	0	0	10656	58982	0	10656	3	10653
49653	0	0	0	0	10121	59020	0	10121	3	10118
49694	0	0	0	0	10080	58959	0	10080	3	10077
49445	0	0	0	0	10329	59142	0	10329	3	10326
50018	0	0	0	0	9756	58761	0	9756	3	9753
48697	0	0	0	0	11077	58888	0	11077	3	11074
48991	0	0	0	0	10783	59088	0	10783	3	10780
48992	0	0	0	0	10782	59136	0	10782	3	10779
49982	0	0	0	0	9792	58609	0	9792	3	9789
48735	0	0	0	0	11039	59097	0	11039	3	11036
49206	0	0	0	0	10568	58911	0	10568	3	10565
50054	0	0	0	0	9720	58925	0	9720	3	9717
49275	0	0	0	0	10499	59059	0	10499	3	10496
49289	0	0	0	0	10485	59054	0	10485	3	10482
49678	0	0	0	0	10096	58907	0	10096	3	10093
49928	0	0	0	0	9846	58783	0	9846	3	9843
49556	0	0	0	0	10218	59040	0	10218	3	10215
48848	0	0	0	0	10926	59080	0	10926	3	10923
49121	0	0	0	0	10653	59010	0	10653	3	10650
49677	0	0	0	0	10097	58829	0	10097	3	10094
49639	0	0	0	0	10135	59128	0	10135	3	10132
49272	0	0	0	0	10502	59029	0	10502	3	10499
48705	0	0	0	0	11069	59034	0	11069	3	11066
49422	0	0	0	0	10352	59165	0	10352	3	10349
49019	0	0	0	0	10755	59468	0	10755	3	10752
50064	0	0	0	0	9710	58860	0	9710	3	9707
49973	0	0	0	0	9801	59076	0	9801	3	9798
49501	0	0	0	0	10273	59047	0	10273	3	10270
48948	0	0	0	0	10826	59117	0	10826	3	10823
48943	0	0	0	0	10831	59029	0	10831	3	10828
48509	0	0	0	0	11265	58757	0	11265	3	11262
48686	0	0	0	0	11088	58629	0	11088	3	11085
50259	0	0	0	0	9515	58859	0	9515	3	9512
49173	0	0	0	0	10601	59026	0	10601	3	10598
49826	0	0	0	0	9948	58667	0	9948	3	9945
49278	0	0	0	0	10496	59061	0	10496	3	10493
50104	0	0	0	0	9670	59025	0	9670	3	9667
49948	0	0	0	0	9826	59043	0	9826	3	9823
49136	0	0	0	0	10638	59042	0	10638	3	10635
48766	0	0	0	0	11008	58967	0	11008	3	11005
50031	0	0	0	0	9743	58728	0	9743	3	9740
49204	0	0	0	0	10570	59031	0	10570	3	10567
49870	0	0	0	0	9904	59062	0	9904	3	9901
50623	0	0	0	0	9151	58657	0	9151	3	9148
49216	0	0	0	0	10558	59102	0	10558	3	10555
48441	0	0	0	0	11333	59073	0	11333	3	11330
48487	0	0	0	0	11287	59072	0	11287	3	11284
49867	0	0	0	0	9907	59052	0	9907	3	9904
49105	0	0	0	0	10669	59362	0	10669	3	10666
49350	0	0	0	0	10424	58698	0	10424	3	10421
49642	0	0	0	0	10132	59133	0	10132	3	10129
48940	0	0	0	0	10834	58931	0	10834	3	10831
48779	0	0	0	0	10995	59003	0	10995	3	10992
48838	0	0	0	0	10936	58958	0	10936	3	10933
49228	0	0	0	0	10546	59119	0	10546	3	10543
48801	0	0	0	0	10973	58966	0	10973	3	10970
49073	0	0	0	0	10701	58990	0	10701	3	10698
48935	0	0	0	0	10839	58733	0	10839	3	10836
49148	0	0	0	0	10626	58754	0	10626	3	10623
48982	0	0	0	0	10792	59002	0	10792	3	10789
48838	0	0	0	0	10936	58667	0	10936	3	10933
49376	0	0	0	0	10398	58833	0	10398	3	10395
48499	0	0	0	0	11275	59074	0	11275	3	11272
48903	0	0	0	0	10871	59091	0	10871	3	10868
49460	0	0	0	0	10314	58808	0	10314	3	10311
49144	0	0	0	0	10630	59113	0	10630	3	10627
49294	0	0	0	0	10480	59127	0	10480	3	10477
49277	0	0	0	0	10497	58984	0	10497	3	10494
48944	0	0	0	0	10830	59091	0	10830	3	10827
49602	0	0	0	0	10172	59000	0	10172	3	10169
49923	0	0	0	0	9851	59053	0	9851	3	9848
48675	0	0	0	0	11099	59044	0	11099	3	11096
48556	0	0	0	0	11218	59109	0	11218	3	11215
49652	0	0	0	0	10122	58753	0	10122	3	10119
49684	0	0	0	0	10090	58776	0	10090	3	10087
49115	0	0	0	0	10659	59125	0	10659	3	10656
49038	0	0	0	0	10736	59318	0	10736	3	10733
49387	0	0	0	0	10387	59037	0	10387	3	10384
49634	0	0	0	0	10140	58894	0	10140	3	10137
48841	0	0	0	0	10933	58919	0	10933	3	10930
49362	0	0	0	0	10412	58893	0	10412	3	10409
49374	0	0	0	0	10400	59063	0	10400	3	10397
49311	0	0	0	0	10463	59368	0	10463	3	10460
48737	0	0	0	0	11037	59092	0	11037	3	11034
49643	0	0	0	0	10131	59241	0	10131	3	10128
49774	0	0	0	0	10000	59150	0	10000	3	9997
49210	0	0	0	0	10564	59000	0	10564	3	10561
49129	0	0	0	0	10645	59106	0	10645	3	10642
50019	0	0	0	0	9755	59004	0	9755	3	9752
49828	0	0	0	0	9946	59120	0	9946	3	9943
49742	0	0	0	0	10032	59150	0	10032	3	10029
49482	0	0	0	0	10292	58984	0	10292	3	10289
49984	0	0	0	0	9790	59002	0	9790	3	9787
48526	0	0	0	0	11248	59050	0	11248	3	11245
48907	0	0	0	0	10867	59003	0	10867	3	10864
48869	0	0	0	0	10905	59059	0	10905	3	10902
49428	0	0	0	0	10346	58976	0	10346	3	10343
49684	0	0	0	0	10090	59041	0	10090	3	10087
49434	0	0	0	0	10340	59066	0	10340	3	10337
49422	0	0	0	0	10352	59416	0	10352	3	10349
49373	0	0	0	0	10401	59086	0	10401	3	10398
49664	0	0	0	0	10110	58863	0	10110	3	10107
49310	0	0	0	0	10464	59226	0	10464	3	10461
49579	0	0	0	0	10195	59009	0	10195	3	10192
48983	0	0	0	0	10791	58990	0	10791	3	10788
49235	0	0	0	0	10539	59068	0	10539	3	10536
50012	0	0	0	0	9762	58756	0	9762	3	9759
49692	0	0	0	0	10082	59029	0	10082	3	10079
48451	0	0	0	0	11323	59019	0	11323	3	11320
48559	0	0	0	0	11215	58741	0	11215	3	11212
49406	0	0	0	0	10368	58743	0	10368	3	10365
49154	0	0	0	0	10620	58906	0	10620	3	10617
49564	0	0	0	0	10210	59032	0	10210	3	10207
48867	0	0	0	0	10907	58656	0	10907	3	10904
48845	0	0	0	0	10929	59048	0	10929	3	10926
49829	0	0	0	0	9945	58839	0	9945	3	9942
48914	0	0	0	0	10860	59049	0	10860	3	10857
49038	0	0	0	0	10736	58782	0	10736	3	10733
49692	0	0	0	0	10082	58969	0	10082	3	10079
48957	0	0	0	0	10817	59051	0	10817	3	10814
49980	0	0	0	0	9794	59095	0	9794	3	9791
49677	0	0	0	0	10097	59044	0	10097	3	10094
48718	0	0	0	0	11056	58828	0	11056	3	11053
49568	0	0	0	0	10206	59044	0	10206	3	10203
49716	0	0	0	0	10058	59004	0	10058	3	10055
49404	0	0	0	0	10370	59089	0	10370	3	10367
48505	0	0	0	0	11269	58796	0	11269	3	11266
49393	0	0	0	0	10381	59033	0	10381	3	10378
49137	0	0	0	0	10637	58819	0	10637	3	10634
49372	0	0	0	0	10402	59093	0	10402	3	10399
49499	0	0	0	0	10275	59109	0	10275	3	10272
49245	0	0	0	0	10529	58997	0	10529	3	10526
49480	0	0	0	0	10294	58868	0	10294	3	10291
48768	0	0	0	0	11006	58783	0	11006	3	11003
48984	0	0	0	0	10790	58830	0	10790	3	10787
49602	0	0	0	0	10172	59005	0	10172	3	10169
48924	0	0	0	0	10850	58803	0	10850	3	10847
49239	0	0	0	0	10535	58823	0	10535	3	10532
49042	0	0	0	0	10732	58961	0	10732	3	10729
49300	0	0	0	0	10474	58691	0	10474	3	10471
48784	0	0	0	0	10990	58755	0	10990	3	10987
49158	0	0	0	0	10616	59073	0	10616	3	10613
49266	0	0	0	0	10508	59094	0	10508	3	10505
49798	0	0	0	0	9976	59021	0	9976	3	9973
48481	0	0	0	0	11293	59058	0	11293	3	11290
50302	0	0	0	0	9472	58820	0	9472	3	9469
49074	0	0	0	0	10700	59005	0	10700	3	10697
48993	0	0	0	0	10781	59083	0	10781	3	10778
48740	0	0	0	0	11034	59051	0	11034	3	11031
49313	0	0	0	0	10461	59047	0	10461	3	10458
49626	0	0	0	0	10148	58847	0	10148	3	10145
49852	0	0	0	0	9922	59008	0	9922	3	9919
50058	0	0	0	0	9716	58998	0	9716	3	9713
49355	0	0	0	0	10419	59066	0	10419	3	10416
49186	0	0	0	0	10588	59048	0	10588	3	10585
48731	0	0	0	0	11043	58914	0	11043	3	11040
49296	0	0	0	0	10478	59096	0	10478	3	10475
49699	0	0	0	0	10075	59359	0	10075	3	10072
49666	0	0	0	0	10108	59020	0	10108	3	10105
49309	0	0	0	0	10465	58706	0	10465	3	10462
49010	0	0	0	0	10764	58807	0	10764	3	10761
48705	0	0	0	0	11069	59180	0	11069	3	11066
48943	0	0	0	0	10831	58736	0	10831	3	10828
49388	0	0	0	0	10386	58836	0	10386	3	10383
49107	0	0	0	0	10667	58906	0	10667	3	10664
49043	0	0	0	0	10731	59048	0	10731	3	10728
48677	0	0	0	0	11097	59328	0	11097	3	11094
49444	0	0	0	0	10330	58967	0	10330	3	10327
50375	0	0	0	0	9399	59077	0	9399	3	9396
49708	0	0	0	0	10066	59011	0	10066	3	10063
48889	0	0	0	0	10885	59034	0	10885	3	10882
49844	0	0	0	0	9930	58733	0	9930	3	9927
48939	0	0	0	0	10835	58855	0	10835	3	10832
49216	0	0	0	0	10558	59032	0	10558	3	10555
49822	0	0	0	0	9952	59102	0	9952	3	9949
48776	0	0	0	0	10998	58937	0	10998	3	10995
49326	0	0	0	0	10448	59130	0	10448	3	10445
49532	0	0	0	0	10242	59096	0	10242	3	10239
49562	0	0	0	0	10212	59086	0	10212	3	10209
49878	0	0	0	0	9896	58880	0	9896	3	9893
48971	0	0	0	0	10803	58847	0	10803	3	10800
49714	0	0	0	0	10060	58804	0	10060	3	10057
49447	0	0	0	0	10327	58798	0	10327	3	10324
49338	0	0	0	0	10436	59193	0	10436	3	10433
48904	0	0	0	0	10870	59014	0	10870	3	10867
49143	0	0	0	0	10631	59044	0	10631	3	10628
48455	0	0	0	0	11319	58700	0	11319	3	11316
49343	0	0	0	0	10431	59037	0	10431	3	10428
48803	0	0	0	0	10971	59014	0	10971	3	10968
50117	0	0	0	0	9657	58844	0	9657	3	9654
49403	0	0	0	0	10371	58858	0	10371	3	10368
48855	0	0	0	0	10919	58764	0	10919	3	10916
48417	0	0	0	0	11357	59041	0	11357	3	11354
49051	0	0	0	0	10723	58968	0	10723	3	10720
49456	0	0	0	0	10318	59019	0	10318	3	10315
48262	0	0	0	0	11512	59111	0	11512	3	11509
49431	0	0	0	0	10343	58912	0	10343	3	10340
49409	0	0	0	0	10365	58990	0	10365	3	10362
49700	0	0	0	0	10074	58991	0	10074	3	10071
49060	0	0	0	0	10714	59012	0	10714	3	10711
49139	0	0	0	0	10635	58920	0	10635	3	10632
48393	0	0	0	0	11381	58791	0	11381	3	11378
48727	0	0	0	0	11047	59062	0	11047	3	11044
48995	0	0	0	0	10779	59057	0	10779	3	10776
50144	0	0	0	0	9630	58862	0	9630	3	9627
49525	0	0	0	0	10249	58247	0	10249	3	10246
48805	0	0	0	0	10969	58908	0	10969	3	10966
48606	0	0	0	0	11168	59105	0	11168	3	11165
48647	0	0	0	0	11127	59113	0	11127	3	11124
49440	0	0	0	0	10334	59057	0	10334	3	10331
49719	0	0	0	0	10055	58767	0	10055	3	10052
49375	0	0	0	0	10399	58793	0	10399	3	10396
49669	0	0	0	0	10105	59075	0	10105	3	10102
48677	0	0	0	0	11097	59007	0	11097	3	11094
49542	0	0	0	0	10232	59036	0	10232	3	10229
49793	0	0	0	0	9981	59120	0	9981	3	9978
49991	0	0	0	0	9783	58933	0	9783	3	9780
48786	0	0	0	0	10988	58779	0	10988	3	10985
49014	0	0	0	0	10760	59009	0	10760	3	10757
49593	0	0	0	0	10181	59110	0	10181	3	10178
49567	0	0	0	0	10207	58702	0	10207	3	10204
49988	0	0	0	0	9786	59069	0	9786	3	9783
49949	0	0	0	0	9825	58750	0	9825	3	9822
49210	0	0	0	0	10564	58799	0	10564	3	10561
50129	0	0	0	0	9645	58829	0	9645	3	9642
49092	0	0	0	0	10682	58839	0	10682	3	10679
49529	0	0	0	0	10245	58709	0	10245	3	10242
48980	0	0	0	0	10794	59017	0	10794	3	10791
48659	0	0	0	0	11115	58854	0	11115	3	11112
49519	0	0	0	0	10255	58985	0	10255	3	10252
50080	0	0	0	0	9694	59024	0	9694	3	9691
50207	0	0	0	0	9567	58971	0	9567	3	9564
49497	0	0	0	0	10277	59051	0	10277	3	10274
49891	0	0	0	0	9883	58999	0	9883	3	9880
49796	0	0	0	0	9978	59060	0	9978	3	9975
49873	0	0	0	0	9901	58931	0	9901	3	9898
49627	0	0	0	0	10147	58887	0	10147	3	10144
48895	0	0	0	0	10879	59032	0	10879	3	10876
49765	0	0	0	0	10009	59062	0	10009	3	10006
48995	0	0	0	0	10779	58864	0	10779	3	10776
49182	0	0	0	0	10592	59393	0	10592	3	10589
49276	0	0	0	0	10498	59034	0	10498	3	10495
50193	0	0	0	0	9581	59013	0	9581	3	9578
49850	0	0	0	0	9924	59108	0	9924	3	9921
48838	0	0	0	0	10936	58805	0	10936	3	10933
49422	0	0	0	0	10352	59058	0	10352	3	10349
49270	0	0	0	0	10504	58775	0	10504	3	10501
48560	0	0	0	0	11214	59047	0	11214	3	11211
50005	0	0	0	0	9769	59056	0	9769	3	9766
49917	0	0	0	0	9857	58527	0	9857	3	9854
50018	0	0	0	0	9756	59064	0	9756	3	9753
49158	0	0	0	0	10616	58684	0	10616	3	10613
49887	0	0	0	0	9887	59003	0	9887	3	9884
49277	0	0	0	0	10497	59047	0	10497	3	10494
49679	0	0	0	0	10095	59011	0	10095	3	10092
49986	0	0	0	0	9788	59079	0	9788	3	9785
48017	0	0	0	0	11757	59139	0	11757	3	11754
49517	0	0	0	0	10257	59054	0	10257	3	10254
49492	0	0	0	0	10282	58920	0	10282	3	10279
49708	0	0	0	0	10066	59063	0	10066	3	10063
48565	0	0	0	0	11209	59045	0	11209	3	11206
49578	0	0	0	0	10196	59045	0	10196	3	10193
49654	0	0	0	0	10120	59095	0	10120	3	10117
49874	0	0	0	0	9900	59051	0	9900	3	9897
49736	0	0	0	0	10038	59057	0	10038	3	10035
49640	0	0	0	0	10134	58733	0	10134	3	10131
49700	0	0	0	0	10074	58932	0	10074	3	10071
49021	0	0	0	0	10753	59075	0	10753	3	10750
49721	0	0	0	0	10053	59073	0	10053	3	10050
49155	0	0	0	0	10619	58726	0	10619	3	10616
49298	0	0	0	0	10476	59096	0	10476	3	10473
48679	0	0	0	0	11095	59098	0	11095	3	11092
48965	0	0	0	0	10809	58947	0	10809	3	10806
49528	0	0	0	0	10246	59055	0	10246	3	10243
49356	0	0	0	0	10418	59047	0	10418	3	10415
49185	0	0	0	0	10589	59116	0	10589	3	10586
49426	0	0	0	0	10348	58734	0	10348	3	10345
48977	0	0	0	0	10797	59016	0	10797	3	10794
49320	0	0	0	0	10454	59026	0	10454	3	10451
49745	0	0	0	0	10029	58764	0	10029	3	10026
49441	0	0	0	0	10333	59032	0	10333	3	10330
48997	0	0	0	0	10777	58801	0	10777	3	10774
49646	0	0	0	0	10128	58941	0	10128	3	10125
49537	0	0	0	0	10237	58939	0	10237	3	10234
49294	0	0	0	0	10480	59012	0	10480	3	10477
49913	0	0	0	0	9861	59050	0	9861	3	9858
48401	0	0	0	0	11373	59067	0	11373	3	11370
49549	0	0	0	0	10225	59018	0	10225	3	10222
49564	0	0	0	0	10210	58998	0	10210	3	10207
48981	0	0	0	0	10793	59057	0	10793	3	10790
49107	0	0	0	0	10667	58862	0	10667	3	10664
49768	0	0	0	0	10006	59033	0	10006	3	10003
49197	0	0	0	0	10577	59112	0	10577	3	10574
49136	0	0	0	0	10638	58707	0	10638	3	10635
48577	0	0	0	0	11197	59076	0	11197	3	11194
49645	0	0	0	0	10129	59139	0	10129	3	10126
49047	0	0	0	0	10727	58758	0	10727	3	10724
49656	0	0	0	0	10118	58793	0	10118	3	10115
49623	0	0	0	0	10151	59030	0	10151	3	10148
48692	0	0	0	0	11082	58721	0	11082	3	11079
49623	0	0	0	0	10151	59021	0	10151	3	10148
49962	0	0	0	0	9812	58827	0	9812	3	9809
48852	0	0	0	0	10922	59147	0	10922	3	10919
49194	0	0	0	0	10580	59121	0	10580	3	10577
49110	0	0	0	0	10664	58789	0	10664	3	10661
49750	0	0	0	0	10024	59139	0	10024	3	10021
49073	0	0	0	0	10701	59087	0	10701	3	10698
50023	0	0	0	0	9751	58932	0	9751	3	9748
49895	0	0	0	0	9879	58762	0	9879	3	9876
50148	0	0	0	0	9626	59093	0	9626	3	9623
49696	0	0	0	0	10078	59080	0	10078	3	10075
49788	0	0	0	0	9986	59007	0	9986	3	9983
49620	0	0	0	0	10154	58843	0	10154	3	10151
49664	0	0	0	0	10110	59009	0	10110	3	10107
49387	0	0	0	0	10387	59040	0	10387	3	10384
49111	0	0	0	0	10663	59076	0	10663	3	10660
48953	0	0	0	0	10821	59065	0	10821	3	10818
49203	0	0	0	0	10571	59021	0	10571	3	10568
49552	0	0	0	0	10222	59307	0	10222	3	10219
48569	0	0	0	0	11205	59080	0	11205	3	11202
49323	0	0	0	0	10451	58598	0	10451	3	10448
48777	0	0	0	0	10997	58776	0	10997	3	10994
48709	0	0	0	0	11065	58848	0	11065	3	11062
49142	0	0	0	0	10632	59027	0	10632	3	10629
49254	0	0	0	0	10520	59000	0	10520	3	10517
49011	0	0	0	0	10763	59035	0	10763	3	10760
49259	0	0	0	0	10515	59083	0	10515	3	10512
49269	0	0	0	0	10505	59045	0	10505	3	10502
49332	0	0	0	0	10442	58903	0	10442	3	10439
49364	0	0	0	0	10410	59097	0	10410	3	10407
50109	0	0	0	0	9665	59120	0	9665	3	9662
49469	0	0	0	0	10305	59384	0	10305	3	10302
48788	0	0	0	0	10986	59071	0	10986	3	10983
49296	0	0	0	0	10478	59107	0	10478	3	10475
49298	0	0	0	0	10476	58937	0	10476	3	10473
49775	0	0	0	0	9999	59050	0	9999	3	9996
49207	0	0	0	0	10567	59098	0	10567	3	10564
49705	0	0	0	0	10069	58829	0	10069	3	10066
49320	0	0	0	0	10454	59090	0	10454	3	10451
49456	0	0	0	0	10318	58944	0	10318	3	10315
49252	0	0	0	0	10522	58809	0	10522	3	10519
50115	0	0	0	0	9659	58798	0	9659	3	9656
49016	0	0	0	0	10758	59357	0	10758	3	10755
49402	0	0	0	0	10372	59041	0	10372	3	10369
49627	0	0	0	0	10147	59044	0	10147	3	10144
49493	0	0	0	0	10281	59137	0	10281	3	10278
49032	0	0	0	0	10742	59078	0	10742	3	10739
49072	0	0	0	0	10702	58931	0	10702	3	10699
49000	0	0	0	0	10774	59028	0	10774	3	10771
49004	0	0	0	0	10770	59068	0	10770	3	10767
49049	0	0	0	0	10725	59013	0	10725	3	10722
49015	0	0	0	0	10759	59130	0	10759	3	10756
49661	0	0	0	0	10113	59134	0	10113	3	10110
49723	0	0	0	0	10051	59094	0	10051	3	10048
48547	0	0	0	0	11227	59078	0	11227	3	11224
49998	0	0	0	0	9776	59012	0	9776	3	9773
49822	0	0	0	0	9952	58873	0	9952	3	9949
49410	0	0	0	0	10364	58793	0	10364	3	10361
49160	0	0	0	0	10614	58693	0	10614	3	10611
49791	0	0	0	0	9983	59122	0	9983	3	9980
49273	0	0	0	0	10501	59047	0	10501	3	10498
49886	0	0	0	0	9888	59081	0	9888	3	9885
49437	0	0	0	0	10337	58891	0	10337	3	10334
49660	0	0	0	0	10114	58940	0	10114	3	10111
48995	0	0	0	0	10779	59053	0	10779	3	10776
49485	0	0	0	0	10289	58712	0	10289	3	10286
49488	0	0	0	0	10286	59050	0	10286	3	10283
48840	0	0	0	0	10934	59045	0	10934	3	10931
49314	0	0	0	0	10460	58937	0	10460	3	10457
48922	0	0	0	0	10852	59010	0	10852	3	10849
50001	0	0	0	0	9773	59007	0	9773	3	9770
49842	0	0	0	0	9932	58891	0	9932	3	9929
49966	0	0	0	0	9808	59027	0	9808	3	9805
49706	0	0	0	0	10068	58836	0	10068	3	10065
49311	0	0	0	0	10463	58855	0	10463	3	10460
50290	0	0	0	0	9484	58813	0	9484	3	9481
48342	0	0	0	0	11432	58974	0	11432	3	11429
49853	0	0	0	0	9921	58936	0	9921	3	9918
49689	0	0	0	0	10085	59058	0	10085	3	10082
48920	0	0	0	0	10854	58705	0	10854	3	10851
49800	0	0	0	0	9974	58984	0	9974	3	9971
48838	0	0	0	0	10936	59067	0	10936	3	10933
49449	0	0	0	0	10325	59087	0	10325	3	10322
48969	0	0	0	0	10805	58825	0	10805	3	10802
48773	0	0	0	0	11001	58734	0	11001	3	10998
49303	0	0	0	0	10471	58748	0	10471	3	10468
49185	0	0	0	0	10589	59034	0	10589	3	10586
48692	0	0	0	0	11082	59036	0	11082	3	11079
50059	0	0	0	0	9715	59072	0	9715	3	9712
48884	0	0	0	0	10890	59018	0	10890	3	10887
49946	0	0	0	0	9828	59050	0	9828	3	9825
49279	0	0	0	0	10495	58899	0	10495	3	10492
48776	0	0	0	0	10998	58852	0	10998	3	10995
49763	0	0	0	0	10011	59044	0	10011	3	10008
50068	0	0	0	0	9706	58785	0	9706	3	9703
49656	0	0	0	0	10118	58852	0	10118	3	10115
49197	0	0	0	0	10577	58879	0	10577	3	10574
48680	0	0	0	0	11094	58855	0	11094	3	11091
49600	0	0	0	0	10174	59090	0	10174	3	10171
49942	0	0	0	0	9832	59069	0	9832	3	9829
49241	0	0	0	0	10533	58951	0	10533	3	10530
49243	0	0	0	0	10531	58828	0	10531	3	10528
49234	0	0	0	0	10540	58993	0	10540	3	10537
49196	0	0	0	0	10578	59070	0	10578	3	10575
49100	0	0	0	0	10674	58835	0	10674	3	10671
49586	0	0	0	0	10188	59024	0	10188	3	10185
49636	0	0	0	0	10138	58898	0	10138	3	10135
49629	0	0	0	0	10145	58979	0	10145	3	10142
49556	0	0	0	0	10218	59408	0	10218	3	10215
49920	0	0	0	0	9854	59054	0	9854	3	9851
49846	0	0	0	0	9928	58963	0	9928	3	9925
49168	0	0	0	0	10606	59112	0	10606	3	10603
49431	0	0	0	0	10343	59096	0	10343	3	10340
48516	0	0	0	0	11258	59080	0	11258	3	11255
49046	0	0	0	0	10728	59020	0	10728	3	10725
49324	0	0	0	0	10450	59036	0	10450	3	10447
48741	0	0	0	0	11033	59131	0	11033	3	11030
49039	0	0	0	0	10735	59051	0	10735	3	10732
49066	0	0	0	0	10708	59068	0	10708	3	10705
49150	0	0	0	0	10624	59123	0	10624	3	10621
48797	0	0	0	0	10977	59041	0	10977	3	10974
49411	0	0	0	0	10363	59006	0	10363	3	10360
49477	0	0	0	0	10297	59081	0	10297	3	10294
49134	0	0	0	0	10640	59075	0	10640	3	10637
50028	0	0	0	0	9746	58872	0	9746	3	9743
49918	0	0	0	0	9856	59119	0	9856	3	9853
49273	0	0	0	0	10501	59190	0	10501	3	10498
48346	0	0	0	0	11428	58800	0	11428	3	11425
49912	0	0	0	0	9862	59055	0	9862	3	9859
49677	0	0	0	0	10097	59081	0	10097	3	10094
49325	0	0	0	0	10449	59018	0	10449	3	10446
50086	0	0	0	0	9688	58711	0	9688	3	9685
49920	0	0	0	0	9854	59051	0	9854	3	9851
49545	0	0	0	0	10229	59014	0	10229	3	10226
49612	0	0	0	0	10162	58761	0	10162	3	10159
50531	0	0	0	0	9243	58690	0	9243	3	9240
49971	0	0	0	0	9803	59092	0	9803	3	9800
49365	0	0	0	0	10409	58757	0	10409	3	10406
49628	0	0	0	0	10146	59099	0	10146	3	10143
49058	0	0	0	0	10716	58647	0	10716	3	10713
49658	0	0	0	0	10116	59215	0	10116	3	10113
49029	0	0	0	0	10745	58831	0	10745	3	10742
48917	0	0	0	0	10857	59115	0	10857	3	10854
49538	0	0	0	0	10236	58853	0	10236	3	10233
48328	0	0	0	0	11446	59067	0	11446	3	11443
49282	0	0	0	0	10492	59069	0	10492	3	10489
49290	0	0	0	0	10484	59090	0	10484	3	10481
49680	0	0	0	0	10094	58682	0	10094	3	10091
49412	0	0	0	0	10362	58805	0	10362	3	10359
49884	0	0	0	0	9890	58665	0	9890	3	9887
49056	0	0	0	0	10718	59078	0	10718	3	10715
49557	0	0	0	0	10217	58839	0	10217	3	10214
49287	0	0	0	0	10487	59148	0	10487	3	10484
49656	0	0	0	0	10118	59133	0	10118	3	10115
48733	0	0	0	0	11041	59035	0	11041	3	11038
49182	0	0	0	0	10592	58810	0	10592	3	10589
50380	0	0	0	0	9394	58924	0	9394	3	9391
49516	0	0	0	0	10258	59051	0	10258	3	10255
49771	0	0	0	0	10003	59057	0	10003	3	10000
49139	0	0	0	0	10635	59041	0	10635	3	10632
49811	0	0	0	0	9963	59041	0	9963	3	9960
48289	0	0	0	0	11485	59047	0	11485	3	11482
49061	0	0	0	0	10713	59104	0	10713	3	10710
49861	0	0	0	0	9913	58677	0	9913	3	9910
49955	0	0	0	0	9819	59126	0	9819	3	9816
49720	0	0	0	0	10054	59040	0	10054	3	10051
49124	0	0	0	0	10650	59049	0	10650	3	10647
49598	0	0	0	0	10176	59035	0	10176	3	10173
49724	0	0	0	0	10050	58735	0	10050	3	10047
49576	0	0	0	0	10198	59213	0	10198	3	10195
49233	0	0	0	0	10541	59069	0	10541	3	10538
49646	0	0	0	0	10128	59004	0	10128	3	10125
49459	0	0	0	0	10315	58785	0	10315	3	10312
48976	0	0	0	0	10798	59050	0	10798	3	10795
49317	0	0	0	0	10457	58711	0	10457	3	10454
49434	0	0	0	0	10340	59058	0	10340	3	10337
49365	0	0	0	0	10409	59045	0	10409	3	10406
49437	0	0	0	0	10337	58720	0	10337	3	10334
49489	0	0	0	0	10285	59066	0	10285	3	10282
49362	0	0	0	0	10412	59121	0	10412	3	10409
48723	0	0	0	0	11051	59055	0	11051	3	11048
49143	0	0	0	0	10631	58849	0	10631	3	10628
49247	0	0	0	0	10527	58999	0	10527	3	10524
48966	0	0	0	0	10808	58953	0	10808	3	10805
49150	0	0	0	0	10624	59083	0	10624	3	10621
48696	0	0	0	0	11078	59004	0	11078	3	11075
49497	0	0	0	0	10277	58980	0	10277	3	10274
48750	0	0	0	0	11024	59068	0	11024	3	11021
48955	0	0	0	0	10819	59061	0	10819	3	10816
49894	0	0	0	0	9880	59062	0	9880	3	9877
48748	0	0	0	0	11026	58966	0	11026	3	11023
49106	0	0	0	0	10668	59011	0	10668	3	10665
49677	0	0	0	0	10097	58795	0	10097	3	10094
49184	0	0	0	0	10590	58931	0	10590	3	10587
48854	0	0	0	0	10920	59052	0	10920	3	10917
49541	0	0	0	0	10233	58727	0	10233	3	10230
