35371	0	0	0	0	24403	44613	0	24403	14534	9869
35543	0	0	0	0	24231	44373	0	24231	14313	9918
36206	0	0	0	0	23568	44427	0	23568	14331	9237
34848	0	0	0	0	24926	44600	0	24926	14512	10414
35780	0	0	0	0	23994	44634	0	23994	14555	9439
36434	0	0	0	0	23340	44672	0	23340	14546	8794
35012	0	0	0	0	24762	44650	0	24762	14564	10198
35637	0	0	0	0	24137	44607	0	24137	14537	9600
35614	0	0	0	0	24160	44396	0	24160	14336	9824
35859	0	0	0	0	23915	44406	0	23915	14344	9571
34791	0	0	0	0	24983	44611	0	24983	14553	10430
34655	0	0	0	0	25119	44620	0	25119	14485	10634
35897	0	0	0	0	23877	44600	0	23877	14533	9344
34710	0	0	0	0	25064	44627	0	25064	14561	10503
35639	0	0	0	0	24135	44638	0	24135	14501	9634
35469	0	0	0	0	24305	44595	0	24305	14531	9774
35184	0	0	0	0	24590	44764	0	24590	14586	10004
34798	0	0	0	0	24976	44610	0	24976	14577	10399
35434	0	0	0	0	24340	44663	0	24340	14529	9811
36450	0	0	0	0	23324	44395	0	23324	14314	9010
36418	0	0	0	0	23356	44584	0	23356	14544	8812
35495	0	0	0	0	24279	44705	0	24279	14568	9711
35327	0	0	0	0	24447	44627	0	24447	14549	9898
35509	0	0	0	0	24265	44669	0	24265	14548	9717
35578	0	0	0	0	24196	44376	0	24196	14299	9897
35965	0	0	0	0	23809	44375	0	23809	14334	9475
34900	0	0	0	0	24874	44612	0	24874	14547	10327
35462	0	0	0	0	24312	44438	0	24312	14330	9982
35432	0	0	0	0	24342	44613	0	24342	14533	9809
35777	0	0	0	0	23997	44431	0	23997	14308	9689
34809	0	0	0	0	24965	44744	0	24965	14601	10364
35924	0	0	0	0	23850	44615	0	23850	14553	9297
35455	0	0	0	0	24319	44627	0	24319	14543	9776
36489	0	0	0	0	23285	44417	0	23285	14302	8983
35612	0	0	0	0	24162	44611	0	24162	14530	9632
35344	0	0	0	0	24430	44422	0	24430	14378	10052
35539	0	0	0	0	24235	44576	0	24235	14356	9879
35584	0	0	0	0	24190	44587	0	24190	14555	9635
35854	0	0	0	0	23920	44589	0	23920	14495	9425
34801	0	0	0	0	24973	44732	0	24973	14628	10345
36532	0	0	0	0	23242	44492	0	23242	14305	8937
36241	0	0	0	0	23533	44587	0	23533	14546	8987
34867	0	0	0	0	24907	44662	0	24907	14535	10372
35750	0	0	0	0	24024	44631	0	24024	14557	9467
35701	0	0	0	0	24073	44496	0	24073	14347	9726
35088	0	0	0	0	24686	44613	0	24686	14503	10183
36458	0	0	0	0	23316	44439	0	23316	14342	8974
35573	0	0	0	0	24201	44516	0	24201	14278	9923
35418	0	0	0	0	24356	44619	0	24356	14494	9862
34954	0	0	0	0	24820	44612	0	24820	14572	10248
35423	0	0	0	0	24351	44427	0	24351	14332	10019
35642	0	0	0	0	24132	44452	0	24132	14331	9801
35695	0	0	0	0	24079	44466	0	24079	14324	9755
35958	0	0	0	0	23816	44626	0	23816	14551	9265
35469	0	0	0	0	24305	44468	0	24305	14337	9968
35316	0	0	0	0	24458	44603	0	24458	14534	9924
35632	0	0	0	0	24142	44746	0	24142	14594	9548
35581	0	0	0	0	24193	44624	0	24193	14543	9650
35418	0	0	0	0	24356	44717	0	24356	14605	9751
36043	0	0	0	0	23731	44408	0	23731	14310	9421
35359	0	0	0	0	24415	44647	0	24415	14610	9805
35989	0	0	0	0	23785	44657	0	23785	14565	9220
35596	0	0	0	0	24178	44634	0	24178	14552	9626
35138	0	0	0	0	24636	44614	0	24636	14566	10070
35493	0	0	0	0	24281	44607	0	24281	14557	9724
36644	0	0	0	0	23130	44647	0	23130	14527	8603
35263	0	0	0	0	24511	44410	0	24511	14293	10218
35490	0	0	0	0	24284	44632	0	24284	14575	9709
36451	0	0	0	0	23323	44418	0	23323	14349	8974
35851	0	0	0	0	23923	44466	0	23923	14338	9585
35510	0	0	0	0	24264	44360	0	24264	14348	9916
35508	0	0	0	0	24266	44601	0	24266	14505	9761
35558	0	0	0	0	24216	44649	0	24216	14530	9686
35275	0	0	0	0	24499	44445	0	24499	14318	10181
35489	0	0	0	0	24285	44667	0	24285	14551	9734
35558	0	0	0	0	24216	44406	0	24216	14274	9942
35587	0	0	0	0	24187	44384	0	24187	14301	9886
36187	0	0	0	0	23587	44618	0	23587	14525	9062
35749	0	0	0	0	24025	44441	0	24025	14348	9677
35571	0	0	0	0	24203	44624	0	24203	14532	9671
35892	0	0	0	0	23882	44603	0	23882	14589	9293
35450	0	0	0	0	24324	44594	0	24324	14507	9817
34886	0	0	0	0	24888	44648	0	24888	14524	10364
35639	0	0	0	0	24135	44450	0	24135	14309	9826
35519	0	0	0	0	24255	44425	0	24255	14294	9961
35737	0	0	0	0	24037	44448	0	24037	14330	9707
35793	0	0	0	0	23981	44407	0	23981	14282	9699
34490	0	0	0	0	25284	44642	0	25284	14528	10756
35699	0	0	0	0	24075	44609	0	24075	14520	9555
35631	0	0	0	0	24143	44479	0	24143	14338	9805
35696	0	0	0	0	24078	44419	0	24078	14320	9758
35290	0	0	0	0	24484	44623	0	24484	14525	9959
35529	0	0	0	0	24245	44622	0	24245	14558	9687
35321	0	0	0	0	24453	44454	0	24453	14369	10084
36521	0	0	0	0	23253	44623	0	23253	14534	8719
35282	0	0	0	0	24492	44624	0	24492	14544	9948
35027	0	0	0	0	24747	44394	0	24747	14365	10382
35835	0	0	0	0	23939	44376	0	23939	14332	9607
35702	0	0	0	0	24072	44422	0	24072	14337	9735
35515	0	0	0	0	24259	44630	0	24259	14509	9750
35114	0	0	0	0	24660	44603	0	24660	14532	10128
35714	0	0	0	0	24060	44461	0	24060	14365	9695
35755	0	0	0	0	24019	44403	0	24019	14359	9660
35618	0	0	0	0	24156	44351	0	24156	14334	9822
34952	0	0	0	0	24822	44680	0	24822	14553	10269
35647	0	0	0	0	24127	44372	0	24127	14306	9821
36161	0	0	0	0	23613	44615	0	23613	14597	9016
35315	0	0	0	0	24459	44449	0	24459	14293	10166
35589	0	0	0	0	24185	44460	0	24185	14306	9879
35636	0	0	0	0	24138	44436	0	24138	14307	9831
35912	0	0	0	0	23862	44451	0	23862	14282	9580
35857	0	0	0	0	23917	44463	0	23917	14285	9632
35311	0	0	0	0	24463	44581	0	24463	14530	9933
35502	0	0	0	0	24272	44757	0	24272	14624	9648
35917	0	0	0	0	23857	44627	0	23857	14535	9322
35779	0	0	0	0	23995	44664	0	23995	14507	9488
35460	0	0	0	0	24314	44411	0	24314	14299	10015
35165	0	0	0	0	24609	44386	0	24609	14298	10311
35939	0	0	0	0	23835	44457	0	23835	14316	9519
35030	0	0	0	0	24744	44673	0	24744	14584	10160
35425	0	0	0	0	24349	44430	0	24349	14333	10016
35539	0	0	0	0	24235	44433	0	24235	14329	9906
35038	0	0	0	0	24736	44604	0	24736	14499	10237
35551	0	0	0	0	24223	44607	0	24223	14531	9692
36010	0	0	0	0	23764	44592	0	23764	14522	9242
36017	0	0	0	0	23757	44449	0	23757	14328	9429
35053	0	0	0	0	24721	44644	0	24721	14570	10151
35845	0	0	0	0	23929	44389	0	23929	14289	9640
35829	0	0	0	0	23945	44685	0	23945	14542	9403
36361	0	0	0	0	23413	44408	0	23413	14285	9128
34986	0	0	0	0	24788	44629	0	24788	14537	10251
35944	0	0	0	0	23830	44426	0	23830	14320	9510
35525	0	0	0	0	24249	44405	0	24249	14327	9922
35271	0	0	0	0	24503	44365	0	24503	14333	10170
35411	0	0	0	0	24363	44641	0	24363	14564	9799
35182	0	0	0	0	24592	44629	0	24592	14579	10013
35804	0	0	0	0	23970	44621	0	23970	14560	9410
35585	0	0	0	0	24189	44406	0	24189	14298	9891
34628	0	0	0	0	25146	44629	0	25146	14553	10593
36020	0	0	0	0	23754	44406	0	23754	14330	9424
35963	0	0	0	0	23811	44630	0	23811	14509	9302
35469	0	0	0	0	24305	44644	0	24305	14497	9808
35123	0	0	0	0	24651	44637	0	24651	14571	10080
35577	0	0	0	0	24197	44378	0	24197	14332	9865
35491	0	0	0	0	24283	44613	0	24283	14532	9751
35566	0	0	0	0	24208	44478	0	24208	14340	9868
35052	0	0	0	0	24722	44602	0	24722	14502	10220
35127	0	0	0	0	24647	44630	0	24647	14583	10064
35996	0	0	0	0	23778	44474	0	23778	14281	9497
35553	0	0	0	0	24221	44393	0	24221	14305	9916
35278	0	0	0	0	24496	44623	0	24496	14540	9956
35512	0	0	0	0	24262	44621	0	24262	14551	9711
35740	0	0	0	0	24034	44411	0	24034	14333	9701
35169	0	0	0	0	24605	44630	0	24605	14518	10087
35469	0	0	0	0	24305	44610	0	24305	14546	9759
35343	0	0	0	0	24431	44382	0	24431	14292	10139
34783	0	0	0	0	24991	44701	0	24991	14610	10381
35924	0	0	0	0	23850	44455	0	23850	14298	9552
35770	0	0	0	0	24004	44718	0	24004	14605	9399
35553	0	0	0	0	24221	44447	0	24221	14297	9924
35950	0	0	0	0	23824	44603	0	23824	14505	9319
35490	0	0	0	0	24284	44673	0	24284	14558	9726
35542	0	0	0	0	24232	44611	0	24232	14498	9734
35764	0	0	0	0	24010	44615	0	24010	14508	9502
35863	0	0	0	0	23911	44597	0	23911	14531	9380
35618	0	0	0	0	24156	44451	0	24156	14355	9801
35249	0	0	0	0	24525	44435	0	24525	14317	10208
35677	0	0	0	0	24097	44624	0	24097	14583	9514
34890	0	0	0	0	24884	44625	0	24884	14535	10349
34873	0	0	0	0	24901	44657	0	24901	14511	10390
34225	0	0	0	0	25549	44641	0	25549	14587	10962
35625	0	0	0	0	24149	44399	0	24149	14300	9849
35637	0	0	0	0	24137	44652	0	24137	14562	9575
36026	0	0	0	0	23748	44576	0	23748	14535	9213
35189	0	0	0	0	24585	44625	0	24585	14554	10031
35905	0	0	0	0	23869	44628	0	23869	14546	9323
35016	0	0	0	0	24758	44470	0	24758	14356	10402
36086	0	0	0	0	23688	44605	0	23688	14562	9126
36512	0	0	0	0	23262	44460	0	23262	14318	8944
35175	0	0	0	0	24599	44641	0	24599	14558	10041
36658	0	0	0	0	23116	44368	0	23116	14270	8846
35040	0	0	0	0	24734	44644	0	24734	14526	10208
35874	0	0	0	0	23900	44628	0	23900	14530	9370
35227	0	0	0	0	24547	44645	0	24547	14593	9954
34897	0	0	0	0	24877	44524	0	24877	14401	10476
35360	0	0	0	0	24414	44412	0	24414	14252	10162
35352	0	0	0	0	24422	44616	0	24422	14373	10049
35290	0	0	0	0	24484	44675	0	24484	14542	9942
35103	0	0	0	0	24671	44683	0	24671	14513	10158
35240	0	0	0	0	24534	44423	0	24534	14306	10228
35122	0	0	0	0	24652	44400	0	24652	14285	10367
36173	0	0	0	0	23601	44485	0	23601	14330	9271
34877	0	0	0	0	24897	44635	0	24897	14521	10376
35739	0	0	0	0	24035	44477	0	24035	14291	9744
35991	0	0	0	0	23783	44424	0	23783	14329	9454
34796	0	0	0	0	24978	44617	0	24978	14523	10455
34878	0	0	0	0	24896	44418	0	24896	14369	10527
35177	0	0	0	0	24597	44668	0	24597	14533	10064
35052	0	0	0	0	24722	44659	0	24722	14542	10180
35501	0	0	0	0	24273	44622	0	24273	14564	9709
35158	0	0	0	0	24616	44668	0	24616	14542	10074
35016	0	0	0	0	24758	44695	0	24758	14609	10149
36457	0	0	0	0	23317	44462	0	23317	14319	8998
35756	0	0	0	0	24018	44613	0	24018	14546	9472
35469	0	0	0	0	24305	44631	0	24305	14520	9785
35686	0	0	0	0	24088	44454	0	24088	14348	9740
35597	0	0	0	0	24177	44651	0	24177	14602	9575
36541	0	0	0	0	23233	44399	0	23233	14307	8926
36470	0	0	0	0	23304	44531	0	23304	14350	8954
35511	0	0	0	0	24263	44370	0	24263	14302	9961
35831	0	0	0	0	23943	44446	0	23943	14352	9591
34844	0	0	0	0	24930	44667	0	24930	14538	10392
35876	0	0	0	0	23898	44438	0	23898	14329	9569
35754	0	0	0	0	24020	44398	0	24020	14331	9689
36426	0	0	0	0	23348	44447	0	23348	14300	9048
35791	0	0	0	0	23983	44418	0	23983	14324	9659
36252	0	0	0	0	23522	44650	0	23522	14521	9001
34651	0	0	0	0	25123	44636	0	25123	14524	10599
34930	0	0	0	0	24844	44749	0	24844	14624	10220
35662	0	0	0	0	24112	44735	0	24112	14594	9518
35590	0	0	0	0	24184	44384	0	24184	14289	9895
34935	0	0	0	0	24839	44636	0	24839	14557	10282
34791	0	0	0	0	24983	44618	0	24983	14538	10445
34595	0	0	0	0	25179	44623	0	25179	14534	10645
36169	0	0	0	0	23605	44639	0	23605	14580	9025
35998	0	0	0	0	23776	44626	0	23776	14518	9258
35381	0	0	0	0	24393	44595	0	24393	14548	9845
35654	0	0	0	0	24120	44428	0	24120	14336	9784
35813	0	0	0	0	23961	44627	0	23961	14513	9448
35772	0	0	0	0	24002	44632	0	24002	14545	9457
35245	0	0	0	0	24529	44466	0	24529	14315	10214
35821	0	0	0	0	23953	44389	0	23953	14319	9634
34844	0	0	0	0	24930	44629	0	24930	14529	10401
35648	0	0	0	0	24126	44424	0	24126	14350	9776
35148	0	0	0	0	24626	44494	0	24626	14383	10243
35909	0	0	0	0	23865	44456	0	23865	14295	9570
35481	0	0	0	0	24293	44625	0	24293	14577	9716
35038	0	0	0	0	24736	44641	0	24736	14545	10191
35485	0	0	0	0	24289	44572	0	24289	14514	9775
36398	0	0	0	0	23376	44635	0	23376	14565	8811
35891	0	0	0	0	23883	44411	0	23883	14288	9595
35164	0	0	0	0	24610	44656	0	24610	14542	10068
36085	0	0	0	0	23689	44616	0	23689	14509	9180
35086	0	0	0	0	24688	44395	0	24688	14358	10330
35414	0	0	0	0	24360	44442	0	24360	14298	10062
35679	0	0	0	0	24095	44630	0	24095	14537	9558
35603	0	0	0	0	24171	44673	0	24171	14556	9615
35119	0	0	0	0	24655	44463	0	24655	14311	10344
35736	0	0	0	0	24038	44623	0	24038	14516	9522
35663	0	0	0	0	24111	44660	0	24111	14582	9529
36193	0	0	0	0	23581	44457	0	23581	14324	9257
35609	0	0	0	0	24165	44456	0	24165	14277	9888
35838	0	0	0	0	23936	44613	0	23936	14597	9339
35763	0	0	0	0	24011	44495	0	24011	14317	9694
35087	0	0	0	0	24687	44408	0	24687	14293	10394
35424	0	0	0	0	24350	44400	0	24350	14280	10070
36089	0	0	0	0	23685	44410	0	23685	14358	9327
35589	0	0	0	0	24185	44520	0	24185	14309	9876
35770	0	0	0	0	24004	44382	0	24004	14313	9691
35424	0	0	0	0	24350	44595	0	24350	14543	9807
35561	0	0	0	0	24213	44640	0	24213	14562	9651
35416	0	0	0	0	24358	44485	0	24358	14290	10068
35324	0	0	0	0	24450	44439	0	24450	14338	10112
34999	0	0	0	0	24775	44396	0	24775	14300	10475
35011	0	0	0	0	24763	44680	0	24763	14549	10214
35911	0	0	0	0	23863	44499	0	23863	14312	9551
35560	0	0	0	0	24214	44619	0	24214	14548	9666
35359	0	0	0	0	24415	44446	0	24415	14337	10078
35262	0	0	0	0	24512	44624	0	24512	14497	10015
35730	0	0	0	0	24044	44621	0	24044	14568	9476
36005	0	0	0	0	23769	44597	0	23769	14522	9247
35368	0	0	0	0	24406	44618	0	24406	14549	9857
35389	0	0	0	0	24385	44408	0	24385	14317	10068
34989	0	0	0	0	24785	44603	0	24785	14557	10228
36488	0	0	0	0	23286	44628	0	23286	14585	8701
35347	0	0	0	0	24427	44616	0	24427	14526	9901
35765	0	0	0	0	24009	44344	0	24009	14278	9731
35939	0	0	0	0	23835	44647	0	23835	14530	9305
35631	0	0	0	0	24143	44622	0	24143	14522	9621
36119	0	0	0	0	23655	44431	0	23655	14333	9322
35259	0	0	0	0	24515	44647	0	24515	14519	9996
34757	0	0	0	0	25017	44618	0	25017	14552	10465
35188	0	0	0	0	24586	44616	0	24586	14554	10032
34944	0	0	0	0	24830	44589	0	24830	14537	10293
35979	0	0	0	0	23795	44684	0	23795	14529	9266
35921	0	0	0	0	23853	44409	0	23853	14322	9531
35492	0	0	0	0	24282	44454	0	24282	14308	9974
35647	0	0	0	0	24127	44607	0	24127	14527	9600
34840	0	0	0	0	24934	44619	0	24934	14534	10400
35707	0	0	0	0	24067	44640	0	24067	14543	9524
34971	0	0	0	0	24803	44616	0	24803	14523	10280
35974	0	0	0	0	23800	44630	0	23800	14531	9269
36380	0	0	0	0	23394	44629	0	23394	14564	8830
35554	0	0	0	0	24220	44421	0	24220	14287	9933
35075	0	0	0	0	24699	44619	0	24699	14553	10146
35548	0	0	0	0	24226	44614	0	24226	14503	9723
35176	0	0	0	0	24598	44625	0	24598	14529	10069
34993	0	0	0	0	24781	44614	0	24781	14538	10243
35610	0	0	0	0	24164	44376	0	24164	14284	9880
35657	0	0	0	0	24117	44592	0	24117	14390	9727
35907	0	0	0	0	23867	44625	0	23867	14548	9319
35636	0	0	0	0	24138	44745	0	24138	14606	9532
35763	0	0	0	0	24011	44635	0	24011	14536	9475
35372	0	0	0	0	24402	44648	0	24402	14530	9872
36055	0	0	0	0	23719	44662	0	23719	14556	9163
35683	0	0	0	0	24091	44436	0	24091	14336	9755
35283	0	0	0	0	24491	44624	0	24491	14522	9969
36558	0	0	0	0	23216	44431	0	23216	14303	8913
35006	0	0	0	0	24768	44463	0	24768	14329	10439
35095	0	0	0	0	24679	44384	0	24679	14316	10363
34986	0	0	0	0	24788	44608	0	24788	14558	10230
35171	0	0	0	0	24603	44552	0	24603	14555	10048
35710	0	0	0	0	24064	44338	0	24064	14319	9745
36071	0	0	0	0	23703	44622	0	23703	14556	9147
35760	0	0	0	0	24014	44421	0	24014	14315	9699
35438	0	0	0	0	24336	44402	0	24336	14295	10041
34858	0	0	0	0	24916	44621	0	24916	14519	10397
36642	0	0	0	0	23132	44611	0	23132	14503	8629
35507	0	0	0	0	24267	44534	0	24267	14409	9858
35857	0	0	0	0	23917	44640	0	23917	14597	9320
35248	0	0	0	0	24526	44613	0	24526	14574	9952
35544	0	0	0	0	24230	44412	0	24230	14314	9916
35817	0	0	0	0	23957	44580	0	23957	14466	9491
35772	0	0	0	0	24002	44436	0	24002	14338	9664
34837	0	0	0	0	24937	44621	0	24937	14539	10398
35343	0	0	0	0	24431	44660	0	24431	14587	9844
35349	0	0	0	0	24425	44639	0	24425	14507	9918
35132	0	0	0	0	24642	44458	0	24642	14331	10311
35896	0	0	0	0	23878	44434	0	23878	14287	9591
35063	0	0	0	0	24711	44423	0	24711	14315	10396
35510	0	0	0	0	24264	44615	0	24264	14536	9728
34804	0	0	0	0	24970	44588	0	24970	14522	10448
35465	0	0	0	0	24309	44640	0	24309	14579	9730
35587	0	0	0	0	24187	44764	0	24187	14607	9580
36258	0	0	0	0	23516	44416	0	23516	14336	9180
35118	0	0	0	0	24656	44623	0	24656	14550	10106
35622	0	0	0	0	24152	44626	0	24152	14532	9620
34861	0	0	0	0	24913	44612	0	24913	14588	10325
35874	0	0	0	0	23900	44400	0	23900	14320	9580
35313	0	0	0	0	24461	44602	0	24461	14524	9937
35779	0	0	0	0	23995	44590	0	23995	14511	9484
35855	0	0	0	0	23919	44436	0	23919	14343	9576
35386	0	0	0	0	24388	44365	0	24388	14325	10063
35195	0	0	0	0	24579	44405	0	24579	14280	10299
35265	0	0	0	0	24509	44612	0	24509	14556	9953
36100	0	0	0	0	23674	44643	0	23674	14582	9092
35978	0	0	0	0	23796	44652	0	23796	14557	9239
36472	0	0	0	0	23302	44654	0	23302	14520	8782
35951	0	0	0	0	23823	44470	0	23823	14346	9477
35151	0	0	0	0	24623	44696	0	24623	14593	10030
35336	0	0	0	0	24438	44618	0	24438	14529	9909
34810	0	0	0	0	24964	44622	0	24964	14525	10439
35201	0	0	0	0	24573	44678	0	24573	14530	10043
36180	0	0	0	0	23594	44630	0	23594	14523	9071
35369	0	0	0	0	24405	44409	0	24405	14361	10044
35966	0	0	0	0	23808	44435	0	23808	14298	9510
35877	0	0	0	0	23897	44645	0	23897	14553	9344
35558	0	0	0	0	24216	44456	0	24216	14359	9857
35243	0	0	0	0	24531	44642	0	24531	14607	9924
35213	0	0	0	0	24561	44670	0	24561	14536	10025
36424	0	0	0	0	23350	44633	0	23350	14552	8798
36461	0	0	0	0	23313	44427	0	23313	14322	8991
35796	0	0	0	0	23978	44477	0	23978	14268	9710
35994	0	0	0	0	23780	44416	0	23780	14322	9458
35565	0	0	0	0	24209	44470	0	24209	14359	9850
34908	0	0	0	0	24866	44598	0	24866	14518	10348
35736	0	0	0	0	24038	44597	0	24038	14530	9508
35379	0	0	0	0	24395	44614	0	24395	14552	9843
35278	0	0	0	0	24496	44446	0	24496	14302	10194
36365	0	0	0	0	23409	44440	0	23409	14283	9126
35231	0	0	0	0	24543	44443	0	24543	14358	10185
35561	0	0	0	0	24213	44622	0	24213	14521	9692
35386	0	0	0	0	24388	44638	0	24388	14572	9816
34819	0	0	0	0	24955	44573	0	24955	14367	10588
35876	0	0	0	0	23898	44638	0	23898	14543	9355
36209	0	0	0	0	23565	44407	0	23565	14295	9270
35791	0	0	0	0	23983	44642	0	23983	14565	9418
35469	0	0	0	0	24305	44497	0	24305	14381	9924
36429	0	0	0	0	23345	44395	0	23345	14285	9060
35886	0	0	0	0	23888	44370	0	23888	14319	9569
34638	0	0	0	0	25136	44746	0	25136	14620	10516
35723	0	0	0	0	24051	44638	0	24051	14550	9501
35212	0	0	0	0	24562	44637	0	24562	14542	10020
35238	0	0	0	0	24536	44619	0	24536	14541	9995
36494	0	0	0	0	23280	44626	0	23280	14547	8733
35650	0	0	0	0	24124	44458	0	24124	14329	9795
35157	0	0	0	0	24617	44557	0	24617	14483	10134
35387	0	0	0	0	24387	44439	0	24387	14311	10076
35833	0	0	0	0	23941	44542	0	23941	14356	9585
35811	0	0	0	0	23963	44622	0	23963	14477	9486
35602	0	0	0	0	24172	44554	0	24172	14511	9661
35667	0	0	0	0	24107	44626	0	24107	14558	9549
35655	0	0	0	0	24119	44609	0	24119	14571	9548
36004	0	0	0	0	23770	44684	0	23770	14511	9259
35762	0	0	0	0	24012	44380	0	24012	14261	9751
35630	0	0	0	0	24144	44647	0	24144	14547	9597
34836	0	0	0	0	24938	44638	0	24938	14529	10409
35419	0	0	0	0	24355	44628	0	24355	14496	9859
35886	0	0	0	0	23888	44610	0	23888	14545	9343
35303	0	0	0	0	24471	44618	0	24471	14516	9955
34942	0	0	0	0	24832	44619	0	24832	14512	10320
35733	0	0	0	0	24041	44606	0	24041	14555	9486
36115	0	0	0	0	23659	44390	0	23659	14332	9327
35991	0	0	0	0	23783	44519	0	23783	14382	9401
35354	0	0	0	0	24420	44385	0	24420	14323	10097
35832	0	0	0	0	23942	44595	0	23942	14540	9402
34972	0	0	0	0	24802	44424	0	24802	14315	10487
35111	0	0	0	0	24663	44763	0	24663	14634	10029
34938	0	0	0	0	24836	44659	0	24836	14552	10284
36195	0	0	0	0	23579	44456	0	23579	14317	9262
35061	0	0	0	0	24713	44629	0	24713	14566	10147
34977	0	0	0	0	24797	44623	0	24797	14561	10236
35925	0	0	0	0	23849	44601	0	23849	14538	9311
35308	0	0	0	0	24466	44427	0	24466	14325	10141
35093	0	0	0	0	24681	44681	0	24681	14532	10149
35606	0	0	0	0	24168	44625	0	24168	14540	9628
35537	0	0	0	0	24237	44635	0	24237	14568	9669
35588	0	0	0	0	24186	44650	0	24186	14552	9634
35986	0	0	0	0	23788	44486	0	23788	14372	9416
35331	0	0	0	0	24443	44405	0	24443	14318	10125
35830	0	0	0	0	23944	44613	0	23944	14541	9403
35489	0	0	0	0	24285	44632	0	24285	14544	9741
35498	0	0	0	0	24276	44436	0	24276	14300	9976
36242	0	0	0	0	23532	44413	0	23532	14314	9218
35705	0	0	0	0	24069	44411	0	24069	14367	9702
35746	0	0	0	0	24028	44615	0	24028	14511	9517
35852	0	0	0	0	23922	44396	0	23922	14331	9591
35415	0	0	0	0	24359	44404	0	24359	14235	10124
36077	0	0	0	0	23697	44638	0	23697	14524	9173
35707	0	0	0	0	24067	44608	0	24067	14559	9508
35682	0	0	0	0	24092	44626	0	24092	14552	9540
35503	0	0	0	0	24271	44643	0	24271	14562	9709
35374	0	0	0	0	24400	44613	0	24400	14549	9851
35866	0	0	0	0	23908	44451	0	23908	14352	9556
35582	0	0	0	0	24192	44639	0	24192	14541	9651
35571	0	0	0	0	24203	44690	0	24203	14532	9671
35743	0	0	0	0	24031	44416	0	24031	14255	9776
35850	0	0	0	0	23924	44626	0	23924	14562	9362
35926	0	0	0	0	23848	44646	0	23848	14568	9280
35778	0	0	0	0	23996	44616	0	23996	14497	9499
35731	0	0	0	0	24043	44719	0	24043	14636	9407
34340	0	0	0	0	25434	44644	0	25434	14571	10863
35166	0	0	0	0	24608	44627	0	24608	14520	10088
35948	0	0	0	0	23826	44432	0	23826	14303	9523
35385	0	0	0	0	24389	44648	0	24389	14521	9868
35612	0	0	0	0	24162	44455	0	24162	14325	9837
35581	0	0	0	0	24193	44596	0	24193	14565	9628
35065	0	0	0	0	24709	44655	0	24709	14498	10211
35043	0	0	0	0	24731	44569	0	24731	14525	10206
35531	0	0	0	0	24243	44603	0	24243	14566	9677
35937	0	0	0	0	23837	44577	0	23837	14563	9274
35427	0	0	0	0	24347	44612	0	24347	14538	9809
35618	0	0	0	0	24156	44478	0	24156	14282	9874
35703	0	0	0	0	24071	44430	0	24071	14306	9765
35856	0	0	0	0	23918	44394	0	23918	14318	9600
35257	0	0	0	0	24517	44381	0	24517	14310	10207
35640	0	0	0	0	24134	44614	0	24134	14549	9585
36291	0	0	0	0	23483	44627	0	23483	14529	8954
36492	0	0	0	0	23282	44400	0	23282	14340	8942
35938	0	0	0	0	23836	44633	0	23836	14562	9274
35214	0	0	0	0	24560	44608	0	24560	14543	10017
35417	0	0	0	0	24357	44628	0	24357	14519	9838
35509	0	0	0	0	24265	44611	0	24265	14537	9728
35233	0	0	0	0	24541	44649	0	24541	14565	9976
35446	0	0	0	0	24328	44435	0	24328	14341	9987
35647	0	0	0	0	24127	44589	0	24127	14544	9583
35448	0	0	0	0	24326	44368	0	24326	14331	9995
35529	0	0	0	0	24245	44451	0	24245	14303	9942
35422	0	0	0	0	24352	44629	0	24352	14515	9837
35548	0	0	0	0	24226	44623	0	24226	14531	9695
34950	0	0	0	0	24824	44634	0	24824	14550	10274
35168	0	0	0	0	24606	44668	0	24606	14550	10056
36016	0	0	0	0	23758	44475	0	23758	14307	9451
35656	0	0	0	0	24118	44455	0	24118	14360	9758
35394	0	0	0	0	24380	44434	0	24380	14294	10086
36087	0	0	0	0	23687	44407	0	23687	14313	9374
36435	0	0	0	0	23339	44396	0	23339	14297	9042
35105	0	0	0	0	24669	44638	0	24669	14525	10144
35325	0	0	0	0	24449	44396	0	24449	14298	10151
35383	0	0	0	0	24391	44690	0	24391	14544	9847
35339	0	0	0	0	24435	44437	0	24435	14327	10108
35567	0	0	0	0	24207	44627	0	24207	14554	9653
35018	0	0	0	0	24756	44619	0	24756	14544	10212
35333	0	0	0	0	24441	44610	0	24441	14513	9928
35121	0	0	0	0	24653	44629	0	24653	14532	10121
36115	0	0	0	0	23659	44474	0	23659	14296	9363
35549	0	0	0	0	24225	44622	0	24225	14537	9688
34616	0	0	0	0	25158	44618	0	25158	14465	10693
35707	0	0	0	0	24067	44614	0	24067	14571	9496
34890	0	0	0	0	24884	44372	0	24884	14344	10540
35671	0	0	0	0	24103	44731	0	24103	14557	9546
36053	0	0	0	0	23721	44610	0	23721	14538	9183
36043	0	0	0	0	23731	44599	0	23731	14555	9176
36363	0	0	0	0	23411	44660	0	23411	14554	8857
35869	0	0	0	0	23905	44628	0	23905	14574	9331
35224	0	0	0	0	24550	44518	0	24550	14286	10264
36860	0	0	0	0	22914	44638	0	22914	14577	8337
36161	0	0	0	0	23613	44658	0	23613	14541	9072
36375	0	0	0	0	23399	44481	0	23399	14342	9057
35330	0	0	0	0	24444	44580	0	24444	14552	9892
