281	0	0	0	0	59493	0	0	59493	59493	0
394	0	0	0	0	59380	0	0	59380	59380	0
282	0	0	0	0	59492	0	0	59492	59492	0
277	0	0	0	0	59497	0	0	59497	59497	0
296	0	0	0	0	59478	0	0	59478	59478	0
274	0	0	0	0	59500	0	0	59500	59500	0
409	0	0	0	0	59365	0	0	59365	59365	0
276	0	0	0	0	59498	0	0	59498	59498	0
277	0	0	0	0	59497	0	0	59497	59497	0
270	0	0	0	0	59504	0	0	59504	59504	0
289	0	0	0	0	59485	0	0	59485	59485	0
283	0	0	0	0	59491	0	0	59491	59491	0
297	0	0	0	0	59477	0	0	59477	59477	0
406	0	0	0	0	59368	0	0	59368	59368	0
401	0	0	0	0	59373	0	0	59373	59373	0
279	0	0	0	0	59495	0	0	59495	59495	0
297	0	0	0	0	59477	0	0	59477	59477	0
403	0	0	0	0	59371	0	0	59371	59371	0
265	0	0	0	0	59509	0	0	59509	59509	0
276	0	0	0	0	59498	0	0	59498	59498	0
292	0	0	0	0	59482	0	0	59482	59482	0
297	0	0	0	0	59477	0	0	59477	59477	0
388	0	0	0	0	59386	0	0	59386	59386	0
268	0	0	0	0	59506	0	0	59506	59506	0
403	0	0	0	0	59371	0	0	59371	59371	0
305	0	0	0	0	59469	0	0	59469	59469	0
279	0	0	0	0	59495	0	0	59495	59495	0
313	0	0	0	0	59461	0	0	59461	59461	0
302	0	0	0	0	59472	0	0	59472	59472	0
287	0	0	0	0	59487	0	0	59487	59487	0
281	0	0	0	0	59493	0	0	59493	59493	0
292	0	0	0	0	59482	0	0	59482	59482	0
418	0	0	0	0	59356	0	0	59356	59356	0
288	0	0	0	0	59486	0	0	59486	59486	0
280	0	0	0	0	59494	0	0	59494	59494	0
280	0	0	0	0	59494	0	0	59494	59494	0
290	0	0	0	0	59484	0	0	59484	59484	0
293	0	0	0	0	59481	0	0	59481	59481	0
282	0	0	0	0	59492	0	0	59492	59492	0
265	0	0	0	0	59509	0	0	59509	59509	0
296	0	0	0	0	59478	0	0	59478	59478	0
300	0	0	0	0	59474	0	0	59474	59474	0
411	0	0	0	0	59363	0	0	59363	59363	0
280	0	0	0	0	59494	0	0	59494	59494	0
419	0	0	0	0	59355	0	0	59355	59355	0
413	0	0	0	0	59361	0	0	59361	59361	0
288	0	0	0	0	59486	0	0	59486	59486	0
281	0	0	0	0	59493	0	0	59493	59493	0
285	0	0	0	0	59489	0	0	59489	59489	0
281	0	0	0	0	59493	0	0	59493	59493	0
310	0	0	0	0	59464	0	0	59464	59464	0
393	0	0	0	0	59381	0	0	59381	59381	0
294	0	0	0	0	59480	0	0	59480	59480	0
281	0	0	0	0	59493	0	0	59493	59493	0
402	0	0	0	0	59372	0	0	59372	59372	0
303	0	0	0	0	59471	0	0	59471	59471	0
280	0	0	0	0	59494	0	0	59494	59494	0
282	0	0	0	0	59492	0	0	59492	59492	0
279	0	0	0	0	59495	0	0	59495	59495	0
281	0	0	0	0	59493	0	0	59493	59493	0
283	0	0	0	0	59491	0	0	59491	59491	0
294	0	0	0	0	59480	0	0	59480	59480	0
278	0	0	0	0	59496	0	0	59496	59496	0
371	0	0	0	0	59403	0	0	59403	59403	0
374	0	0	0	0	59400	0	0	59400	59400	0
327	0	0	0	0	59447	0	0	59447	59447	0
265	0	0	0	0	59509	0	0	59509	59509	0
315	0	0	0	0	59459	0	0	59459	59459	0
304	0	0	0	0	59470	0	0	59470	59470	0
272	0	0	0	0	59502	0	0	59502	59502	0
260	0	0	0	0	59514	0	0	59514	59514	0
285	0	0	0	0	59489	0	0	59489	59489	0
335	0	0	0	0	59439	0	0	59439	59439	0
291	0	0	0	0	59483	0	0	59483	59483	0
271	0	0	0	0	59503	0	0	59503	59503	0
377	0	0	0	0	59397	0	0	59397	59397	0
279	0	0	0	0	59495	0	0	59495	59495	0
404	0	0	0	0	59370	0	0	59370	59370	0
288	0	0	0	0	59486	0	0	59486	59486	0
378	0	0	0	0	59396	0	0	59396	59396	0
255	0	0	0	0	59519	0	0	59519	59519	0
299	0	0	0	0	59475	0	0	59475	59475	0
295	0	0	0	0	59479	0	0	59479	59479	0
284	0	0	0	0	59490	0	0	59490	59490	0
276	0	0	0	0	59498	0	0	59498	59498	0
275	0	0	0	0	59499	0	0	59499	59499	0
272	0	0	0	0	59502	0	0	59502	59502	0
309	0	0	0	0	59465	0	0	59465	59465	0
392	0	0	0	0	59382	0	0	59382	59382	0
287	0	0	0	0	59487	0	0	59487	59487	0
316	0	0	0	0	59458	0	0	59458	59458	0
380	0	0	0	0	59394	0	0	59394	59394	0
296	0	0	0	0	59478	0	0	59478	59478	0
282	0	0	0	0	59492	0	0	59492	59492	0
281	0	0	0	0	59493	0	0	59493	59493	0
268	0	0	0	0	59506	0	0	59506	59506	0
291	0	0	0	0	59483	0	0	59483	59483	0
298	0	0	0	0	59476	0	0	59476	59476	0
309	0	0	0	0	59465	0	0	59465	59465	0
285	0	0	0	0	59489	0	0	59489	59489	0
278	0	0	0	0	59496	0	0	59496	59496	0
396	0	0	0	0	59378	0	0	59378	59378	0
285	0	0	0	0	59489	0	0	59489	59489	0
305	0	0	0	0	59469	0	0	59469	59469	0
406	0	0	0	0	59368	0	0	59368	59368	0
314	0	0	0	0	59460	0	0	59460	59460	0
288	0	0	0	0	59486	0	0	59486	59486	0
401	0	0	0	0	59373	0	0	59373	59373	0
282	0	0	0	0	59492	0	0	59492	59492	0
393	0	0	0	0	59381	0	0	59381	59381	0
267	0	0	0	0	59507	0	0	59507	59507	0
413	0	0	0	0	59361	0	0	59361	59361	0
267	0	0	0	0	59507	0	0	59507	59507	0
275	0	0	0	0	59499	0	0	59499	59499	0
313	0	0	0	0	59461	0	0	59461	59461	0
284	0	0	0	0	59490	0	0	59490	59490	0
366	0	0	0	0	59408	0	0	59408	59408	0
380	0	0	0	0	59394	0	0	59394	59394	0
406	0	0	0	0	59368	0	0	59368	59368	0
264	0	0	0	0	59510	0	0	59510	59510	0
301	0	0	0	0	59473	0	0	59473	59473	0
324	0	0	0	0	59450	0	0	59450	59450	0
300	0	0	0	0	59474	0	0	59474	59474	0
373	0	0	0	0	59401	0	0	59401	59401	0
395	0	0	0	0	59379	0	0	59379	59379	0
291	0	0	0	0	59483	0	0	59483	59483	0
270	0	0	0	0	59504	0	0	59504	59504	0
297	0	0	0	0	59477	0	0	59477	59477	0
266	0	0	0	0	59508	0	0	59508	59508	0
306	0	0	0	0	59468	0	0	59468	59468	0
285	0	0	0	0	59489	0	0	59489	59489	0
257	0	0	0	0	59517	0	0	59517	59517	0
274	0	0	0	0	59500	0	0	59500	59500	0
275	0	0	0	0	59499	0	0	59499	59499	0
295	0	0	0	0	59479	0	0	59479	59479	0
282	0	0	0	0	59492	0	0	59492	59492	0
312	0	0	0	0	59462	0	0	59462	59462	0
306	0	0	0	0	59468	0	0	59468	59468	0
319	0	0	0	0	59455	0	0	59455	59455	0
287	0	0	0	0	59487	0	0	59487	59487	0
320	0	0	0	0	59454	0	0	59454	59454	0
284	0	0	0	0	59490	0	0	59490	59490	0
285	0	0	0	0	59489	0	0	59489	59489	0
384	0	0	0	0	59390	0	0	59390	59390	0
295	0	0	0	0	59479	0	0	59479	59479	0
311	0	0	0	0	59463	0	0	59463	59463	0
413	0	0	0	0	59361	0	0	59361	59361	0
309	0	0	0	0	59465	0	0	59465	59465	0
319	0	0	0	0	59455	0	0	59455	59455	0
369	0	0	0	0	59405	0	0	59405	59405	0
299	0	0	0	0	59475	0	0	59475	59475	0
284	0	0	0	0	59490	0	0	59490	59490	0
301	0	0	0	0	59473	0	0	59473	59473	0
298	0	0	0	0	59476	0	0	59476	59476	0
284	0	0	0	0	59490	0	0	59490	59490	0
400	0	0	0	0	59374	0	0	59374	59374	0
286	0	0	0	0	59488	0	0	59488	59488	0
290	0	0	0	0	59484	0	0	59484	59484	0
300	0	0	0	0	59474	0	0	59474	59474	0
308	0	0	0	0	59466	0	0	59466	59466	0
360	0	0	0	0	59414	0	0	59414	59414	0
409	0	0	0	0	59365	0	0	59365	59365	0
295	0	0	0	0	59479	0	0	59479	59479	0
280	0	0	0	0	59494	0	0	59494	59494	0
415	0	0	0	0	59359	0	0	59359	59359	0
293	0	0	0	0	59481	0	0	59481	59481	0
294	0	0	0	0	59480	0	0	59480	59480	0
267	0	0	0	0	59507	0	0	59507	59507	0
398	0	0	0	0	59376	0	0	59376	59376	0
305	0	0	0	0	59469	0	0	59469	59469	0
370	0	0	0	0	59404	0	0	59404	59404	0
370	0	0	0	0	59404	0	0	59404	59404	0
291	0	0	0	0	59483	0	0	59483	59483	0
289	0	0	0	0	59485	0	0	59485	59485	0
395	0	0	0	0	59379	0	0	59379	59379	0
262	0	0	0	0	59512	0	0	59512	59512	0
300	0	0	0	0	59474	0	0	59474	59474	0
279	0	0	0	0	59495	0	0	59495	59495	0
279	0	0	0	0	59495	0	0	59495	59495	0
414	0	0	0	0	59360	0	0	59360	59360	0
298	0	0	0	0	59476	0	0	59476	59476	0
277	0	0	0	0	59497	0	0	59497	59497	0
398	0	0	0	0	59376	0	0	59376	59376	0
392	0	0	0	0	59382	0	0	59382	59382	0
274	0	0	0	0	59500	0	0	59500	59500	0
406	0	0	0	0	59368	0	0	59368	59368	0
285	0	0	0	0	59489	0	0	59489	59489	0
292	0	0	0	0	59482	0	0	59482	59482	0
266	0	0	0	0	59508	0	0	59508	59508	0
289	0	0	0	0	59485	0	0	59485	59485	0
308	0	0	0	0	59466	0	0	59466	59466	0
306	0	0	0	0	59468	0	0	59468	59468	0
394	0	0	0	0	59380	0	0	59380	59380	0
301	0	0	0	0	59473	0	0	59473	59473	0
300	0	0	0	0	59474	0	0	59474	59474	0
285	0	0	0	0	59489	0	0	59489	59489	0
384	0	0	0	0	59390	0	0	59390	59390	0
300	0	0	0	0	59474	0	0	59474	59474	0
272	0	0	0	0	59502	0	0	59502	59502	0
297	0	0	0	0	59477	0	0	59477	59477	0
283	0	0	0	0	59491	0	0	59491	59491	0
278	0	0	0	0	59496	0	0	59496	59496	0
288	0	0	0	0	59486	0	0	59486	59486	0
286	0	0	0	0	59488	0	0	59488	59488	0
284	0	0	0	0	59490	0	0	59490	59490	0
293	0	0	0	0	59481	0	0	59481	59481	0
288	0	0	0	0	59486	0	0	59486	59486	0
293	0	0	0	0	59481	0	0	59481	59481	0
290	0	0	0	0	59484	0	0	59484	59484	0
267	0	0	0	0	59507	0	0	59507	59507	0
297	0	0	0	0	59477	0	0	59477	59477	0
387	0	0	0	0	59387	0	0	59387	59387	0
294	0	0	0	0	59480	0	0	59480	59480	0
369	0	0	0	0	59405	0	0	59405	59405	0
278	0	0	0	0	59496	0	0	59496	59496	0
291	0	0	0	0	59483	0	0	59483	59483	0
283	0	0	0	0	59491	0	0	59491	59491	0
399	0	0	0	0	59375	0	0	59375	59375	0
293	0	0	0	0	59481	0	0	59481	59481	0
382	0	0	0	0	59392	0	0	59392	59392	0
303	0	0	0	0	59471	0	0	59471	59471	0
385	0	0	0	0	59389	0	0	59389	59389	0
294	0	0	0	0	59480	0	0	59480	59480	0
259	0	0	0	0	59515	0	0	59515	59515	0
293	0	0	0	0	59481	0	0	59481	59481	0
291	0	0	0	0	59483	0	0	59483	59483	0
283	0	0	0	0	59491	0	0	59491	59491	0
264	0	0	0	0	59510	0	0	59510	59510	0
380	0	0	0	0	59394	0	0	59394	59394	0
306	0	0	0	0	59468	0	0	59468	59468	0
296	0	0	0	0	59478	0	0	59478	59478	0
275	0	0	0	0	59499	0	0	59499	59499	0
297	0	0	0	0	59477	0	0	59477	59477	0
292	0	0	0	0	59482	0	0	59482	59482	0
302	0	0	0	0	59472	0	0	59472	59472	0
275	0	0	0	0	59499	0	0	59499	59499	0
277	0	0	0	0	59497	0	0	59497	59497	0
397	0	0	0	0	59377	0	0	59377	59377	0
297	0	0	0	0	59477	0	0	59477	59477	0
307	0	0	0	0	59467	0	0	59467	59467	0
292	0	0	0	0	59482	0	0	59482	59482	0
286	0	0	0	0	59488	0	0	59488	59488	0
310	0	0	0	0	59464	0	0	59464	59464	0
263	0	0	0	0	59511	0	0	59511	59511	0
291	0	0	0	0	59483	0	0	59483	59483	0
389	0	0	0	0	59385	0	0	59385	59385	0
320	0	0	0	0	59454	0	0	59454	59454	0
277	0	0	0	0	59497	0	0	59497	59497	0
271	0	0	0	0	59503	0	0	59503	59503	0
291	0	0	0	0	59483	0	0	59483	59483	0
286	0	0	0	0	59488	0	0	59488	59488	0
278	0	0	0	0	59496	0	0	59496	59496	0
288	0	0	0	0	59486	0	0	59486	59486	0
288	0	0	0	0	59486	0	0	59486	59486	0
306	0	0	0	0	59468	0	0	59468	59468	0
293	0	0	0	0	59481	0	0	59481	59481	0
315	0	0	0	0	59459	0	0	59459	59459	0
283	0	0	0	0	59491	0	0	59491	59491	0
387	0	0	0	0	59387	0	0	59387	59387	0
271	0	0	0	0	59503	0	0	59503	59503	0
287	0	0	0	0	59487	0	0	59487	59487	0
401	0	0	0	0	59373	0	0	59373	59373	0
305	0	0	0	0	59469	0	0	59469	59469	0
295	0	0	0	0	59479	0	0	59479	59479	0
285	0	0	0	0	59489	0	0	59489	59489	0
415	0	0	0	0	59359	0	0	59359	59359	0
297	0	0	0	0	59477	0	0	59477	59477	0
298	0	0	0	0	59476	0	0	59476	59476	0
297	0	0	0	0	59477	0	0	59477	59477	0
295	0	0	0	0	59479	0	0	59479	59479	0
402	0	0	0	0	59372	0	0	59372	59372	0
276	0	0	0	0	59498	0	0	59498	59498	0
408	0	0	0	0	59366	0	0	59366	59366	0
405	0	0	0	0	59369	0	0	59369	59369	0
316	0	0	0	0	59458	0	0	59458	59458	0
301	0	0	0	0	59473	0	0	59473	59473	0
300	0	0	0	0	59474	0	0	59474	59474	0
254	0	0	0	0	59520	0	0	59520	59520	0
287	0	0	0	0	59487	0	0	59487	59487	0
310	0	0	0	0	59464	0	0	59464	59464	0
277	0	0	0	0	59497	0	0	59497	59497	0
288	0	0	0	0	59486	0	0	59486	59486	0
309	0	0	0	0	59465	0	0	59465	59465	0
278	0	0	0	0	59496	0	0	59496	59496	0
277	0	0	0	0	59497	0	0	59497	59497	0
386	0	0	0	0	59388	0	0	59388	59388	0
411	0	0	0	0	59363	0	0	59363	59363	0
387	0	0	0	0	59387	0	0	59387	59387	0
278	0	0	0	0	59496	0	0	59496	59496	0
259	0	0	0	0	59515	0	0	59515	59515	0
280	0	0	0	0	59494	0	0	59494	59494	0
265	0	0	0	0	59509	0	0	59509	59509	0
284	0	0	0	0	59490	0	0	59490	59490	0
324	0	0	0	0	59450	0	0	59450	59450	0
312	0	0	0	0	59462	0	0	59462	59462	0
282	0	0	0	0	59492	0	0	59492	59492	0
409	0	0	0	0	59365	0	0	59365	59365	0
276	0	0	0	0	59498	0	0	59498	59498	0
275	0	0	0	0	59499	0	0	59499	59499	0
393	0	0	0	0	59381	0	0	59381	59381	0
283	0	0	0	0	59491	0	0	59491	59491	0
285	0	0	0	0	59489	0	0	59489	59489	0
287	0	0	0	0	59487	0	0	59487	59487	0
393	0	0	0	0	59381	0	0	59381	59381	0
410	0	0	0	0	59364	0	0	59364	59364	0
289	0	0	0	0	59485	0	0	59485	59485	0
296	0	0	0	0	59478	0	0	59478	59478	0
285	0	0	0	0	59489	0	0	59489	59489	0
300	0	0	0	0	59474	0	0	59474	59474	0
299	0	0	0	0	59475	0	0	59475	59475	0
293	0	0	0	0	59481	0	0	59481	59481	0
283	0	0	0	0	59491	0	0	59491	59491	0
283	0	0	0	0	59491	0	0	59491	59491	0
400	0	0	0	0	59374	0	0	59374	59374	0
268	0	0	0	0	59506	0	0	59506	59506	0
401	0	0	0	0	59373	0	0	59373	59373	0
278	0	0	0	0	59496	0	0	59496	59496	0
291	0	0	0	0	59483	0	0	59483	59483	0
284	0	0	0	0	59490	0	0	59490	59490	0
312	0	0	0	0	59462	0	0	59462	59462	0
324	0	0	0	0	59450	0	0	59450	59450	0
284	0	0	0	0	59490	0	0	59490	59490	0
419	0	0	0	0	59355	0	0	59355	59355	0
391	0	0	0	0	59383	0	0	59383	59383	0
388	0	0	0	0	59386	0	0	59386	59386	0
301	0	0	0	0	59473	0	0	59473	59473	0
317	0	0	0	0	59457	0	0	59457	59457	0
275	0	0	0	0	59499	0	0	59499	59499	0
408	0	0	0	0	59366	0	0	59366	59366	0
255	0	0	0	0	59519	0	0	59519	59519	0
404	0	0	0	0	59370	0	0	59370	59370	0
387	0	0	0	0	59387	0	0	59387	59387	0
275	0	0	0	0	59499	0	0	59499	59499	0
382	0	0	0	0	59392	0	0	59392	59392	0
304	0	0	0	0	59470	0	0	59470	59470	0
305	0	0	0	0	59469	0	0	59469	59469	0
393	0	0	0	0	59381	0	0	59381	59381	0
394	0	0	0	0	59380	0	0	59380	59380	0
286	0	0	0	0	59488	0	0	59488	59488	0
402	0	0	0	0	59372	0	0	59372	59372	0
272	0	0	0	0	59502	0	0	59502	59502	0
285	0	0	0	0	59489	0	0	59489	59489	0
277	0	0	0	0	59497	0	0	59497	59497	0
406	0	0	0	0	59368	0	0	59368	59368	0
255	0	0	0	0	59519	0	0	59519	59519	0
286	0	0	0	0	59488	0	0	59488	59488	0
313	0	0	0	0	59461	0	0	59461	59461	0
307	0	0	0	0	59467	0	0	59467	59467	0
300	0	0	0	0	59474	0	0	59474	59474	0
296	0	0	0	0	59478	0	0	59478	59478	0
286	0	0	0	0	59488	0	0	59488	59488	0
389	0	0	0	0	59385	0	0	59385	59385	0
294	0	0	0	0	59480	0	0	59480	59480	0
386	0	0	0	0	59388	0	0	59388	59388	0
302	0	0	0	0	59472	0	0	59472	59472	0
297	0	0	0	0	59477	0	0	59477	59477	0
384	0	0	0	0	59390	0	0	59390	59390	0
291	0	0	0	0	59483	0	0	59483	59483	0
272	0	0	0	0	59502	0	0	59502	59502	0
275	0	0	0	0	59499	0	0	59499	59499	0
382	0	0	0	0	59392	0	0	59392	59392	0
402	0	0	0	0	59372	0	0	59372	59372	0
301	0	0	0	0	59473	0	0	59473	59473	0
295	0	0	0	0	59479	0	0	59479	59479	0
284	0	0	0	0	59490	0	0	59490	59490	0
408	0	0	0	0	59366	0	0	59366	59366	0
313	0	0	0	0	59461	0	0	59461	59461	0
310	0	0	0	0	59464	0	0	59464	59464	0
292	0	0	0	0	59482	0	0	59482	59482	0
281	0	0	0	0	59493	0	0	59493	59493	0
403	0	0	0	0	59371	0	0	59371	59371	0
390	0	0	0	0	59384	0	0	59384	59384	0
387	0	0	0	0	59387	0	0	59387	59387	0
286	0	0	0	0	59488	0	0	59488	59488	0
281	0	0	0	0	59493	0	0	59493	59493	0
294	0	0	0	0	59480	0	0	59480	59480	0
284	0	0	0	0	59490	0	0	59490	59490	0
274	0	0	0	0	59500	0	0	59500	59500	0
278	0	0	0	0	59496	0	0	59496	59496	0
262	0	0	0	0	59512	0	0	59512	59512	0
300	0	0	0	0	59474	0	0	59474	59474	0
391	0	0	0	0	59383	0	0	59383	59383	0
414	0	0	0	0	59360	0	0	59360	59360	0
269	0	0	0	0	59505	0	0	59505	59505	0
389	0	0	0	0	59385	0	0	59385	59385	0
387	0	0	0	0	59387	0	0	59387	59387	0
274	0	0	0	0	59500	0	0	59500	59500	0
369	0	0	0	0	59405	0	0	59405	59405	0
265	0	0	0	0	59509	0	0	59509	59509	0
278	0	0	0	0	59496	0	0	59496	59496	0
297	0	0	0	0	59477	0	0	59477	59477	0
384	0	0	0	0	59390	0	0	59390	59390	0
270	0	0	0	0	59504	0	0	59504	59504	0
289	0	0	0	0	59485	0	0	59485	59485	0
273	0	0	0	0	59501	0	0	59501	59501	0
292	0	0	0	0	59482	0	0	59482	59482	0
290	0	0	0	0	59484	0	0	59484	59484	0
286	0	0	0	0	59488	0	0	59488	59488	0
281	0	0	0	0	59493	0	0	59493	59493	0
280	0	0	0	0	59494	0	0	59494	59494	0
299	0	0	0	0	59475	0	0	59475	59475	0
387	0	0	0	0	59387	0	0	59387	59387	0
288	0	0	0	0	59486	0	0	59486	59486	0
266	0	0	0	0	59508	0	0	59508	59508	0
282	0	0	0	0	59492	0	0	59492	59492	0
309	0	0	0	0	59465	0	0	59465	59465	0
263	0	0	0	0	59511	0	0	59511	59511	0
398	0	0	0	0	59376	0	0	59376	59376	0
282	0	0	0	0	59492	0	0	59492	59492	0
267	0	0	0	0	59507	0	0	59507	59507	0
275	0	0	0	0	59499	0	0	59499	59499	0
278	0	0	0	0	59496	0	0	59496	59496	0
275	0	0	0	0	59499	0	0	59499	59499	0
326	0	0	0	0	59448	0	0	59448	59448	0
305	0	0	0	0	59469	0	0	59469	59469	0
292	0	0	0	0	59482	0	0	59482	59482	0
412	0	0	0	0	59362	0	0	59362	59362	0
396	0	0	0	0	59378	0	0	59378	59378	0
279	0	0	0	0	59495	0	0	59495	59495	0
272	0	0	0	0	59502	0	0	59502	59502	0
305	0	0	0	0	59469	0	0	59469	59469	0
274	0	0	0	0	59500	0	0	59500	59500	0
277	0	0	0	0	59497	0	0	59497	59497	0
417	0	0	0	0	59357	0	0	59357	59357	0
286	0	0	0	0	59488	0	0	59488	59488	0
377	0	0	0	0	59397	0	0	59397	59397	0
285	0	0	0	0	59489	0	0	59489	59489	0
391	0	0	0	0	59383	0	0	59383	59383	0
269	0	0	0	0	59505	0	0	59505	59505	0
279	0	0	0	0	59495	0	0	59495	59495	0
261	0	0	0	0	59513	0	0	59513	59513	0
296	0	0	0	0	59478	0	0	59478	59478	0
403	0	0	0	0	59371	0	0	59371	59371	0
293	0	0	0	0	59481	0	0	59481	59481	0
283	0	0	0	0	59491	0	0	59491	59491	0
300	0	0	0	0	59474	0	0	59474	59474	0
263	0	0	0	0	59511	0	0	59511	59511	0
408	0	0	0	0	59366	0	0	59366	59366	0
292	0	0	0	0	59482	0	0	59482	59482	0
296	0	0	0	0	59478	0	0	59478	59478	0
306	0	0	0	0	59468	0	0	59468	59468	0
394	0	0	0	0	59380	0	0	59380	59380	0
414	0	0	0	0	59360	0	0	59360	59360	0
282	0	0	0	0	59492	0	0	59492	59492	0
394	0	0	0	0	59380	0	0	59380	59380	0
393	0	0	0	0	59381	0	0	59381	59381	0
286	0	0	0	0	59488	0	0	59488	59488	0
389	0	0	0	0	59385	0	0	59385	59385	0
412	0	0	0	0	59362	0	0	59362	59362	0
301	0	0	0	0	59473	0	0	59473	59473	0
304	0	0	0	0	59470	0	0	59470	59470	0
273	0	0	0	0	59501	0	0	59501	59501	0
289	0	0	0	0	59485	0	0	59485	59485	0
276	0	0	0	0	59498	0	0	59498	59498	0
273	0	0	0	0	59501	0	0	59501	59501	0
282	0	0	0	0	59492	0	0	59492	59492	0
410	0	0	0	0	59364	0	0	59364	59364	0
295	0	0	0	0	59479	0	0	59479	59479	0
332	0	0	0	0	59442	0	0	59442	59442	0
283	0	0	0	0	59491	0	0	59491	59491	0
321	0	0	0	0	59453	0	0	59453	59453	0
275	0	0	0	0	59499	0	0	59499	59499	0
277	0	0	0	0	59497	0	0	59497	59497	0
398	0	0	0	0	59376	0	0	59376	59376	0
258	0	0	0	0	59516	0	0	59516	59516	0
267	0	0	0	0	59507	0	0	59507	59507	0
288	0	0	0	0	59486	0	0	59486	59486	0
272	0	0	0	0	59502	0	0	59502	59502	0
273	0	0	0	0	59501	0	0	59501	59501	0
280	0	0	0	0	59494	0	0	59494	59494	0
280	0	0	0	0	59494	0	0	59494	59494	0
303	0	0	0	0	59471	0	0	59471	59471	0
306	0	0	0	0	59468	0	0	59468	59468	0
284	0	0	0	0	59490	0	0	59490	59490	0
269	0	0	0	0	59505	0	0	59505	59505	0
286	0	0	0	0	59488	0	0	59488	59488	0
373	0	0	0	0	59401	0	0	59401	59401	0
290	0	0	0	0	59484	0	0	59484	59484	0
263	0	0	0	0	59511	0	0	59511	59511	0
274	0	0	0	0	59500	0	0	59500	59500	0
307	0	0	0	0	59467	0	0	59467	59467	0
413	0	0	0	0	59361	0	0	59361	59361	0
297	0	0	0	0	59477	0	0	59477	59477	0
394	0	0	0	0	59380	0	0	59380	59380	0
283	0	0	0	0	59491	0	0	59491	59491	0
393	0	0	0	0	59381	0	0	59381	59381	0
286	0	0	0	0	59488	0	0	59488	59488	0
403	0	0	0	0	59371	0	0	59371	59371	0
388	0	0	0	0	59386	0	0	59386	59386	0
298	0	0	0	0	59476	0	0	59476	59476	0
291	0	0	0	0	59483	0	0	59483	59483	0
307	0	0	0	0	59467	0	0	59467	59467	0
303	0	0	0	0	59471	0	0	59471	59471	0
275	0	0	0	0	59499	0	0	59499	59499	0
378	0	0	0	0	59396	0	0	59396	59396	0
300	0	0	0	0	59474	0	0	59474	59474	0
311	0	0	0	0	59463	0	0	59463	59463	0
306	0	0	0	0	59468	0	0	59468	59468	0
397	0	0	0	0	59377	0	0	59377	59377	0
281	0	0	0	0	59493	0	0	59493	59493	0
