15564	0	0	0	0	44210	58154	0	44210	3	44207
14607	0	0	0	0	45167	58951	0	45167	3	45164
15098	0	0	0	0	44676	59348	0	44676	3	44673
14943	0	0	0	0	44831	58977	0	44831	3	44828
14590	0	0	0	0	45184	58235	0	45184	3	45181
15592	0	0	0	0	44182	59192	0	44182	3	44179
14608	0	0	0	0	45166	59190	0	45166	3	45163
14787	0	0	0	0	44987	58858	0	44987	3	44984
14648	0	0	0	0	45126	58180	0	45126	3	45123
14688	0	0	0	0	45086	58756	0	45086	3	45083
15530	0	0	0	0	44244	59043	0	44244	3	44241
15122	0	0	0	0	44652	58864	0	44652	3	44649
14250	0	0	0	0	45524	58885	0	45524	3	45521
14695	0	0	0	0	45079	59214	0	45079	3	45076
15174	0	0	0	0	44600	58912	0	44600	3	44597
14944	0	0	0	0	44830	58001	0	44830	3	44827
15215	0	0	0	0	44559	58099	0	44559	3	44556
14988	0	0	0	0	44786	58892	0	44786	3	44783
16393	0	0	0	0	43381	59061	0	43381	3	43378
15302	0	0	0	0	44472	58063	0	44472	3	44469
15173	0	0	0	0	44601	58988	0	44601	3	44598
15557	0	0	0	0	44217	59204	0	44217	3	44214
14679	0	0	0	0	45095	58060	0	45095	3	45092
14672	0	0	0	0	45102	59116	0	45102	3	45099
14377	0	0	0	0	45397	58933	0	45397	3	45394
15490	0	0	0	0	44284	58895	0	44284	3	44281
15428	0	0	0	0	44346	58981	0	44346	3	44343
13834	0	0	0	0	45940	58929	0	45940	3	45937
14729	0	0	0	0	45045	58989	0	45045	3	45042
14232	0	0	0	0	45542	58000	0	45542	3	45539
14457	0	0	0	0	45317	58943	0	45317	3	45314
14041	0	0	0	0	45733	59203	0	45733	3	45730
14913	0	0	0	0	44861	58898	0	44861	3	44858
16179	0	0	0	0	43595	59101	0	43595	3	43592
15230	0	0	0	0	44544	58888	0	44544	3	44541
14246	0	0	0	0	45528	58957	0	45528	3	45525
15153	0	0	0	0	44621	59267	0	44621	3	44618
13749	0	0	0	0	46025	58036	0	46025	3	46022
14459	0	0	0	0	45315	58879	0	45315	3	45312
15028	0	0	0	0	44746	58859	0	44746	3	44743
14904	0	0	0	0	44870	58168	0	44870	3	44867
15292	0	0	0	0	44482	58820	0	44482	3	44479
14538	0	0	0	0	45236	58973	0	45236	3	45233
15079	0	0	0	0	44695	58926	0	44695	3	44692
14140	0	0	0	0	45634	58882	0	45634	3	45631
14887	0	0	0	0	44887	58869	0	44887	3	44884
15045	0	0	0	0	44729	59037	0	44729	3	44726
15488	0	0	0	0	44286	58826	0	44286	3	44283
15106	0	0	0	0	44668	58884	0	44668	3	44665
14999	0	0	0	0	44775	58912	0	44775	3	44772
12991	0	0	0	0	46783	58874	0	46783	3	46780
13763	0	0	0	0	46011	58943	0	46011	3	46008
15540	0	0	0	0	44234	59121	0	44234	3	44231
14137	0	0	0	0	45637	58936	0	45637	3	45634
15218	0	0	0	0	44556	59226	0	44556	3	44553
14337	0	0	0	0	45437	58944	0	45437	3	45434
13485	0	0	0	0	46289	58981	0	46289	3	46286
15394	0	0	0	0	44380	58786	0	44380	3	44377
15841	0	0	0	0	43933	58228	0	43933	3	43930
14749	0	0	0	0	45025	59224	0	45025	3	45022
13855	0	0	0	0	45919	58069	0	45919	3	45916
13959	0	0	0	0	45815	59035	0	45815	3	45812
14211	0	0	0	0	45563	58290	0	45563	3	45560
14299	0	0	0	0	45475	59392	0	45475	3	45472
15153	0	0	0	0	44621	58761	0	44621	4	44617
13896	0	0	0	0	45878	58801	0	45878	3	45875
16042	0	0	0	0	43732	58730	0	43732	3	43729
13904	0	0	0	0	45870	58774	0	45870	3	45867
14791	0	0	0	0	44983	58938	0	44983	3	44980
13803	0	0	0	0	45971	58931	0	45971	3	45968
14057	0	0	0	0	45717	59119	0	45717	3	45714
13807	0	0	0	0	45967	58866	0	45967	3	45964
15437	0	0	0	0	44337	58947	0	44337	3	44334
15207	0	0	0	0	44567	58820	0	44567	3	44564
14774	0	0	0	0	45000	58361	0	45000	3	44997
14536	0	0	0	0	45238	58905	0	45238	3	45235
14894	0	0	0	0	44880	58454	0	44880	3	44877
15222	0	0	0	0	44552	59129	0	44552	3	44549
13550	0	0	0	0	46224	58997	0	46224	3	46221
15337	0	0	0	0	44437	58883	0	44437	3	44434
14273	0	0	0	0	45501	58954	0	45501	3	45498
14877	0	0	0	0	44897	58771	0	44897	3	44894
15561	0	0	0	0	44213	58074	0	44213	3	44210
15077	0	0	0	0	44697	58845	0	44697	3	44694
14437	0	0	0	0	45337	57950	0	45337	3	45334
16313	0	0	0	0	43461	58041	0	43461	3	43458
14218	0	0	0	0	45556	58994	0	45556	3	45553
15382	0	0	0	0	44392	58037	0	44392	3	44389
14761	0	0	0	0	45013	58792	0	45013	3	45010
14364	0	0	0	0	45410	58811	0	45410	3	45407
14814	0	0	0	0	44960	58099	0	44960	3	44957
15376	0	0	0	0	44398	58907	0	44398	3	44395
14330	0	0	0	0	45444	59013	0	45444	3	45441
14636	0	0	0	0	45138	58804	0	45138	3	45135
15301	0	0	0	0	44473	58002	0	44473	3	44470
15499	0	0	0	0	44275	58181	0	44275	3	44272
14879	0	0	0	0	44895	59226	0	44895	3	44892
15275	0	0	0	0	44499	59011	0	44499	3	44496
15600	0	0	0	0	44174	58147	0	44174	3	44171
15270	0	0	0	0	44504	58848	0	44504	3	44501
15659	0	0	0	0	44115	58939	0	44115	3	44112
14155	0	0	0	0	45619	58876	0	45619	3	45616
14316	0	0	0	0	45458	58933	0	45458	3	45455
14436	0	0	0	0	45338	58944	0	45338	3	45335
14882	0	0	0	0	44892	58760	0	44892	3	44889
15569	0	0	0	0	44205	58124	0	44205	3	44202
15676	0	0	0	0	44098	58123	0	44098	3	44095
14355	0	0	0	0	45419	57954	0	45419	3	45416
14000	0	0	0	0	45774	58852	0	45774	3	45771
15472	0	0	0	0	44302	58822	0	44302	3	44299
15009	0	0	0	0	44765	58881	0	44765	3	44762
13865	0	0	0	0	45909	58866	0	45909	3	45906
15094	0	0	0	0	44680	58321	0	44680	3	44677
15561	0	0	0	0	44213	58856	0	44213	3	44210
15282	0	0	0	0	44492	58118	0	44492	3	44489
14036	0	0	0	0	45738	58287	0	45738	3	45735
14950	0	0	0	0	44824	58129	0	44824	3	44821
15801	0	0	0	0	43973	58285	0	43973	3	43970
14610	0	0	0	0	45164	58832	0	45164	3	45161
14907	0	0	0	0	44867	58125	0	44867	3	44864
14120	0	0	0	0	45654	58902	0	45654	3	45651
15045	0	0	0	0	44729	58108	0	44729	3	44726
13697	0	0	0	0	46077	59145	0	46077	3	46074
13802	0	0	0	0	45972	59015	0	45972	3	45969
14560	0	0	0	0	45214	58921	0	45214	3	45211
16160	0	0	0	0	43614	59133	0	43614	3	43611
15623	0	0	0	0	44151	58060	0	44151	3	44148
14537	0	0	0	0	45237	58747	0	45237	3	45234
15393	0	0	0	0	44381	58169	0	44381	3	44378
15466	0	0	0	0	44308	59040	0	44308	3	44305
15391	0	0	0	0	44383	58754	0	44383	3	44380
14038	0	0	0	0	45736	58885	0	45736	3	45733
14930	0	0	0	0	44844	58993	0	44844	3	44841
15556	0	0	0	0	44218	57961	0	44218	3	44215
14756	0	0	0	0	45018	58817	0	45018	3	45015
15033	0	0	0	0	44741	58831	0	44741	3	44738
15375	0	0	0	0	44399	58858	0	44399	3	44396
14192	0	0	0	0	45582	58955	0	45582	3	45579
15788	0	0	0	0	43986	57979	0	43986	3	43983
15451	0	0	0	0	44323	59080	0	44323	3	44320
15044	0	0	0	0	44730	58070	0	44730	3	44727
15337	0	0	0	0	44437	59203	0	44437	3	44434
15140	0	0	0	0	44634	58465	0	44634	3	44631
13858	0	0	0	0	45916	58851	0	45916	3	45913
14831	0	0	0	0	44943	58029	0	44943	3	44940
15216	0	0	0	0	44558	59097	0	44558	3	44555
13866	0	0	0	0	45908	59149	0	45908	3	45905
15293	0	0	0	0	44481	58824	0	44481	3	44478
15483	0	0	0	0	44291	59072	0	44291	3	44288
14460	0	0	0	0	45314	58924	0	45314	3	45311
14094	0	0	0	0	45680	58048	0	45680	3	45677
14510	0	0	0	0	45264	58985	0	45264	3	45261
14532	0	0	0	0	45242	59181	0	45242	3	45239
14998	0	0	0	0	44776	58422	0	44776	3	44773
14571	0	0	0	0	45203	58905	0	45203	3	45200
15926	0	0	0	0	43848	58087	0	43848	3	43845
15262	0	0	0	0	44512	58757	0	44512	3	44509
14443	0	0	0	0	45331	58857	0	45331	3	45328
15208	0	0	0	0	44566	58427	0	44566	3	44563
14873	0	0	0	0	44901	58424	0	44901	3	44898
15209	0	0	0	0	44565	58265	0	44565	3	44562
14894	0	0	0	0	44880	58780	0	44880	3	44877
15712	0	0	0	0	44062	58002	0	44062	3	44059
14000	0	0	0	0	45774	58929	0	45774	3	45771
15082	0	0	0	0	44692	58827	0	44692	3	44689
14243	0	0	0	0	45531	59234	0	45531	3	45528
14117	0	0	0	0	45657	58854	0	45657	3	45654
13929	0	0	0	0	45845	59005	0	45845	3	45842
13821	0	0	0	0	45953	57922	0	45953	3	45950
14395	0	0	0	0	45379	58076	0	45379	3	45376
14650	0	0	0	0	45124	58901	0	45124	3	45121
14075	0	0	0	0	45699	58810	0	45699	3	45696
15192	0	0	0	0	44582	58186	0	44582	3	44579
15872	0	0	0	0	43902	58881	0	43902	3	43899
14728	0	0	0	0	45046	58981	0	45046	3	45043
15423	0	0	0	0	44351	58908	0	44351	3	44348
15161	0	0	0	0	44613	58097	0	44613	3	44610
14889	0	0	0	0	44885	59046	0	44885	3	44882
14801	0	0	0	0	44973	58970	0	44973	3	44970
15097	0	0	0	0	44677	58908	0	44677	3	44674
15327	0	0	0	0	44447	58895	0	44447	3	44444
14124	0	0	0	0	45650	59037	0	45650	3	45647
14427	0	0	0	0	45347	57991	0	45347	3	45344
14537	0	0	0	0	45237	59258	0	45237	3	45234
14307	0	0	0	0	45467	58118	0	45467	3	45464
15602	0	0	0	0	44172	58902	0	44172	3	44169
15569	0	0	0	0	44205	58157	0	44205	3	44202
16037	0	0	0	0	43737	58963	0	43737	3	43734
14832	0	0	0	0	44942	59015	0	44942	3	44939
15019	0	0	0	0	44755	58121	0	44755	3	44752
15207	0	0	0	0	44567	58829	0	44567	3	44564
15397	0	0	0	0	44377	58982	0	44377	3	44374
15203	0	0	0	0	44571	58903	0	44571	3	44568
15529	0	0	0	0	44245	57984	0	44245	3	44242
14860	0	0	0	0	44914	59112	0	44914	3	44911
15593	0	0	0	0	44181	58850	0	44181	3	44178
14977	0	0	0	0	44797	58080	0	44797	3	44794
15189	0	0	0	0	44585	58829	0	44585	3	44582
14880	0	0	0	0	44894	58091	0	44894	3	44891
14066	0	0	0	0	45708	57930	0	45708	3	45705
15806	0	0	0	0	43968	58967	0	43968	3	43965
14826	0	0	0	0	44948	58013	0	44948	3	44945
14441	0	0	0	0	45333	58840	0	45333	3	45330
16421	0	0	0	0	43353	58890	0	43353	3	43350
15253	0	0	0	0	44521	58375	0	44521	3	44518
14096	0	0	0	0	45678	59121	0	45678	3	45675
15257	0	0	0	0	44517	58957	0	44517	3	44514
13941	0	0	0	0	45833	58927	0	45833	3	45830
15359	0	0	0	0	44415	58048	0	44415	3	44412
15089	0	0	0	0	44685	58031	0	44685	3	44682
14289	0	0	0	0	45485	58769	0	45485	3	45482
13564	0	0	0	0	46210	58848	0	46210	3	46207
14352	0	0	0	0	45422	58154	0	45422	3	45419
16326	0	0	0	0	43448	58081	0	43448	3	43445
14937	0	0	0	0	44837	58921	0	44837	3	44834
15541	0	0	0	0	44233	58344	0	44233	3	44230
14888	0	0	0	0	44886	58976	0	44886	3	44883
15031	0	0	0	0	44743	58041	0	44743	3	44740
15690	0	0	0	0	44084	58070	0	44084	3	44081
14445	0	0	0	0	45329	58860	0	45329	3	45326
15168	0	0	0	0	44606	58503	0	44606	3	44603
15570	0	0	0	0	44204	58934	0	44204	3	44201
15269	0	0	0	0	44505	59140	0	44505	3	44502
14745	0	0	0	0	45029	59232	0	45029	3	45026
15679	0	0	0	0	44095	59048	0	44095	3	44092
15608	0	0	0	0	44166	58135	0	44166	3	44163
14796	0	0	0	0	44978	59041	0	44978	3	44975
14169	0	0	0	0	45605	58187	0	45605	3	45602
13784	0	0	0	0	45990	58948	0	45990	3	45987
14295	0	0	0	0	45479	58828	0	45479	3	45476
15171	0	0	0	0	44603	57939	0	44603	3	44600
15168	0	0	0	0	44606	58220	0	44606	3	44603
14573	0	0	0	0	45201	58016	0	45201	3	45198
15152	0	0	0	0	44622	59003	0	44622	3	44619
15447	0	0	0	0	44327	57984	0	44327	3	44324
14035	0	0	0	0	45739	59036	0	45739	3	45736
14051	0	0	0	0	45723	58898	0	45723	3	45720
16571	0	0	0	0	43203	57944	0	43203	3	43200
14919	0	0	0	0	44855	58859	0	44855	3	44852
13681	0	0	0	0	46093	58313	0	46093	3	46090
14925	0	0	0	0	44849	58072	0	44849	3	44846
13685	0	0	0	0	46089	59101	0	46089	3	46086
14054	0	0	0	0	45720	58914	0	45720	3	45717
14306	0	0	0	0	45468	59028	0	45468	3	45465
15659	0	0	0	0	44115	58012	0	44115	3	44112
14855	0	0	0	0	44919	58153	0	44919	3	44916
14906	0	0	0	0	44868	59115	0	44868	3	44865
14849	0	0	0	0	44925	58173	0	44925	3	44922
13936	0	0	0	0	45838	58968	0	45838	3	45835
14512	0	0	0	0	45262	58068	0	45262	3	45259
15153	0	0	0	0	44621	58883	0	44621	3	44618
15770	0	0	0	0	44004	59030	0	44004	3	44001
14741	0	0	0	0	45033	58927	0	45033	3	45030
15413	0	0	0	0	44361	59179	0	44361	3	44358
15294	0	0	0	0	44480	58772	0	44480	3	44477
14511	0	0	0	0	45263	58904	0	45263	3	45260
16389	0	0	0	0	43385	58824	0	43385	3	43382
13807	0	0	0	0	45967	59077	0	45967	3	45964
14629	0	0	0	0	45145	58913	0	45145	3	45142
16279	0	0	0	0	43495	58867	0	43495	3	43492
15153	0	0	0	0	44621	58892	0	44621	3	44618
14630	0	0	0	0	45144	58818	0	45144	3	45141
14918	0	0	0	0	44856	58942	0	44856	3	44853
16221	0	0	0	0	43553	58073	0	43553	3	43550
14864	0	0	0	0	44910	58159	0	44910	3	44907
14608	0	0	0	0	45166	59030	0	45166	3	45163
15698	0	0	0	0	44076	58058	0	44076	3	44073
15726	0	0	0	0	44048	58849	0	44048	3	44045
14630	0	0	0	0	45144	58914	0	45144	3	45141
13792	0	0	0	0	45982	58874	0	45982	3	45979
15591	0	0	0	0	44183	58805	0	44183	3	44180
13858	0	0	0	0	45916	58454	0	45916	3	45913
14374	0	0	0	0	45400	59295	0	45400	3	45397
15113	0	0	0	0	44661	59203	0	44661	3	44658
14637	0	0	0	0	45137	58038	0	45137	3	45134
13975	0	0	0	0	45799	58852	0	45799	3	45796
15634	0	0	0	0	44140	58302	0	44140	3	44137
14223	0	0	0	0	45551	59000	0	45551	3	45548
15139	0	0	0	0	44635	58873	0	44635	3	44632
15089	0	0	0	0	44685	58787	0	44685	3	44682
15598	0	0	0	0	44176	58496	0	44176	3	44173
13509	0	0	0	0	46265	59010	0	46265	3	46262
14455	0	0	0	0	45319	58151	0	45319	3	45316
15560	0	0	0	0	44214	58645	0	44214	3	44211
14098	0	0	0	0	45676	58877	0	45676	3	45673
14482	0	0	0	0	45292	58833	0	45292	3	45289
15814	0	0	0	0	43960	58093	0	43960	3	43957
16426	0	0	0	0	43348	58063	0	43348	3	43345
14525	0	0	0	0	45249	58992	0	45249	3	45246
14296	0	0	0	0	45478	58922	0	45478	3	45475
15164	0	0	0	0	44610	59016	0	44610	3	44607
14142	0	0	0	0	45632	59208	0	45632	3	45629
13916	0	0	0	0	45858	58795	0	45858	3	45855
14410	0	0	0	0	45364	58840	0	45364	3	45361
14809	0	0	0	0	44965	59051	0	44965	3	44962
14461	0	0	0	0	45313	58924	0	45313	3	45310
14978	0	0	0	0	44796	58955	0	44796	3	44793
14392	0	0	0	0	45382	58092	0	45382	3	45379
15402	0	0	0	0	44372	59092	0	44372	3	44369
13158	0	0	0	0	46616	58099	0	46616	3	46613
15222	0	0	0	0	44552	57991	0	44552	3	44549
14418	0	0	0	0	45356	58854	0	45356	3	45353
13866	0	0	0	0	45908	58867	0	45908	3	45905
15430	0	0	0	0	44344	59315	0	44344	3	44341
13796	0	0	0	0	45978	58767	0	45978	3	45975
14302	0	0	0	0	45472	59177	0	45472	3	45469
14530	0	0	0	0	45244	58873	0	45244	3	45241
14091	0	0	0	0	45683	58349	0	45683	3	45680
14473	0	0	0	0	45301	59083	0	45301	3	45298
14977	0	0	0	0	44797	58992	0	44797	3	44794
15182	0	0	0	0	44592	58114	0	44592	3	44589
14776	0	0	0	0	44998	58494	0	44998	3	44995
14405	0	0	0	0	45369	58822	0	45369	3	45366
15364	0	0	0	0	44410	58784	0	44410	3	44407
15394	0	0	0	0	44380	58042	0	44380	3	44377
15550	0	0	0	0	44224	58133	0	44224	3	44221
14276	0	0	0	0	45498	58928	0	45498	3	45495
15107	0	0	0	0	44667	58102	0	44667	3	44664
13900	0	0	0	0	45874	59083	0	45874	3	45871
14485	0	0	0	0	45289	58867	0	45289	3	45286
14384	0	0	0	0	45390	58850	0	45390	3	45387
15462	0	0	0	0	44312	57982	0	44312	3	44309
14467	0	0	0	0	45307	58133	0	45307	3	45304
14834	0	0	0	0	44940	58728	0	44940	3	44937
15123	0	0	0	0	44651	59039	0	44651	3	44648
15406	0	0	0	0	44368	58419	0	44368	3	44365
15907	0	0	0	0	43867	58084	0	43867	3	43864
14081	0	0	0	0	45693	58883	0	45693	3	45690
15220	0	0	0	0	44554	59164	0	44554	3	44551
14317	0	0	0	0	45457	59096	0	45457	3	45454
14047	0	0	0	0	45727	58832	0	45727	3	45724
14415	0	0	0	0	45359	58890	0	45359	3	45356
14844	0	0	0	0	44930	58797	0	44930	3	44927
14963	0	0	0	0	44811	59290	0	44811	3	44808
14437	0	0	0	0	45337	58751	0	45337	3	45334
14587	0	0	0	0	45187	58834	0	45187	3	45184
15007	0	0	0	0	44767	58525	0	44767	3	44764
15131	0	0	0	0	44643	58105	0	44643	3	44640
14817	0	0	0	0	44957	58806	0	44957	3	44954
15477	0	0	0	0	44297	58936	0	44297	3	44294
14497	0	0	0	0	45277	58931	0	45277	3	45274
14722	0	0	0	0	45052	58979	0	45052	3	45049
14483	0	0	0	0	45291	58818	0	45291	3	45288
14360	0	0	0	0	45414	58867	0	45414	3	45411
14938	0	0	0	0	44836	59011	0	44836	3	44833
14474	0	0	0	0	45300	58814	0	45300	3	45297
15111	0	0	0	0	44663	58906	0	44663	3	44660
14099	0	0	0	0	45675	58903	0	45675	3	45672
14054	0	0	0	0	45720	58029	0	45720	3	45717
14913	0	0	0	0	44861	58827	0	44861	3	44858
15426	0	0	0	0	44348	58960	0	44348	3	44345
15512	0	0	0	0	44262	58776	0	44262	3	44259
15209	0	0	0	0	44565	58047	0	44565	3	44562
14849	0	0	0	0	44925	58938	0	44925	3	44922
15056	0	0	0	0	44718	59120	0	44718	3	44715
14317	0	0	0	0	45457	58910	0	45457	3	45454
13986	0	0	0	0	45788	58923	0	45788	3	45785
14824	0	0	0	0	44950	58788	0	44950	3	44947
14429	0	0	0	0	45345	58865	0	45345	3	45342
14845	0	0	0	0	44929	58264	0	44929	3	44926
15508	0	0	0	0	44266	58135	0	44266	3	44263
14551	0	0	0	0	45223	58887	0	45223	3	45220
14450	0	0	0	0	45324	59185	0	45324	3	45321
14133	0	0	0	0	45641	58139	0	45641	3	45638
14915	0	0	0	0	44859	58932	0	44859	3	44856
14958	0	0	0	0	44816	58895	0	44816	3	44813
14533	0	0	0	0	45241	59110	0	45241	3	45238
15163	0	0	0	0	44611	58912	0	44611	3	44608
14802	0	0	0	0	44972	58897	0	44972	3	44969
14962	0	0	0	0	44812	58045	0	44812	3	44809
15257	0	0	0	0	44517	58975	0	44517	3	44514
13982	0	0	0	0	45792	58876	0	45792	3	45789
14254	0	0	0	0	45520	58860	0	45520	3	45517
14221	0	0	0	0	45553	58821	0	45553	3	45550
14470	0	0	0	0	45304	59240	0	45304	3	45301
15077	0	0	0	0	44697	58946	0	44697	3	44694
14600	0	0	0	0	45174	58824	0	45174	3	45171
16192	0	0	0	0	43582	57827	0	43582	3	43579
14862	0	0	0	0	44912	59218	0	44912	3	44909
15444	0	0	0	0	44330	59016	0	44330	3	44327
13473	0	0	0	0	46301	58863	0	46301	3	46298
14560	0	0	0	0	45214	58892	0	45214	3	45211
15084	0	0	0	0	44690	58851	0	44690	3	44687
14904	0	0	0	0	44870	59236	0	44870	3	44867
15188	0	0	0	0	44586	58860	0	44586	3	44583
14429	0	0	0	0	45345	58906	0	45345	3	45342
14609	0	0	0	0	45165	58931	0	45165	3	45162
15785	0	0	0	0	43989	58026	0	43989	3	43986
14966	0	0	0	0	44808	58876	0	44808	3	44805
14041	0	0	0	0	45733	58882	0	45733	3	45730
14748	0	0	0	0	45026	58762	0	45026	3	45023
15482	0	0	0	0	44292	58027	0	44292	3	44289
15931	0	0	0	0	43843	58944	0	43843	3	43840
14555	0	0	0	0	45219	58339	0	45219	3	45216
14422	0	0	0	0	45352	58951	0	45352	3	45349
15168	0	0	0	0	44606	58855	0	44606	3	44603
14316	0	0	0	0	45458	58868	0	45458	3	45455
15093	0	0	0	0	44681	58964	0	44681	3	44678
13011	0	0	0	0	46763	58855	0	46763	3	46760
14561	0	0	0	0	45213	58992	0	45213	3	45210
15561	0	0	0	0	44213	59028	0	44213	3	44210
14737	0	0	0	0	45037	58284	0	45037	3	45034
14993	0	0	0	0	44781	58903	0	44781	3	44778
15302	0	0	0	0	44472	58941	0	44472	3	44469
15038	0	0	0	0	44736	58027	0	44736	3	44733
14585	0	0	0	0	45189	59010	0	45189	3	45186
15181	0	0	0	0	44593	58982	0	44593	3	44590
14176	0	0	0	0	45598	58985	0	45598	3	45595
14806	0	0	0	0	44968	59032	0	44968	3	44965
15758	0	0	0	0	44016	58985	0	44016	3	44013
15720	0	0	0	0	44054	59091	0	44054	3	44051
14699	0	0	0	0	45075	59182	0	45075	3	45072
14957	0	0	0	0	44817	58923	0	44817	3	44814
14518	0	0	0	0	45256	58065	0	45256	3	45253
16011	0	0	0	0	43763	58921	0	43763	3	43760
15905	0	0	0	0	43869	58918	0	43869	3	43866
15321	0	0	0	0	44453	59114	0	44453	3	44450
14166	0	0	0	0	45608	59145	0	45608	3	45605
15131	0	0	0	0	44643	57965	0	44643	3	44640
13731	0	0	0	0	46043	58980	0	46043	3	46040
14234	0	0	0	0	45540	58836	0	45540	3	45537
14423	0	0	0	0	45351	58053	0	45351	3	45348
15142	0	0	0	0	44632	58059	0	44632	4	44628
14731	0	0	0	0	45043	58118	0	45043	3	45040
15909	0	0	0	0	43865	58934	0	43865	3	43862
15251	0	0	0	0	44523	58808	0	44523	3	44520
15067	0	0	0	0	44707	58957	0	44707	3	44704
14771	0	0	0	0	45003	58841	0	45003	3	45000
15291	0	0	0	0	44483	59107	0	44483	3	44480
14969	0	0	0	0	44805	58103	0	44805	3	44802
15197	0	0	0	0	44577	58866	0	44577	3	44574
14926	0	0	0	0	44848	58778	0	44848	3	44845
15072	0	0	0	0	44702	58903	0	44702	3	44699
15529	0	0	0	0	44245	58040	0	44245	3	44242
14536	0	0	0	0	45238	58093	0	45238	3	45235
15367	0	0	0	0	44407	58195	0	44407	3	44404
14553	0	0	0	0	45221	58275	0	45221	3	45218
14409	0	0	0	0	45365	58791	0	45365	3	45362
15691	0	0	0	0	44083	58791	0	44083	3	44080
15174	0	0	0	0	44600	58936	0	44600	3	44597
14668	0	0	0	0	45106	58791	0	45106	3	45103
14720	0	0	0	0	45054	58437	0	45054	3	45051
16074	0	0	0	0	43700	59140	0	43700	3	43697
14616	0	0	0	0	45158	59080	0	45158	3	45155
15220	0	0	0	0	44554	59053	0	44554	3	44551
13711	0	0	0	0	46063	58808	0	46063	3	46060
14594	0	0	0	0	45180	58989	0	45180	3	45177
14639	0	0	0	0	45135	58822	0	45135	3	45132
13731	0	0	0	0	46043	58975	0	46043	3	46040
15037	0	0	0	0	44737	58037	0	44737	3	44734
14517	0	0	0	0	45257	59245	0	45257	3	45254
14694	0	0	0	0	45080	58283	0	45080	3	45077
15164	0	0	0	0	44610	59055	0	44610	3	44607
14785	0	0	0	0	44989	58870	0	44989	3	44986
14414	0	0	0	0	45360	58902	0	45360	3	45357
13556	0	0	0	0	46218	58125	0	46218	3	46215
14426	0	0	0	0	45348	58875	0	45348	3	45345
14855	0	0	0	0	44919	58150	0	44919	3	44916
12736	0	0	0	0	47038	58078	0	47038	3	47035
13797	0	0	0	0	45977	57971	0	45977	3	45974
16142	0	0	0	0	43632	58076	0	43632	3	43629
14671	0	0	0	0	45103	58866	0	45103	3	45100
15142	0	0	0	0	44632	58926	0	44632	3	44629
13695	0	0	0	0	46079	58930	0	46079	3	46076
14028	0	0	0	0	45746	59033	0	45746	3	45743
14248	0	0	0	0	45526	58859	0	45526	3	45523
16719	0	0	0	0	43055	58865	0	43055	3	43052
15221	0	0	0	0	44553	58814	0	44553	3	44550
14741	0	0	0	0	45033	58097	0	45033	3	45030
14713	0	0	0	0	45061	58816	0	45061	3	45058
15054	0	0	0	0	44720	59002	0	44720	3	44717
14529	0	0	0	0	45245	58939	0	45245	3	45242
14686	0	0	0	0	45088	58004	0	45088	3	45085
15416	0	0	0	0	44358	58920	0	44358	3	44355
14763	0	0	0	0	45011	59132	0	45011	3	45008
15661	0	0	0	0	44113	58043	0	44113	3	44110
14453	0	0	0	0	45321	58914	0	45321	3	45318
15805	0	0	0	0	43969	59144	0	43969	3	43966
13731	0	0	0	0	46043	58924	0	46043	3	46040
15148	0	0	0	0	44626	58184	0	44626	3	44623
14556	0	0	0	0	45218	58870	0	45218	3	45215
15130	0	0	0	0	44644	58803	0	44644	3	44641
13561	0	0	0	0	46213	59051	0	46213	3	46210
15564	0	0	0	0	44210	58905	0	44210	3	44207
14546	0	0	0	0	45228	58923	0	45228	3	45225
14599	0	0	0	0	45175	58742	0	45175	3	45172
15105	0	0	0	0	44669	59061	0	44669	3	44666
14126	0	0	0	0	45648	59418	0	45648	3	45645
14843	0	0	0	0	44931	58275	0	44931	3	44928
13864	0	0	0	0	45910	58295	0	45910	3	45907
14403	0	0	0	0	45371	59067	0	45371	3	45368
15489	0	0	0	0	44285	58913	0	44285	3	44282
14310	0	0	0	0	45464	58932	0	45464	3	45461
15045	0	0	0	0	44729	58896	0	44729	3	44726
15414	0	0	0	0	44360	58994	0	44360	3	44357
14532	0	0	0	0	45242	58887	0	45242	3	45239
14752	0	0	0	0	45022	59085	0	45022	3	45019
14898	0	0	0	0	44876	59235	0	44876	3	44873
15377	0	0	0	0	44397	58885	0	44397	3	44394
15642	0	0	0	0	44132	58861	0	44132	3	44129
