51759	0	0	0	0	8015	57765	57765	8015	3	8012
50172	0	0	0	0	9602	56868	56868	9602	3	9599
51309	0	0	0	0	8465	57313	57313	8465	3	8462
50598	0	0	0	0	9176	57573	57573	9176	3	9173
49694	0	0	0	0	10080	56443	56443	10080	3	10077
50987	0	0	0	0	8787	57608	57608	8787	3	8784
50672	0	0	0	0	9102	58003	58003	9102	3	9099
51154	0	0	0	0	8620	57163	57163	8620	3	8617
51481	0	0	0	0	8293	56914	56914	8293	3	8290
51763	0	0	0	0	8011	57081	57081	8011	3	8008
51485	0	0	0	0	8289	57562	57562	8289	3	8286
50438	0	0	0	0	9336	57636	57636	9336	3	9333
52105	0	0	0	0	7669	57799	57799	7669	3	7666
50500	0	0	0	0	9274	56814	56814	9274	3	9271
50636	0	0	0	0	9138	56568	56568	9138	3	9135
49823	0	0	0	0	9951	56937	56937	9951	3	9948
49787	0	0	0	0	9987	57602	57602	9987	3	9984
50911	0	0	0	0	8863	57775	57775	8863	3	8860
52526	0	0	0	0	7248	57651	57651	7248	3	7245
51180	0	0	0	0	8594	57361	57361	8594	3	8591
52388	0	0	0	0	7386	57673	57673	7386	3	7383
50974	0	0	0	0	8800	57570	57570	8800	3	8797
50373	0	0	0	0	9401	58225	58225	9401	3	9398
51336	0	0	0	0	8438	56992	56992	8438	3	8435
52094	0	0	0	0	7680	56670	56670	7680	3	7677
50585	0	0	0	0	9189	57643	57643	9189	3	9186
51912	0	0	0	0	7862	56263	56263	7862	3	7859
51131	0	0	0	0	8643	56387	56387	8643	3	8640
51300	0	0	0	0	8474	56684	56684	8474	3	8471
49825	0	0	0	0	9949	54726	54726	9949	3	9946
50460	0	0	0	0	9314	56728	56728	9314	3	9311
51077	0	0	0	0	8697	57630	57630	8697	3	8694
52022	0	0	0	0	7752	57236	57236	7752	3	7749
51206	0	0	0	0	8568	57521	57521	8568	3	8565
51578	0	0	0	0	8196	57659	57659	8196	3	8193
52126	0	0	0	0	7648	56521	56521	7648	3	7645
51160	0	0	0	0	8614	57682	57682	8614	3	8611
51111	0	0	0	0	8663	57383	57383	8663	3	8660
52072	0	0	0	0	7702	56982	56982	7702	3	7699
51712	0	0	0	0	8062	57501	57501	8062	3	8059
53341	0	0	0	0	6433	54869	54869	6433	3	6430
51083	0	0	0	0	8691	57679	57679	8691	3	8688
50649	0	0	0	0	9125	57690	57690	9125	3	9122
50953	0	0	0	0	8821	57656	57656	8821	3	8818
50577	0	0	0	0	9197	56861	56861	9197	3	9194
51203	0	0	0	0	8571	57730	57730	8571	3	8568
50582	0	0	0	0	9192	57623	57623	9192	3	9189
51076	0	0	0	0	8698	54670	54670	8698	3	8695
49640	0	0	0	0	10134	57007	57007	10134	3	10131
50137	0	0	0	0	9637	57066	57066	9637	3	9634
50854	0	0	0	0	8920	57527	57527	8920	3	8917
52064	0	0	0	0	7710	57400	57400	7710	3	7707
51639	0	0	0	0	8135	56893	56893	8135	3	8132
51494	0	0	0	0	8280	57269	57269	8280	3	8277
50658	0	0	0	0	9116	57687	57687	9116	3	9113
51280	0	0	0	0	8494	55405	55405	8494	3	8491
51598	0	0	0	0	8176	57576	57576	8176	3	8173
51432	0	0	0	0	8342	57510	57510	8342	3	8339
51057	0	0	0	0	8717	57257	57257	8717	3	8714
50096	0	0	0	0	9678	57819	57819	9678	3	9675
51026	0	0	0	0	8748	56734	56734	8748	3	8745
49901	0	0	0	0	9873	56887	56887	9873	3	9870
51001	0	0	0	0	8773	56498	56498	8773	3	8770
51222	0	0	0	0	8552	56377	56377	8552	3	8549
51562	0	0	0	0	8212	56559	56559	8212	3	8209
51030	0	0	0	0	8744	57621	57621	8744	3	8741
51123	0	0	0	0	8651	57305	57305	8651	3	8648
50503	0	0	0	0	9271	57041	57041	9271	4	9267
50856	0	0	0	0	8918	57683	57683	8918	3	8915
51163	0	0	0	0	8611	57881	57881	8611	3	8608
49958	0	0	0	0	9816	57556	57556	9816	3	9813
48977	0	0	0	0	10797	57634	57634	10797	3	10794
49224	0	0	0	0	10550	56990	56990	10550	3	10547
50759	0	0	0	0	9015	56710	56710	9015	3	9012
50525	0	0	0	0	9249	57498	57498	9249	3	9246
51478	0	0	0	0	8296	57615	57615	8296	3	8293
52171	0	0	0	0	7603	56286	56286	7603	3	7600
50566	0	0	0	0	9208	56989	56989	9208	3	9205
48648	0	0	0	0	11126	57030	57030	11126	3	11123
51276	0	0	0	0	8498	57031	57031	8498	3	8495
50442	0	0	0	0	9332	57624	57624	9332	3	9329
51323	0	0	0	0	8451	57318	57318	8451	3	8448
51263	0	0	0	0	8511	56537	56537	8511	3	8508
49569	0	0	0	0	10205	56593	56593	10205	3	10202
51491	0	0	0	0	8283	55910	55910	8283	3	8280
50514	0	0	0	0	9260	57081	57081	9260	3	9257
51543	0	0	0	0	8231	56447	56447	8231	3	8228
49884	0	0	0	0	9890	57473	57473	9890	3	9887
52084	0	0	0	0	7690	55429	55429	7690	3	7687
51623	0	0	0	0	8151	57533	57533	8151	3	8148
53415	0	0	0	0	6359	57759	57759	6359	3	6356
51396	0	0	0	0	8378	57462	57462	8378	3	8375
51581	0	0	0	0	8193	56751	56751	8193	3	8190
51834	0	0	0	0	7940	56594	56594	7940	3	7937
51668	0	0	0	0	8106	57226	57226	8106	3	8103
51771	0	0	0	0	8003	57132	57132	8003	3	8000
51743	0	0	0	0	8031	57833	57833	8031	3	8028
51972	0	0	0	0	7802	57699	57699	7802	3	7799
50781	0	0	0	0	8993	57667	57667	8993	3	8990
50790	0	0	0	0	8984	56823	56823	8984	3	8981
50357	0	0	0	0	9417	56816	56816	9417	3	9414
51165	0	0	0	0	8609	57686	57686	8609	3	8606
49203	0	0	0	0	10571	56784	56784	10571	3	10568
50338	0	0	0	0	9436	57516	57516	9436	3	9433
49448	0	0	0	0	10326	57140	57140	10326	3	10323
51226	0	0	0	0	8548	57520	57520	8548	3	8545
50138	0	0	0	0	9636	58574	58574	9636	3	9633
52585	0	0	0	0	7189	57689	57689	7189	3	7186
50407	0	0	0	0	9367	54097	54097	9367	3	9364
50160	0	0	0	0	9614	56889	56889	9614	3	9611
51593	0	0	0	0	8181	57187	57187	8181	3	8178
51022	0	0	0	0	8752	57611	57611	8752	3	8749
51601	0	0	0	0	8173	57603	57603	8173	3	8170
50860	0	0	0	0	8914	57770	57770	8914	3	8911
52404	0	0	0	0	7370	56629	56629	7370	3	7367
50941	0	0	0	0	8833	57348	57348	8833	3	8830
51989	0	0	0	0	7785	57441	57441	7785	3	7782
51039	0	0	0	0	8735	55759	55759	8735	3	8732
51292	0	0	0	0	8482	57672	57672	8482	3	8479
51363	0	0	0	0	8411	56869	56869	8411	3	8408
51274	0	0	0	0	8500	56835	56835	8500	3	8497
51151	0	0	0	0	8623	57762	57762	8623	3	8620
50562	0	0	0	0	9212	57586	57586	9212	3	9209
50646	0	0	0	0	9128	57685	57685	9128	3	9125
52272	0	0	0	0	7502	57097	57097	7502	3	7499
51365	0	0	0	0	8409	56772	56772	8409	3	8406
50847	0	0	0	0	8927	57728	57728	8927	3	8924
51711	0	0	0	0	8063	55752	55752	8063	3	8060
50702	0	0	0	0	9072	57740	57740	9072	3	9069
51649	0	0	0	0	8125	57457	57457	8125	3	8122
48917	0	0	0	0	10857	55887	55887	10857	3	10854
50722	0	0	0	0	9052	56603	56603	9052	3	9049
49954	0	0	0	0	9820	57757	57757	9820	3	9817
50345	0	0	0	0	9429	56861	56861	9429	3	9426
51596	0	0	0	0	8178	56745	56745	8178	3	8175
50268	0	0	0	0	9506	57370	57370	9506	3	9503
51103	0	0	0	0	8671	57080	57080	8671	3	8668
50940	0	0	0	0	8834	56773	56773	8834	3	8831
50985	0	0	0	0	8789	57071	57071	8789	3	8786
52885	0	0	0	0	6889	57680	57680	6889	3	6886
51090	0	0	0	0	8684	57345	57345	8684	3	8681
50872	0	0	0	0	8902	57693	57693	8902	3	8899
51119	0	0	0	0	8655	57091	57091	8655	3	8652
51465	0	0	0	0	8309	57177	57177	8309	3	8306
51359	0	0	0	0	8415	56464	56464	8415	3	8412
50851	0	0	0	0	8923	55929	55929	8923	3	8920
50655	0	0	0	0	9119	56697	56697	9119	3	9116
51161	0	0	0	0	8613	57380	57380	8613	3	8610
50354	0	0	0	0	9420	56366	56366	9420	3	9417
50776	0	0	0	0	8998	57939	57939	8998	3	8995
50411	0	0	0	0	9363	56993	56993	9363	3	9360
51549	0	0	0	0	8225	57485	57485	8225	3	8222
51162	0	0	0	0	8612	56165	56165	8612	3	8609
49996	0	0	0	0	9778	56075	56075	9778	3	9775
49979	0	0	0	0	9795	57676	57676	9795	3	9792
50689	0	0	0	0	9085	57543	57543	9085	3	9082
51625	0	0	0	0	8149	56955	56955	8149	3	8146
50187	0	0	0	0	9587	57650	57650	9587	3	9584
49873	0	0	0	0	9901	57587	57587	9901	3	9898
51468	0	0	0	0	8306	57567	57567	8306	3	8303
51501	0	0	0	0	8273	57574	57574	8273	3	8270
51443	0	0	0	0	8331	56638	56638	8331	3	8328
50669	0	0	0	0	9105	57817	57817	9105	3	9102
49848	0	0	0	0	9926	56833	56833	9926	3	9923
50757	0	0	0	0	9017	56615	56615	9017	3	9014
51665	0	0	0	0	8109	56420	56420	8109	3	8106
51220	0	0	0	0	8554	57342	57342	8554	3	8551
49754	0	0	0	0	10020	56783	56783	10020	3	10017
51292	0	0	0	0	8482	55868	55868	8482	3	8479
50989	0	0	0	0	8785	57126	57126	8785	3	8782
51014	0	0	0	0	8760	57063	57063	8760	3	8757
50473	0	0	0	0	9301	57784	57784	9301	3	9298
51811	0	0	0	0	7963	57691	57691	7963	3	7960
50077	0	0	0	0	9697	57638	57638	9697	3	9694
49962	0	0	0	0	9812	55558	55558	9812	3	9809
50141	0	0	0	0	9633	57860	57860	9633	3	9630
51305	0	0	0	0	8469	56657	56657	8469	3	8466
50802	0	0	0	0	8972	57716	57716	8972	3	8969
50342	0	0	0	0	9432	57979	57979	9432	3	9429
49452	0	0	0	0	10322	56868	56868	10322	3	10319
51280	0	0	0	0	8494	57860	57860	8494	3	8491
50353	0	0	0	0	9421	57293	57293	9421	3	9418
51168	0	0	0	0	8606	57727	57727	8606	3	8603
50062	0	0	0	0	9712	57624	57624	9712	3	9709
50061	0	0	0	0	9713	57687	57687	9713	3	9710
52139	0	0	0	0	7635	57548	57548	7635	3	7632
50852	0	0	0	0	8922	57713	57713	8922	3	8919
50570	0	0	0	0	9204	56746	56746	9204	3	9201
50620	0	0	0	0	9154	56776	56776	9154	3	9151
50700	0	0	0	0	9074	56604	56604	9074	3	9071
52505	0	0	0	0	7269	57522	57522	7269	3	7266
50651	0	0	0	0	9123	57660	57660	9123	3	9120
51507	0	0	0	0	8267	57665	57665	8267	3	8264
51412	0	0	0	0	8362	56508	56508	8362	3	8359
51318	0	0	0	0	8456	57732	57732	8456	3	8453
51057	0	0	0	0	8717	54280	54280	8717	3	8714
50457	0	0	0	0	9317	56786	56786	9317	3	9314
50633	0	0	0	0	9141	56408	56408	9141	3	9138
49734	0	0	0	0	10040	57740	57740	10040	3	10037
51618	0	0	0	0	8156	56527	56527	8156	3	8153
50741	0	0	0	0	9033	56027	56027	9033	3	9030
50123	0	0	0	0	9651	57497	57497	9651	3	9648
50708	0	0	0	0	9066	57731	57731	9066	3	9063
51287	0	0	0	0	8487	57663	57663	8487	3	8484
51337	0	0	0	0	8437	57501	57501	8437	3	8434
48547	0	0	0	0	11227	56738	56738	11227	3	11224
51251	0	0	0	0	8523	56548	56548	8523	3	8520
50246	0	0	0	0	9528	57365	57365	9528	3	9525
50931	0	0	0	0	8843	57669	57669	8843	3	8840
51198	0	0	0	0	8576	57386	57386	8576	3	8573
50964	0	0	0	0	8810	56936	56936	8810	3	8807
51560	0	0	0	0	8214	57626	57626	8214	3	8211
51122	0	0	0	0	8652	56950	56950	8652	3	8649
50806	0	0	0	0	8968	57786	57786	8968	3	8965
50044	0	0	0	0	9730	57060	57060	9730	3	9727
51207	0	0	0	0	8567	57216	57216	8567	3	8564
51730	0	0	0	0	8044	54687	54687	8044	3	8041
51700	0	0	0	0	8074	57270	57270	8074	3	8071
51265	0	0	0	0	8509	57152	57152	8509	3	8506
51410	0	0	0	0	8364	57670	57670	8364	3	8361
50680	0	0	0	0	9094	57649	57649	9094	3	9091
49820	0	0	0	0	9954	57260	57260	9954	3	9951
51242	0	0	0	0	8532	56740	56740	8532	3	8529
50421	0	0	0	0	9353	57530	57530	9353	3	9350
50857	0	0	0	0	8917	57432	57432	8917	3	8914
52122	0	0	0	0	7652	57896	57896	7652	3	7649
51336	0	0	0	0	8438	57237	57237	8438	3	8435
51238	0	0	0	0	8536	57476	57476	8536	3	8533
50905	0	0	0	0	8869	57311	57311	8869	3	8866
50340	0	0	0	0	9434	56622	56622	9434	3	9431
50664	0	0	0	0	9110	55716	55716	9110	3	9107
50198	0	0	0	0	9576	57354	57354	9576	3	9573
50133	0	0	0	0	9641	56764	56764	9641	3	9638
51271	0	0	0	0	8503	56448	56448	8503	3	8500
51803	0	0	0	0	7971	57549	57549	7971	3	7968
51720	0	0	0	0	8054	57475	57475	8054	3	8051
51003	0	0	0	0	8771	56665	56665	8771	3	8768
52296	0	0	0	0	7478	56001	56001	7478	3	7475
51069	0	0	0	0	8705	57395	57395	8705	3	8702
50337	0	0	0	0	9437	55464	55464	9437	3	9434
51195	0	0	0	0	8579	57016	57016	8579	3	8576
50166	0	0	0	0	9608	57586	57586	9608	3	9605
51358	0	0	0	0	8416	56438	56438	8416	3	8413
50444	0	0	0	0	9330	55585	55585	9330	3	9327
50877	0	0	0	0	8897	56338	56338	8897	3	8894
50985	0	0	0	0	8789	57675	57675	8789	3	8786
51143	0	0	0	0	8631	57345	57345	8631	3	8628
50824	0	0	0	0	8950	54224	54224	8950	3	8947
51217	0	0	0	0	8557	56603	56603	8557	3	8554
51781	0	0	0	0	7993	57656	57656	7993	3	7990
50409	0	0	0	0	9365	57375	57375	9365	3	9362
51371	0	0	0	0	8403	57777	57777	8403	3	8400
50788	0	0	0	0	8986	57711	57711	8986	3	8983
50921	0	0	0	0	8853	57481	57481	8853	3	8850
51006	0	0	0	0	8768	56653	56653	8768	3	8765
51304	0	0	0	0	8470	56574	56574	8470	3	8467
51525	0	0	0	0	8249	57816	57816	8249	3	8246
50898	0	0	0	0	8876	57117	57117	8876	3	8873
49620	0	0	0	0	10154	56731	56731	10154	3	10151
50760	0	0	0	0	9014	56255	56255	9014	3	9011
51615	0	0	0	0	8159	57518	57518	8159	3	8156
51408	0	0	0	0	8366	56739	56739	8366	3	8363
49317	0	0	0	0	10457	57275	57275	10457	3	10454
49893	0	0	0	0	9881	57655	57655	9881	3	9878
52255	0	0	0	0	7519	56807	56807	7519	3	7516
51873	0	0	0	0	7901	56723	56723	7901	3	7898
49650	0	0	0	0	10124	56223	56223	10124	3	10121
51396	0	0	0	0	8378	56126	56126	8378	3	8375
50643	0	0	0	0	9131	57582	57582	9131	3	9128
51945	0	0	0	0	7829	57546	57546	7829	3	7826
50435	0	0	0	0	9339	56496	56496	9339	3	9336
52147	0	0	0	0	7627	56437	56437	7627	3	7624
51524	0	0	0	0	8250	56722	56722	8250	3	8247
51235	0	0	0	0	8539	57647	57647	8539	3	8536
51344	0	0	0	0	8430	57085	57085	8430	3	8427
51345	0	0	0	0	8429	57707	57707	8429	3	8426
52113	0	0	0	0	7661	57055	57055	7661	3	7658
51979	0	0	0	0	7795	56604	56604	7795	3	7792
49845	0	0	0	0	9929	56488	56488	9929	3	9926
51317	0	0	0	0	8457	58218	58218	8457	3	8454
51446	0	0	0	0	8328	57098	57098	8328	3	8325
51524	0	0	0	0	8250	57499	57499	8250	3	8247
51199	0	0	0	0	8575	57048	57048	8575	3	8572
50421	0	0	0	0	9353	56863	56863	9353	3	9350
51324	0	0	0	0	8450	57677	57677	8450	3	8447
50974	0	0	0	0	8800	57674	57674	8800	3	8797
52004	0	0	0	0	7770	56780	56780	7770	3	7767
51493	0	0	0	0	8281	56518	56518	8281	3	8278
51524	0	0	0	0	8250	57692	57692	8250	3	8247
51125	0	0	0	0	8649	58571	58571	8649	3	8646
50033	0	0	0	0	9741	57644	57644	9741	3	9738
50769	0	0	0	0	9005	57632	57632	9005	3	9002
50692	0	0	0	0	9082	57511	57511	9082	3	9079
51558	0	0	0	0	8216	56794	56794	8216	3	8213
51526	0	0	0	0	8248	57684	57684	8248	3	8245
52559	0	0	0	0	7215	56679	56679	7215	3	7212
51669	0	0	0	0	8105	55323	55323	8105	3	8102
51535	0	0	0	0	8239	56793	56793	8239	3	8236
49899	0	0	0	0	9875	56663	56663	9875	3	9872
50189	0	0	0	0	9585	56448	56448	9585	3	9582
50052	0	0	0	0	9722	57595	57595	9722	3	9719
51219	0	0	0	0	8555	57323	57323	8555	3	8552
52028	0	0	0	0	7746	57610	57610	7746	3	7743
50750	0	0	0	0	9024	56582	56582	9024	3	9021
51450	0	0	0	0	8324	57681	57681	8324	3	8321
51062	0	0	0	0	8712	58025	58025	8712	3	8709
51254	0	0	0	0	8520	56882	56882	8520	3	8517
49438	0	0	0	0	10336	57425	57425	10336	3	10333
51134	0	0	0	0	8640	57735	57735	8640	3	8637
50941	0	0	0	0	8833	55972	55972	8833	3	8830
50775	0	0	0	0	8999	57410	57410	8999	3	8996
51902	0	0	0	0	7872	56832	56832	7872	3	7869
50313	0	0	0	0	9461	57605	57605	9461	3	9458
51012	0	0	0	0	8762	57823	57823	8762	3	8759
51432	0	0	0	0	8342	57803	57803	8342	3	8339
50448	0	0	0	0	9326	57613	57613	9326	3	9323
50823	0	0	0	0	8951	57452	57452	8951	3	8948
50682	0	0	0	0	9092	57246	57246	9092	3	9089
50866	0	0	0	0	8908	54451	54451	8908	3	8905
50820	0	0	0	0	8954	57596	57596	8954	3	8951
51523	0	0	0	0	8251	57489	57489	8251	3	8248
49780	0	0	0	0	9994	57931	57931	9994	3	9991
51192	0	0	0	0	8582	56001	56001	8582	3	8579
51401	0	0	0	0	8373	56279	56279	8373	3	8370
49625	0	0	0	0	10149	57694	57694	10149	3	10146
51888	0	0	0	0	7886	57722	57722	7886	3	7883
51530	0	0	0	0	8244	57158	57158	8244	3	8241
50395	0	0	0	0	9379	56901	56901	9379	3	9376
50451	0	0	0	0	9323	56995	56995	9323	3	9320
51054	0	0	0	0	8720	56570	56570	8720	3	8717
51493	0	0	0	0	8281	56575	56575	8281	3	8278
49912	0	0	0	0	9862	57614	57614	9862	3	9859
50858	0	0	0	0	8916	56554	56554	8916	3	8913
49978	0	0	0	0	9796	56592	56592	9796	3	9793
51291	0	0	0	0	8483	56009	56009	8483	3	8480
49921	0	0	0	0	9853	56877	56877	9853	3	9850
51447	0	0	0	0	8327	57634	57634	8327	3	8324
51595	0	0	0	0	8179	57621	57621	8179	3	8176
50857	0	0	0	0	8917	56682	56682	8917	3	8914
50472	0	0	0	0	9302	57707	57707	9302	3	9299
52154	0	0	0	0	7620	56686	56686	7620	3	7617
51669	0	0	0	0	8105	57653	57653	8105	3	8102
52054	0	0	0	0	7720	56357	56357	7720	3	7717
51084	0	0	0	0	8690	57623	57623	8690	3	8687
51245	0	0	0	0	8529	57188	57188	8529	3	8526
52376	0	0	0	0	7398	57721	57721	7398	3	7395
50738	0	0	0	0	9036	57532	57532	9036	3	9033
52138	0	0	0	0	7636	56693	56693	7636	3	7633
50131	0	0	0	0	9643	57597	57597	9643	3	9640
50571	0	0	0	0	9203	57833	57833	9203	3	9200
50595	0	0	0	0	9179	56474	56474	9179	3	9176
50117	0	0	0	0	9657	56380	56380	9657	3	9654
51513	0	0	0	0	8261	57375	57375	8261	3	8258
51121	0	0	0	0	8653	56177	56177	8653	3	8650
52309	0	0	0	0	7465	57447	57447	7465	3	7462
50292	0	0	0	0	9482	56700	56700	9482	3	9479
51781	0	0	0	0	7993	56865	56865	7993	3	7990
51716	0	0	0	0	8058	57322	57322	8058	3	8055
50249	0	0	0	0	9525	57732	57732	9525	3	9522
50338	0	0	0	0	9436	57516	57516	9436	3	9433
49792	0	0	0	0	9982	57822	57822	9982	3	9979
52092	0	0	0	0	7682	55254	55254	7682	3	7679
50513	0	0	0	0	9261	56192	56192	9261	3	9258
51920	0	0	0	0	7854	56550	56550	7854	3	7851
50339	0	0	0	0	9435	56947	56947	9435	3	9432
51628	0	0	0	0	8146	57091	57091	8146	3	8143
50925	0	0	0	0	8849	56634	56634	8849	3	8846
51720	0	0	0	0	8054	57561	57561	8054	3	8051
50560	0	0	0	0	9214	56624	56624	9214	3	9211
50943	0	0	0	0	8831	56970	56970	8831	3	8828
51517	0	0	0	0	8257	57758	57758	8257	3	8254
51216	0	0	0	0	8558	56668	56668	8558	3	8555
51774	0	0	0	0	8000	56658	56658	8000	3	7997
50488	0	0	0	0	9286	57591	57591	9286	3	9283
50771	0	0	0	0	9003	57441	57441	9003	3	9000
51444	0	0	0	0	8330	57767	57767	8330	3	8327
51201	0	0	0	0	8573	56484	56484	8573	3	8570
50965	0	0	0	0	8809	57696	57696	8809	3	8806
50997	0	0	0	0	8777	56921	56921	8777	3	8774
51044	0	0	0	0	8730	56266	56266	8730	3	8727
50164	0	0	0	0	9610	57617	57617	9610	3	9607
50807	0	0	0	0	8967	57657	57657	8967	3	8964
51064	0	0	0	0	8710	56455	56455	8710	3	8707
50374	0	0	0	0	9400	57352	57352	9400	3	9397
50224	0	0	0	0	9550	56797	56797	9550	3	9547
50782	0	0	0	0	8992	57664	57664	8992	3	8989
50311	0	0	0	0	9463	57344	57344	9463	3	9460
50084	0	0	0	0	9690	57652	57652	9690	3	9687
50880	0	0	0	0	8894	56374	56374	8894	3	8891
51740	0	0	0	0	8034	56290	56290	8034	3	8031
51445	0	0	0	0	8329	56643	56643	8329	3	8326
50485	0	0	0	0	9289	56847	56847	9289	3	9286
52065	0	0	0	0	7709	56450	56450	7709	3	7706
51288	0	0	0	0	8486	57195	57195	8486	3	8483
50613	0	0	0	0	9161	57505	57505	9161	3	9158
50982	0	0	0	0	8792	58038	58038	8792	3	8789
49794	0	0	0	0	9980	56029	56029	9980	3	9977
50241	0	0	0	0	9533	57741	57741	9533	3	9530
52376	0	0	0	0	7398	57562	57562	7398	3	7395
50680	0	0	0	0	9094	56281	56281	9094	3	9091
51566	0	0	0	0	8208	57704	57704	8208	3	8205
49958	0	0	0	0	9816	56442	56442	9816	3	9813
52231	0	0	0	0	7543	56532	56532	7543	3	7540
50685	0	0	0	0	9089	57234	57234	9089	3	9086
50956	0	0	0	0	8818	57798	57798	8818	3	8815
50224	0	0	0	0	9550	57733	57733	9550	3	9547
50811	0	0	0	0	8963	56545	56545	8963	3	8960
50376	0	0	0	0	9398	57669	57669	9398	3	9395
50724	0	0	0	0	9050	56576	56576	9050	3	9047
51763	0	0	0	0	8011	56825	56825	8011	3	8008
51453	0	0	0	0	8321	57070	57070	8321	3	8318
51385	0	0	0	0	8389	57750	57750	8389	3	8386
51788	0	0	0	0	7986	56963	56963	7986	3	7983
51297	0	0	0	0	8477	57291	57291	8477	3	8474
52023	0	0	0	0	7751	57577	57577	7751	3	7748
51652	0	0	0	0	8122	57669	57669	8122	3	8119
50230	0	0	0	0	9544	57294	57294	9544	3	9541
51155	0	0	0	0	8619	56549	56549	8619	3	8616
50561	0	0	0	0	9213	57745	57745	9213	3	9210
51969	0	0	0	0	7805	56508	56508	7805	3	7802
50644	0	0	0	0	9130	56539	56539	9130	3	9127
51730	0	0	0	0	8044	57691	57691	8044	3	8041
51314	0	0	0	0	8460	57229	57229	8460	3	8457
50981	0	0	0	0	8793	57319	57319	8793	3	8790
52856	0	0	0	0	6918	56944	56944	6918	3	6915
50791	0	0	0	0	8983	56529	56529	8983	3	8980
51615	0	0	0	0	8159	55335	55335	8159	3	8156
51021	0	0	0	0	8753	56735	56735	8753	3	8750
51432	0	0	0	0	8342	56904	56904	8342	3	8339
51181	0	0	0	0	8593	56783	56783	8593	3	8590
50998	0	0	0	0	8776	56906	56906	8776	3	8773
50902	0	0	0	0	8872	56588	56588	8872	3	8869
50820	0	0	0	0	8954	56836	56836	8954	3	8951
52109	0	0	0	0	7665	57169	57169	7665	3	7662
50762	0	0	0	0	9012	56533	56533	9012	3	9009
51834	0	0	0	0	7940	56777	56777	7940	3	7937
50781	0	0	0	0	8993	57363	57363	8993	3	8990
51862	0	0	0	0	7912	57094	57094	7912	3	7909
51544	0	0	0	0	8230	56844	56844	8230	3	8227
51393	0	0	0	0	8381	57043	57043	8381	3	8378
50659	0	0	0	0	9115	57380	57380	9115	3	9112
50745	0	0	0	0	9029	57422	57422	9029	3	9026
49474	0	0	0	0	10300	56872	56872	10300	3	10297
51200	0	0	0	0	8574	56729	56729	8574	3	8571
50927	0	0	0	0	8847	56457	56457	8847	3	8844
49283	0	0	0	0	10491	56260	56260	10491	3	10488
50838	0	0	0	0	8936	57045	57045	8936	3	8933
52564	0	0	0	0	7210	57799	57799	7210	3	7207
52424	0	0	0	0	7350	56712	56712	7350	3	7347
51089	0	0	0	0	8685	57542	57542	8685	3	8682
50487	0	0	0	0	9287	57174	57174	9287	3	9284
51406	0	0	0	0	8368	57106	57106	8368	3	8365
50589	0	0	0	0	9185	57530	57530	9185	3	9182
50926	0	0	0	0	8848	57643	57643	8848	3	8845
50622	0	0	0	0	9152	57428	57428	9152	3	9149
50524	0	0	0	0	9250	57130	57130	9250	3	9247
50289	0	0	0	0	9485	57595	57595	9485	3	9482
51414	0	0	0	0	8360	57943	57943	8360	3	8357
51283	0	0	0	0	8491	57402	57402	8491	3	8488
50604	0	0	0	0	9170	57672	57672	9170	3	9167
49799	0	0	0	0	9975	56478	56478	9975	3	9972
51226	0	0	0	0	8548	57802	57802	8548	3	8545
52052	0	0	0	0	7722	56007	56007	7722	3	7719
49840	0	0	0	0	9934	57130	57130	9934	3	9931
50826	0	0	0	0	8948	57006	57006	8948	3	8945
50796	0	0	0	0	8978	56844	56844	8978	3	8975
53259	0	0	0	0	6515	57404	57404	6515	3	6512
52360	0	0	0	0	7414	56912	56912	7414	3	7411
51200	0	0	0	0	8574	57178	57178	8574	3	8571
49405	0	0	0	0	10369	56740	56740	10369	3	10366
50110	0	0	0	0	9664	57070	57070	9664	3	9661
51634	0	0	0	0	8140	57605	57605	8140	3	8137
50836	0	0	0	0	8938	57527	57527	8938	3	8935
51877	0	0	0	0	7897	56707	56707	7897	3	7894
52604	0	0	0	0	7170	57698	57698	7170	3	7167
50421	0	0	0	0	9353	57763	57763	9353	3	9350
50545	0	0	0	0	9229	57661	57661	9229	3	9226
51418	0	0	0	0	8356	55044	55044	8356	3	8353
49094	0	0	0	0	10680	57928	57928	10680	3	10677
51176	0	0	0	0	8598	57730	57730	8598	3	8595
51182	0	0	0	0	8592	56657	56657	8592	3	8589
50187	0	0	0	0	9587	57609	57609	9587	3	9584
50021	0	0	0	0	9753	57649	57649	9753	3	9750
51912	0	0	0	0	7862	57055	57055	7862	3	7859
50448	0	0	0	0	9326	57204	57204	9326	3	9323
52020	0	0	0	0	7754	56322	56322	7754	3	7751
50230	0	0	0	0	9544	57036	57036	9544	3	9541
50058	0	0	0	0	9716	57828	57828	9716	3	9713
50136	0	0	0	0	9638	57682	57682	9638	3	9635
50498	0	0	0	0	9276	57641	57641	9276	3	9273
51068	0	0	0	0	8706	57608	57608	8706	3	8703
51244	0	0	0	0	8530	57578	57578	8530	3	8527
52558	0	0	0	0	7216	56329	56329	7216	3	7213
50602	0	0	0	0	9172	57618	57618	9172	3	9169
50486	0	0	0	0	9288	56454	56454	9288	3	9285
50901	0	0	0	0	8873	57469	57469	8873	3	8870
49614	0	0	0	0	10160	57614	57614	10160	3	10157
50048	0	0	0	0	9726	56878	56878	9726	3	9723
49217	0	0	0	0	10557	57397	57397	10557	3	10554
51014	0	0	0	0	8760	56338	56338	8760	3	8757
