59699	0	0	0	0	75	34344	34344	75	3	72
59735	0	0	0	0	39	35003	35003	39	3	36
59653	0	0	0	0	121	37540	37540	121	3	118
59762	0	0	0	0	12	33076	33076	12	3	9
59240	0	0	0	0	534	54799	54799	534	3	531
59667	0	0	0	0	107	35306	35306	107	3	104
59141	0	0	0	0	633	57075	57075	633	3	630
59155	0	0	0	0	619	54687	54687	619	3	616
59632	0	0	0	0	142	42737	42737	142	3	139
59189	0	0	0	0	585	56852	56852	585	3	582
59693	0	0	0	0	81	35448	35448	81	3	78
59694	0	0	0	0	80	34396	34396	80	3	77
59716	0	0	0	0	58	33598	33598	58	3	55
59668	0	0	0	0	106	34585	34585	106	3	103
59676	0	0	0	0	98	35182	35182	98	3	95
59638	0	0	0	0	136	36260	36260	136	3	133
59074	0	0	0	0	700	56221	56221	700	3	697
59353	0	0	0	0	421	53109	53109	421	3	418
58999	0	0	0	0	775	57220	57220	775	3	772
58960	0	0	0	0	814	57013	57013	814	3	811
59446	0	0	0	0	328	51994	51994	328	3	325
59665	0	0	0	0	109	33843	33843	109	3	106
59711	0	0	0	0	63	35582	35582	63	3	60
59699	0	0	0	0	75	34181	34181	75	3	72
59059	0	0	0	0	715	56924	56924	715	3	712
59489	0	0	0	0	285	42884	42884	285	3	282
59273	0	0	0	0	501	54219	54219	501	3	498
58985	0	0	0	0	789	56933	56933	789	3	786
59237	0	0	0	0	537	56529	56529	537	3	534
59657	0	0	0	0	117	34892	34892	117	3	114
59670	0	0	0	0	104	34224	34224	104	3	101
59152	0	0	0	0	622	57206	57206	622	3	619
59645	0	0	0	0	129	36439	36439	129	3	126
59217	0	0	0	0	557	56103	56103	557	3	554
59037	0	0	0	0	737	55894	55894	737	3	734
59073	0	0	0	0	701	55764	55764	701	3	698
59741	0	0	0	0	33	33259	33259	33	3	30
59335	0	0	0	0	439	55221	55221	439	3	436
59661	0	0	0	0	113	35641	35641	113	3	110
59649	0	0	0	0	125	35746	35746	125	3	122
59073	0	0	0	0	701	56026	56026	701	3	698
59673	0	0	0	0	101	36344	36344	101	3	98
59028	0	0	0	0	746	55866	55866	746	3	743
59105	0	0	0	0	669	56803	56803	669	3	666
59291	0	0	0	0	483	49675	49675	483	3	480
58982	0	0	0	0	792	57098	57098	792	3	789
59671	0	0	0	0	103	34415	34415	103	3	100
59704	0	0	0	0	70	35525	35525	70	3	67
59115	0	0	0	0	659	56527	56527	659	3	656
59318	0	0	0	0	456	55693	55693	456	3	453
59100	0	0	0	0	674	56015	56015	674	3	671
59647	0	0	0	0	127	36013	36013	127	3	124
59516	0	0	0	0	258	52125	52125	258	3	255
59124	0	0	0	0	650	56738	56738	650	3	647
59703	0	0	0	0	71	34585	34585	71	3	68
59114	0	0	0	0	660	57179	57179	660	3	657
59064	0	0	0	0	710	56963	56963	710	3	707
59227	0	0	0	0	547	55965	55965	547	3	544
59204	0	0	0	0	570	56362	56362	570	3	567
59700	0	0	0	0	74	34248	34248	74	3	71
59676	0	0	0	0	98	35243	35243	98	3	95
59659	0	0	0	0	115	38363	38363	115	3	112
59417	0	0	0	0	357	50411	50411	357	3	354
59258	0	0	0	0	516	52095	52095	516	3	513
58934	0	0	0	0	840	55738	55738	840	3	837
59088	0	0	0	0	686	58210	58210	686	3	683
59225	0	0	0	0	549	56272	56272	549	3	546
59623	0	0	0	0	151	35462	35462	151	3	148
58958	0	0	0	0	816	57039	57039	816	3	813
59719	0	0	0	0	55	35542	35542	55	3	52
59403	0	0	0	0	371	42498	42498	371	3	368
59061	0	0	0	0	713	57862	57862	713	3	710
59164	0	0	0	0	610	55431	55431	610	3	607
59667	0	0	0	0	107	34917	34917	107	3	104
59070	0	0	0	0	704	56789	56789	704	3	701
59491	0	0	0	0	283	41545	41545	283	3	280
59626	0	0	0	0	148	35419	35419	148	3	145
59114	0	0	0	0	660	54546	54546	660	3	657
59283	0	0	0	0	491	56297	56297	491	3	488
59292	0	0	0	0	482	54943	54943	482	3	479
59192	0	0	0	0	582	50124	50124	582	3	579
59527	0	0	0	0	247	43392	43392	247	3	244
58973	0	0	0	0	801	57048	57048	801	3	798
59320	0	0	0	0	454	51036	51036	454	3	451
59419	0	0	0	0	355	45176	45176	355	3	352
59230	0	0	0	0	544	51860	51860	544	3	541
59611	0	0	0	0	163	36844	36844	163	3	160
59232	0	0	0	0	542	55712	55712	542	3	539
59171	0	0	0	0	603	53365	53365	603	3	600
59099	0	0	0	0	675	57264	57264	675	3	672
59686	0	0	0	0	88	35853	35853	88	3	85
59295	0	0	0	0	479	54706	54706	479	3	476
59709	0	0	0	0	65	35268	35268	65	3	62
59136	0	0	0	0	638	57528	57528	638	3	635
59709	0	0	0	0	65	33887	33887	65	3	62
59203	0	0	0	0	571	56825	56825	571	3	568
59143	0	0	0	0	631	56485	56485	631	3	628
59227	0	0	0	0	547	57388	57388	547	3	544
59389	0	0	0	0	385	52072	52072	385	3	382
59108	0	0	0	0	666	56681	56681	666	3	663
59244	0	0	0	0	530	56306	56306	530	3	527
59062	0	0	0	0	712	56573	56573	712	3	709
59226	0	0	0	0	548	57020	57020	548	3	545
59080	0	0	0	0	694	56655	56655	694	3	691
59694	0	0	0	0	80	34877	34877	80	3	77
59360	0	0	0	0	414	54706	54706	414	3	411
59621	0	0	0	0	153	35132	35132	153	3	150
59623	0	0	0	0	151	35303	35303	151	3	148
59226	0	0	0	0	548	55663	55663	548	3	545
59716	0	0	0	0	58	35807	35807	58	3	55
59226	0	0	0	0	548	56284	56284	548	3	545
59657	0	0	0	0	117	37299	37299	117	3	114
59156	0	0	0	0	618	56260	56260	618	3	615
59021	0	0	0	0	753	57168	57168	753	3	750
59709	0	0	0	0	65	35585	35585	65	3	62
59132	0	0	0	0	642	57398	57398	642	3	639
59193	0	0	0	0	581	57156	57156	581	3	578
59746	0	0	0	0	28	34797	34797	28	3	25
59640	0	0	0	0	134	36305	36305	134	3	131
59565	0	0	0	0	209	43235	43235	209	3	206
59710	0	0	0	0	64	34627	34627	64	3	61
59179	0	0	0	0	595	55531	55531	595	3	592
59639	0	0	0	0	135	39032	39032	135	3	132
58866	0	0	0	0	908	56513	56513	908	3	905
59673	0	0	0	0	101	34894	34894	101	3	98
59643	0	0	0	0	131	36990	36990	131	3	128
59044	0	0	0	0	730	57842	57842	730	3	727
59676	0	0	0	0	98	36735	36735	98	3	95
59690	0	0	0	0	84	36267	36267	84	3	81
59686	0	0	0	0	88	34737	34737	88	3	85
59029	0	0	0	0	745	56528	56528	745	3	742
59680	0	0	0	0	94	36331	36331	94	3	91
59755	0	0	0	0	19	35148	35148	19	3	16
59672	0	0	0	0	102	35209	35209	102	3	99
59656	0	0	0	0	118	36176	36176	118	3	115
59737	0	0	0	0	37	35532	35532	37	3	34
59391	0	0	0	0	383	45522	45522	383	3	380
59707	0	0	0	0	67	33837	33837	67	3	64
59439	0	0	0	0	335	53419	53419	335	3	332
59739	0	0	0	0	35	32860	32860	35	3	32
59691	0	0	0	0	83	35490	35490	83	3	80
59529	0	0	0	0	245	41316	41316	245	3	242
59046	0	0	0	0	728	57009	57009	728	3	725
59692	0	0	0	0	82	35412	35412	82	3	79
59658	0	0	0	0	116	35760	35760	116	3	113
59662	0	0	0	0	112	36587	36587	112	3	109
59650	0	0	0	0	124	34512	34512	124	3	121
59121	0	0	0	0	653	57232	57232	653	3	650
59167	0	0	0	0	607	56159	56159	607	3	604
59672	0	0	0	0	102	35261	35261	102	3	99
59206	0	0	0	0	568	56430	56430	568	3	565
59171	0	0	0	0	603	56710	56710	603	3	600
59624	0	0	0	0	150	35629	35629	150	3	147
59024	0	0	0	0	750	56787	56787	750	3	747
59749	0	0	0	0	25	35533	35533	25	3	22
59689	0	0	0	0	85	34853	34853	85	3	82
59701	0	0	0	0	73	34179	34179	73	3	70
59672	0	0	0	0	102	34645	34645	102	3	99
59187	0	0	0	0	587	56195	56195	587	3	584
59600	0	0	0	0	174	40143	40143	174	3	171
59093	0	0	0	0	681	54412	54412	681	3	678
59676	0	0	0	0	98	35595	35595	98	3	95
59647	0	0	0	0	127	35285	35285	127	3	124
59653	0	0	0	0	121	35905	35905	121	3	118
59451	0	0	0	0	323	42956	42956	323	3	320
59099	0	0	0	0	675	56586	56586	675	3	672
59172	0	0	0	0	602	56914	56914	602	3	599
59239	0	0	0	0	535	57058	57058	535	3	532
59667	0	0	0	0	107	35148	35148	107	3	104
59360	0	0	0	0	414	51794	51794	414	3	411
59723	0	0	0	0	51	36834	36834	51	3	48
59692	0	0	0	0	82	35007	35007	82	3	79
59492	0	0	0	0	282	40867	40867	282	3	279
59583	0	0	0	0	191	40813	40813	191	3	188
59525	0	0	0	0	249	42427	42427	249	3	246
59527	0	0	0	0	247	49450	49450	247	3	244
59154	0	0	0	0	620	57300	57300	620	3	617
59156	0	0	0	0	618	55812	55812	618	3	615
59623	0	0	0	0	151	36792	36792	151	3	148
58870	0	0	0	0	904	56900	56900	904	3	901
59533	0	0	0	0	241	41576	41576	241	3	238
59624	0	0	0	0	150	35945	35945	150	3	147
59170	0	0	0	0	604	56025	56025	604	3	601
59113	0	0	0	0	661	55349	55349	661	3	658
59066	0	0	0	0	708	57188	57188	708	3	705
59423	0	0	0	0	351	45541	45541	351	3	348
59483	0	0	0	0	291	50713	50713	291	3	288
59103	0	0	0	0	671	55379	55379	671	3	668
59360	0	0	0	0	414	45840	45840	414	3	411
59660	0	0	0	0	114	35586	35586	114	3	111
59232	0	0	0	0	542	55679	55679	542	3	539
59553	0	0	0	0	221	40468	40468	221	3	218
59607	0	0	0	0	167	43279	43279	167	3	164
59572	0	0	0	0	202	35473	35473	202	3	199
59150	0	0	0	0	624	51943	51943	624	3	621
59656	0	0	0	0	118	35119	35119	118	3	115
59200	0	0	0	0	574	56216	56216	574	3	571
59169	0	0	0	0	605	55153	55153	605	3	602
59029	0	0	0	0	745	55171	55171	745	3	742
59222	0	0	0	0	552	52457	52457	552	3	549
59698	0	0	0	0	76	34273	34273	76	3	73
59718	0	0	0	0	56	34609	34609	56	3	53
59103	0	0	0	0	671	56197	56197	671	3	668
59655	0	0	0	0	119	35747	35747	119	3	116
59333	0	0	0	0	441	56005	56005	441	3	438
59700	0	0	0	0	74	35532	35532	74	3	71
59185	0	0	0	0	589	55646	55646	589	3	586
59668	0	0	0	0	106	35322	35322	106	3	103
59048	0	0	0	0	726	56947	56947	726	3	723
59111	0	0	0	0	663	55600	55600	663	3	660
59253	0	0	0	0	521	53276	53276	521	3	518
59038	0	0	0	0	736	55793	55793	736	3	733
59149	0	0	0	0	625	56171	56171	625	3	622
59386	0	0	0	0	388	52775	52775	388	3	385
59196	0	0	0	0	578	56590	56590	578	3	575
59120	0	0	0	0	654	56062	56062	654	3	651
59002	0	0	0	0	772	56816	56816	772	3	769
59745	0	0	0	0	29	34570	34570	29	3	26
59718	0	0	0	0	56	36255	36255	56	3	53
58957	0	0	0	0	817	56111	56111	817	3	814
59322	0	0	0	0	452	49872	49872	452	3	449
59425	0	0	0	0	349	39541	39541	349	3	346
59060	0	0	0	0	714	56594	56594	714	3	711
59422	0	0	0	0	352	53481	53481	352	3	349
59205	0	0	0	0	569	55823	55823	569	3	566
59284	0	0	0	0	490	52643	52643	490	3	487
59699	0	0	0	0	75	34595	34595	75	3	72
59641	0	0	0	0	133	38233	38233	133	3	130
59032	0	0	0	0	742	56869	56869	742	3	739
59705	0	0	0	0	69	39021	39021	69	3	66
59730	0	0	0	0	44	35300	35300	44	3	41
59704	0	0	0	0	70	34556	34556	70	3	67
59097	0	0	0	0	677	56623	56623	677	3	674
59036	0	0	0	0	738	56397	56397	738	3	735
59085	0	0	0	0	689	56837	56837	689	3	686
59709	0	0	0	0	65	34577	34577	65	3	62
59057	0	0	0	0	717	56972	56972	717	3	714
59691	0	0	0	0	83	34210	34210	83	3	80
59293	0	0	0	0	481	53597	53597	481	3	478
59037	0	0	0	0	737	56891	56891	737	3	734
59669	0	0	0	0	105	37253	37253	105	3	102
59294	0	0	0	0	480	55763	55763	480	3	477
59675	0	0	0	0	99	35427	35427	99	3	96
59345	0	0	0	0	429	51012	51012	429	3	426
59487	0	0	0	0	287	43059	43059	287	3	284
59121	0	0	0	0	653	56673	56673	653	3	650
59654	0	0	0	0	120	34431	34431	120	3	117
58875	0	0	0	0	899	56968	56968	899	3	896
59435	0	0	0	0	339	53978	53978	339	3	336
59144	0	0	0	0	630	57047	57047	630	3	627
59680	0	0	0	0	94	35756	35756	94	3	91
59180	0	0	0	0	594	57702	57702	594	3	591
59380	0	0	0	0	394	50101	50101	394	3	391
59082	0	0	0	0	692	57544	57544	692	3	689
59247	0	0	0	0	527	54002	54002	527	3	524
59125	0	0	0	0	649	56023	56023	649	3	646
59674	0	0	0	0	100	35239	35239	100	3	97
59732	0	0	0	0	42	36703	36703	42	3	39
59007	0	0	0	0	767	57385	57385	767	3	764
59152	0	0	0	0	622	56942	56942	622	3	619
59655	0	0	0	0	119	34581	34581	119	3	116
59011	0	0	0	0	763	57328	57328	763	3	760
59617	0	0	0	0	157	42983	42983	157	3	154
59241	0	0	0	0	533	56677	56677	533	3	530
59178	0	0	0	0	596	55530	55530	596	3	593
59130	0	0	0	0	644	57016	57016	644	3	641
59273	0	0	0	0	501	52606	52606	501	3	498
59637	0	0	0	0	137	39161	39161	137	3	134
59665	0	0	0	0	109	34527	34527	109	3	106
59738	0	0	0	0	36	33916	33916	36	3	33
59186	0	0	0	0	588	56900	56900	588	3	585
59058	0	0	0	0	716	56869	56869	716	3	713
59180	0	0	0	0	594	57143	57143	594	3	591
59737	0	0	0	0	37	34841	34841	37	3	34
59663	0	0	0	0	111	35486	35486	111	3	108
59746	0	0	0	0	28	34062	34062	28	3	25
59698	0	0	0	0	76	34394	34394	76	3	73
59672	0	0	0	0	102	34929	34929	102	3	99
59139	0	0	0	0	635	56155	56155	635	3	632
59697	0	0	0	0	77	35808	35808	77	3	74
59036	0	0	0	0	738	57037	57037	738	3	735
59323	0	0	0	0	451	55365	55365	451	3	448
59496	0	0	0	0	278	44293	44293	278	3	275
58976	0	0	0	0	798	56220	56220	798	3	795
58997	0	0	0	0	777	57030	57030	777	3	774
59009	0	0	0	0	765	57257	57257	765	3	762
59705	0	0	0	0	69	34416	34416	69	3	66
59672	0	0	0	0	102	35553	35553	102	3	99
59737	0	0	0	0	37	35762	35762	37	3	34
59739	0	0	0	0	35	33378	33378	35	3	32
59750	0	0	0	0	24	34736	34736	24	3	21
59046	0	0	0	0	728	56087	56087	728	3	725
59363	0	0	0	0	411	50292	50292	411	3	408
59093	0	0	0	0	681	55092	55092	681	3	678
59643	0	0	0	0	131	36009	36009	131	3	128
59126	0	0	0	0	648	56317	56317	648	3	645
59688	0	0	0	0	86	35822	35822	86	3	83
59207	0	0	0	0	567	56394	56394	567	3	564
59032	0	0	0	0	742	57156	57156	742	3	739
59692	0	0	0	0	82	35748	35748	82	3	79
59697	0	0	0	0	77	35619	35619	77	3	74
58973	0	0	0	0	801	57168	57168	801	3	798
59678	0	0	0	0	96	35322	35322	96	3	93
59679	0	0	0	0	95	35584	35584	95	3	92
59144	0	0	0	0	630	56102	56102	630	3	627
59714	0	0	0	0	60	34365	34365	60	3	57
59681	0	0	0	0	93	35384	35384	93	3	90
59206	0	0	0	0	568	54310	54310	568	3	565
59068	0	0	0	0	706	57060	57060	706	3	703
59150	0	0	0	0	624	55424	55424	624	3	621
59663	0	0	0	0	111	34964	34964	111	3	108
59302	0	0	0	0	472	54538	54538	472	3	469
59686	0	0	0	0	88	35175	35175	88	3	85
58956	0	0	0	0	818	55859	55859	818	3	815
59244	0	0	0	0	530	56891	56891	530	3	527
59642	0	0	0	0	132	35826	35826	132	3	129
59110	0	0	0	0	664	56082	56082	664	3	661
59201	0	0	0	0	573	56296	56296	573	3	570
59661	0	0	0	0	113	35418	35418	113	3	110
59004	0	0	0	0	770	56483	56483	770	3	767
59040	0	0	0	0	734	56032	56032	734	3	731
59244	0	0	0	0	530	52117	52117	530	3	527
59010	0	0	0	0	764	57200	57200	764	3	761
59445	0	0	0	0	329	53849	53849	329	3	326
59312	0	0	0	0	462	53769	53769	462	3	459
59639	0	0	0	0	135	35893	35893	135	3	132
59652	0	0	0	0	122	35888	35888	122	3	119
59592	0	0	0	0	182	44020	44020	182	3	179
59706	0	0	0	0	68	37262	37262	68	3	65
59209	0	0	0	0	565	53510	53510	565	3	562
59156	0	0	0	0	618	53996	53996	618	3	615
59180	0	0	0	0	594	53637	53637	594	3	591
59095	0	0	0	0	679	56928	56928	679	3	676
59189	0	0	0	0	585	51294	51294	585	3	582
59178	0	0	0	0	596	53351	53351	596	3	593
59073	0	0	0	0	701	54360	54360	701	3	698
59704	0	0	0	0	70	33514	33514	70	3	67
59724	0	0	0	0	50	34708	34708	50	3	47
59675	0	0	0	0	99	34386	34386	99	3	96
59701	0	0	0	0	73	35934	35934	73	3	70
59031	0	0	0	0	743	56583	56583	743	3	740
59181	0	0	0	0	593	57331	57331	593	3	590
59720	0	0	0	0	54	34605	34605	54	3	51
59574	0	0	0	0	200	41176	41176	200	3	197
59269	0	0	0	0	505	53072	53072	505	3	502
59706	0	0	0	0	68	34732	34732	68	3	65
58919	0	0	0	0	855	56182	56182	855	3	852
59618	0	0	0	0	156	36293	36293	156	3	153
59522	0	0	0	0	252	40134	40134	252	3	249
59705	0	0	0	0	69	34797	34797	69	3	66
59626	0	0	0	0	148	37046	37046	148	3	145
59235	0	0	0	0	539	55325	55325	539	3	536
59722	0	0	0	0	52	35536	35536	52	3	49
59115	0	0	0	0	659	56472	56472	659	3	656
59251	0	0	0	0	523	55851	55851	523	3	520
59154	0	0	0	0	620	55629	55629	620	3	617
59112	0	0	0	0	662	57348	57348	662	3	659
59691	0	0	0	0	83	35018	35018	83	3	80
59098	0	0	0	0	676	56819	56819	676	3	673
58972	0	0	0	0	802	56912	56912	802	3	799
59555	0	0	0	0	219	43357	43357	219	3	216
59345	0	0	0	0	429	53565	53565	429	3	426
59380	0	0	0	0	394	53817	53817	394	3	391
59266	0	0	0	0	508	55182	55182	508	3	505
59250	0	0	0	0	524	55914	55914	524	3	521
59097	0	0	0	0	677	55947	55947	677	3	674
59228	0	0	0	0	546	56946	56946	546	3	543
59655	0	0	0	0	119	35605	35605	119	3	116
58967	0	0	0	0	807	57068	57068	807	3	804
59107	0	0	0	0	667	54587	54587	667	3	664
59149	0	0	0	0	625	55609	55609	625	3	622
59670	0	0	0	0	104	34750	34750	104	3	101
59073	0	0	0	0	701	56148	56148	701	3	698
59709	0	0	0	0	65	34613	34613	65	3	62
59256	0	0	0	0	518	56212	56212	518	3	515
59634	0	0	0	0	140	36428	36428	140	3	137
59145	0	0	0	0	629	57389	57389	629	3	626
59245	0	0	0	0	529	55202	55202	529	3	526
59122	0	0	0	0	652	55928	55928	652	3	649
58855	0	0	0	0	919	55994	55994	919	3	916
59677	0	0	0	0	97	35809	35809	97	3	94
59637	0	0	0	0	137	37404	37404	137	3	134
59655	0	0	0	0	119	35199	35199	119	3	116
59216	0	0	0	0	558	56509	56509	558	3	555
59660	0	0	0	0	114	35762	35762	114	3	111
59256	0	0	0	0	518	49862	49862	518	3	515
59670	0	0	0	0	104	35522	35522	104	3	101
59686	0	0	0	0	88	35605	35605	88	3	85
59135	0	0	0	0	639	56122	56122	639	3	636
59563	0	0	0	0	211	43617	43617	211	3	208
59214	0	0	0	0	560	54284	54284	560	3	557
59678	0	0	0	0	96	37091	37091	96	3	93
59685	0	0	0	0	89	34614	34614	89	3	86
59733	0	0	0	0	41	34750	34750	41	3	38
59584	0	0	0	0	190	34681	34681	190	3	187
58946	0	0	0	0	828	56838	56838	828	3	825
59150	0	0	0	0	624	56867	56867	624	3	621
59619	0	0	0	0	155	36031	36031	155	3	152
59251	0	0	0	0	523	55355	55355	523	3	520
59478	0	0	0	0	296	40430	40430	296	3	293
59368	0	0	0	0	406	49559	49559	406	3	403
59702	0	0	0	0	72	35148	35148	72	3	69
59084	0	0	0	0	690	55797	55797	690	3	687
59658	0	0	0	0	116	38211	38211	116	3	113
59105	0	0	0	0	669	56897	56897	669	3	666
59634	0	0	0	0	140	40687	40687	140	3	137
59231	0	0	0	0	543	56134	56134	543	3	540
59235	0	0	0	0	539	57363	57363	539	3	536
58905	0	0	0	0	869	56390	56390	869	3	866
59714	0	0	0	0	60	35550	35550	60	3	57
59659	0	0	0	0	115	36302	36302	115	3	112
59430	0	0	0	0	344	50249	50249	344	3	341
59638	0	0	0	0	136	36300	36300	136	3	133
58991	0	0	0	0	783	57110	57110	783	3	780
59429	0	0	0	0	345	42382	42382	345	3	342
59238	0	0	0	0	536	56802	56802	536	3	533
59049	0	0	0	0	725	56449	56449	725	3	722
59033	0	0	0	0	741	56616	56616	741	3	738
59536	0	0	0	0	238	38388	38388	238	3	235
59316	0	0	0	0	458	56540	56540	458	3	455
59203	0	0	0	0	571	55258	55258	571	3	568
59032	0	0	0	0	742	55663	55663	742	3	739
59133	0	0	0	0	641	56455	56455	641	3	638
59625	0	0	0	0	149	35134	35134	149	3	146
59323	0	0	0	0	451	50863	50863	451	3	448
59662	0	0	0	0	112	35145	35145	112	3	109
59706	0	0	0	0	68	36045	36045	68	3	65
59699	0	0	0	0	75	36404	36404	75	3	72
59013	0	0	0	0	761	56344	56344	761	3	758
59657	0	0	0	0	117	37508	37508	117	3	114
59533	0	0	0	0	241	39386	39386	241	3	238
59215	0	0	0	0	559	49284	49284	559	3	556
59200	0	0	0	0	574	56262	56262	574	3	571
58885	0	0	0	0	889	57235	57235	889	3	886
59731	0	0	0	0	43	35142	35142	43	3	40
59669	0	0	0	0	105	34122	34122	105	3	102
59681	0	0	0	0	93	34553	34553	93	3	90
59245	0	0	0	0	529	53996	53996	529	3	526
59676	0	0	0	0	98	36525	36525	98	3	95
59054	0	0	0	0	720	57264	57264	720	3	717
59324	0	0	0	0	450	50331	50331	450	3	447
59242	0	0	0	0	532	54739	54739	532	3	529
59457	0	0	0	0	317	43130	43130	317	3	314
59704	0	0	0	0	70	35673	35673	70	3	67
59256	0	0	0	0	518	55142	55142	518	3	515
59253	0	0	0	0	521	55514	55514	521	3	518
59246	0	0	0	0	528	57043	57043	528	3	525
59269	0	0	0	0	505	55248	55248	505	3	502
59756	0	0	0	0	18	34214	34214	18	3	15
59282	0	0	0	0	492	54000	54000	492	3	489
59687	0	0	0	0	87	35687	35687	87	3	84
59237	0	0	0	0	537	57289	57289	537	3	534
59192	0	0	0	0	582	57069	57069	582	3	579
59733	0	0	0	0	41	35046	35046	41	3	38
59657	0	0	0	0	117	35382	35382	117	3	114
59147	0	0	0	0	627	56947	56947	627	3	624
59004	0	0	0	0	770	57071	57071	770	3	767
59006	0	0	0	0	768	55966	55966	768	3	765
59295	0	0	0	0	479	51614	51614	479	3	476
59690	0	0	0	0	84	36866	36866	84	3	81
59181	0	0	0	0	593	56682	56682	593	3	590
59292	0	0	0	0	482	56340	56340	482	3	479
59633	0	0	0	0	141	35132	35132	141	3	138
59208	0	0	0	0	566	54655	54655	566	3	563
59326	0	0	0	0	448	56751	56751	448	3	445
59699	0	0	0	0	75	35704	35704	75	3	72
59109	0	0	0	0	665	57029	57029	665	3	662
59651	0	0	0	0	123	35868	35868	123	3	120
59135	0	0	0	0	639	57178	57178	639	3	636
59663	0	0	0	0	111	34904	34904	111	3	108
59233	0	0	0	0	541	54290	54290	541	3	538
59240	0	0	0	0	534	56442	56442	534	3	531
59634	0	0	0	0	140	35719	35719	140	3	137
59675	0	0	0	0	99	34961	34961	99	3	96
59226	0	0	0	0	548	56012	56012	548	3	545
59183	0	0	0	0	591	56655	56655	591	3	588
59055	0	0	0	0	719	57207	57207	719	3	716
58958	0	0	0	0	816	56645	56645	816	3	813
59262	0	0	0	0	512	53941	53941	512	3	509
58928	0	0	0	0	846	57145	57145	846	3	843
59378	0	0	0	0	396	43997	43997	396	3	393
58994	0	0	0	0	780	57344	57344	780	3	777
59256	0	0	0	0	518	54172	54172	518	3	515
59658	0	0	0	0	116	35612	35612	116	3	113
59059	0	0	0	0	715	55694	55694	715	3	712
58953	0	0	0	0	821	56585	56585	821	3	818
59457	0	0	0	0	317	41127	41127	317	3	314
59723	0	0	0	0	51	35454	35454	51	3	48
59730	0	0	0	0	44	33925	33925	44	3	41
59219	0	0	0	0	555	57265	57265	555	3	552
59705	0	0	0	0	69	35440	35440	69	3	66
59010	0	0	0	0	764	56748	56748	764	3	761
59168	0	0	0	0	606	55664	55664	606	3	603
59117	0	0	0	0	657	55260	55260	657	3	654
59060	0	0	0	0	714	56898	56898	714	3	711
59216	0	0	0	0	558	52627	52627	558	3	555
59073	0	0	0	0	701	57106	57106	701	3	698
59096	0	0	0	0	678	56218	56218	678	3	675
59230	0	0	0	0	544	56767	56767	544	3	541
59318	0	0	0	0	456	51132	51132	456	3	453
