42622	0	0	0	0	17152	44652	44652	17152	14460	2692
42440	0	0	0	0	17334	44561	44561	17334	14467	2867
42703	0	0	0	0	17071	44415	44415	17071	14252	2819
42574	0	0	0	0	17200	44394	44394	17200	14246	2954
42669	0	0	0	0	17105	44444	44443	17105	14276	2829
42584	0	0	0	0	17190	44580	44580	17190	14470	2720
42514	0	0	0	0	17260	44631	44629	17260	14500	2760
42607	0	0	0	0	17167	44618	44618	17167	14511	2656
42828	0	0	0	0	16946	44443	44443	16946	14290	2656
42632	0	0	0	0	17142	44432	44432	17142	14245	2897
42245	0	0	0	0	17529	44730	44729	17529	14536	2993
42724	0	0	0	0	17050	44612	44612	17050	14405	2645
42537	0	0	0	0	17237	44740	44740	17237	14588	2649
42560	0	0	0	0	17214	44397	44396	17214	14252	2962
42656	0	0	0	0	17118	44641	44640	17118	14441	2677
42644	0	0	0	0	17130	44625	44625	17130	14484	2646
42111	0	0	0	0	17663	44662	44662	17663	14498	3165
42461	0	0	0	0	17313	44375	44375	17313	14267	3046
42835	0	0	0	0	16939	44633	44633	16939	14470	2469
42467	0	0	0	0	17307	44350	44349	17307	14212	3095
42634	0	0	0	0	17140	44633	44633	17140	14484	2656
42864	0	0	0	0	16910	44328	44327	16910	14231	2679
42463	0	0	0	0	17311	44633	44633	17311	14489	2822
42685	0	0	0	0	17089	44397	44396	17089	14223	2866
42476	0	0	0	0	17298	44581	44580	17298	14491	2807
42511	0	0	0	0	17263	44419	44418	17263	14296	2967
42592	0	0	0	0	17182	44390	44388	17182	14242	2940
42640	0	0	0	0	17134	44401	44400	17134	14250	2884
42639	0	0	0	0	17135	44541	44540	17135	14272	2863
42603	0	0	0	0	17171	44447	44446	17171	14214	2957
42412	0	0	0	0	17362	44612	44612	17362	14503	2859
42643	0	0	0	0	17131	44400	44400	17131	14270	2861
42907	0	0	0	0	16867	44482	44482	16867	14231	2636
42868	0	0	0	0	16906	44495	44494	16906	14269	2637
42786	0	0	0	0	16988	44376	44376	16988	14255	2733
42625	0	0	0	0	17149	44523	44523	17149	14462	2687
42817	0	0	0	0	16957	44617	44616	16957	14435	2522
42637	0	0	0	0	17137	44391	44390	17137	14288	2849
42693	0	0	0	0	17081	44428	44427	17081	14288	2793
42492	0	0	0	0	17282	44612	44610	17282	14483	2799
42292	0	0	0	0	17482	44650	44649	17482	14463	3019
42701	0	0	0	0	17073	44579	44579	17073	14482	2591
42677	0	0	0	0	17097	44430	44430	17097	14279	2818
42737	0	0	0	0	17037	44403	44403	17037	14284	2753
42732	0	0	0	0	17042	44497	44497	17042	14283	2759
42361	0	0	0	0	17413	44560	44558	17413	14431	2982
42589	0	0	0	0	17185	44673	44672	17185	14470	2715
42881	0	0	0	0	16893	44500	44499	16893	14225	2668
42400	0	0	0	0	17374	44621	44621	17374	14463	2911
42845	0	0	0	0	16929	44348	44348	16929	14305	2624
42372	0	0	0	0	17402	44403	44402	17402	14256	3146
42156	0	0	0	0	17618	44602	44601	17618	14459	3159
42746	0	0	0	0	17028	44543	44541	17028	14301	2727
42406	0	0	0	0	17368	44626	44625	17368	14502	2866
42709	0	0	0	0	17065	44400	44399	17065	14287	2778
42437	0	0	0	0	17337	44431	44431	17337	14302	3035
42425	0	0	0	0	17349	44437	44437	17349	14283	3066
42498	0	0	0	0	17276	44662	44662	17276	14502	2774
42839	0	0	0	0	16935	44410	44410	16935	14234	2701
42626	0	0	0	0	17148	44604	44603	17148	14457	2691
42734	0	0	0	0	17040	44433	44433	17040	14287	2753
42691	0	0	0	0	17083	44468	44468	17083	14278	2805
42395	0	0	0	0	17379	44649	44649	17379	14481	2898
42335	0	0	0	0	17439	44615	44614	17439	14508	2931
42656	0	0	0	0	17118	44614	44614	17118	14457	2661
42236	0	0	0	0	17538	44645	44645	17538	14492	3046
42750	0	0	0	0	17024	44374	44372	17024	14225	2799
42756	0	0	0	0	17018	44386	44385	17018	14319	2699
42547	0	0	0	0	17227	44398	44397	17227	14272	2955
42592	0	0	0	0	17182	44612	44610	17182	14460	2722
42530	0	0	0	0	17244	44781	44781	17244	14576	2668
42410	0	0	0	0	17364	44447	44446	17364	14277	3087
42511	0	0	0	0	17263	44612	44611	17263	14461	2802
42618	0	0	0	0	17156	44636	44635	17156	14467	2689
42579	0	0	0	0	17195	44403	44402	17195	14238	2957
42479	0	0	0	0	17295	44635	44634	17295	14490	2805
42561	0	0	0	0	17213	44393	44393	17213	14232	2981
42327	0	0	0	0	17447	44603	44603	17447	14460	2987
42488	0	0	0	0	17286	44572	44571	17286	14449	2837
42636	0	0	0	0	17138	44601	44601	17138	14460	2678
42304	0	0	0	0	17470	44545	44544	17470	14466	3004
42691	0	0	0	0	17083	44431	44431	17083	14285	2798
42911	0	0	0	0	16863	44470	44470	16863	14229	2634
42614	0	0	0	0	17160	44628	44628	17160	14474	2686
42844	0	0	0	0	16930	44387	44387	16930	14273	2657
42832	0	0	0	0	16942	44429	44429	16942	14250	2692
42581	0	0	0	0	17193	44529	44529	17193	14313	2880
42376	0	0	0	0	17398	44657	44656	17398	14504	2894
42575	0	0	0	0	17199	44646	44646	17199	14485	2714
42091	0	0	0	0	17683	44629	44628	17683	14537	3146
42249	0	0	0	0	17525	44614	44613	17525	14503	3022
42340	0	0	0	0	17434	44725	44724	17434	14544	2890
42410	0	0	0	0	17364	44645	44645	17364	14498	2866
42454	0	0	0	0	17320	44414	44414	17320	14307	3013
42477	0	0	0	0	17297	44621	44620	17297	14500	2797
42790	0	0	0	0	16984	44496	44496	16984	14249	2735
42792	0	0	0	0	16982	44396	44396	16982	14267	2715
42698	0	0	0	0	17076	44558	44557	17076	14461	2615
42508	0	0	0	0	17266	44376	44376	17266	14275	2991
42665	0	0	0	0	17109	44417	44417	17109	14239	2870
42735	0	0	0	0	17039	44608	44607	17039	14458	2581
42307	0	0	0	0	17467	44622	44622	17467	14572	2895
42674	0	0	0	0	17100	44592	44591	17100	14521	2579
42715	0	0	0	0	17059	44562	44562	17059	14474	2585
42782	0	0	0	0	16992	44471	44471	16992	14277	2715
42517	0	0	0	0	17257	44628	44628	17257	14475	2782
42265	0	0	0	0	17509	44599	44599	17509	14477	3032
42810	0	0	0	0	16964	44405	44405	16964	14205	2759
42799	0	0	0	0	16975	44387	44386	16975	14231	2744
42392	0	0	0	0	17382	44571	44571	17382	14398	2984
42430	0	0	0	0	17344	44447	44447	17344	14217	3127
42612	0	0	0	0	17162	44386	44385	17162	14237	2925
42778	0	0	0	0	16996	44319	44318	16996	14280	2716
42906	0	0	0	0	16868	44437	44435	16868	14222	2646
42866	0	0	0	0	16908	44592	44592	16908	14465	2443
42249	0	0	0	0	17525	44535	44535	17525	14277	3248
42595	0	0	0	0	17179	44402	44401	17179	14241	2938
42661	0	0	0	0	17113	44356	44356	17113	14263	2850
42449	0	0	0	0	17325	44635	44635	17325	14495	2830
42454	0	0	0	0	17320	44615	44614	17320	14471	2849
42472	0	0	0	0	17302	44426	44425	17302	14313	2989
42925	0	0	0	0	16849	44394	44393	16849	14246	2603
42541	0	0	0	0	17233	44425	44425	17233	14233	3000
42561	0	0	0	0	17213	44366	44366	17213	14233	2980
42490	0	0	0	0	17284	44707	44706	17284	14533	2751
42701	0	0	0	0	17073	44434	44433	17073	14247	2826
42607	0	0	0	0	17167	44414	44413	17167	14271	2896
42213	0	0	0	0	17561	44715	44714	17561	14510	3051
42470	0	0	0	0	17304	44385	44385	17304	14257	3047
42533	0	0	0	0	17241	44625	44623	17241	14490	2751
42705	0	0	0	0	17069	44447	44446	17069	14236	2833
42421	0	0	0	0	17353	44408	44408	17353	14239	3114
42811	0	0	0	0	16963	44403	44403	16963	14288	2675
42589	0	0	0	0	17185	44618	44617	17185	14501	2684
42574	0	0	0	0	17200	44467	44467	17200	14276	2924
42702	0	0	0	0	17072	44436	44436	17072	14262	2810
42836	0	0	0	0	16938	44428	44427	16938	14268	2670
42488	0	0	0	0	17286	44363	44362	17286	14244	3042
42776	0	0	0	0	16998	44381	44379	16998	14266	2732
42548	0	0	0	0	17226	44396	44396	17226	14281	2945
42364	0	0	0	0	17410	44653	44652	17410	14496	2914
42815	0	0	0	0	16959	44414	44414	16959	14245	2714
42620	0	0	0	0	17154	44438	44438	17154	14271	2883
42496	0	0	0	0	17278	44588	44587	17278	14479	2799
42496	0	0	0	0	17278	44482	44482	17278	14279	2999
42345	0	0	0	0	17429	44608	44606	17429	14516	2913
42510	0	0	0	0	17264	44622	44622	17264	14463	2801
42557	0	0	0	0	17217	44610	44610	17217	14494	2723
42453	0	0	0	0	17321	44415	44415	17321	14210	3111
42716	0	0	0	0	17058	44442	44441	17058	14264	2794
42072	0	0	0	0	17702	44639	44639	17702	14502	3200
42487	0	0	0	0	17287	44659	44658	17287	14493	2794
42417	0	0	0	0	17357	44435	44435	17357	14239	3118
42800	0	0	0	0	16974	44419	44418	16974	14261	2713
42496	0	0	0	0	17278	44582	44582	17278	14465	2813
42523	0	0	0	0	17251	44615	44615	17251	14466	2785
42709	0	0	0	0	17065	44585	44584	17065	14487	2578
42620	0	0	0	0	17154	44598	44598	17154	14431	2723
42906	0	0	0	0	16868	44404	44403	16868	14273	2595
42922	0	0	0	0	16852	44349	44348	16852	14208	2644
42503	0	0	0	0	17271	44546	44546	17271	14452	2819
42727	0	0	0	0	17047	44598	44598	17047	14456	2591
42501	0	0	0	0	17273	44641	44640	17273	14500	2773
42872	0	0	0	0	16902	44402	44402	16902	14251	2651
42458	0	0	0	0	17316	44389	44388	17316	14252	3064
42780	0	0	0	0	16994	44357	44357	16994	14195	2799
42637	0	0	0	0	17137	44402	44401	17137	14278	2859
42467	0	0	0	0	17307	44617	44615	17307	14483	2824
42680	0	0	0	0	17094	44373	44372	17094	14220	2874
42552	0	0	0	0	17222	44452	44451	17222	14256	2966
42260	0	0	0	0	17514	44650	44650	17514	14510	3004
42543	0	0	0	0	17231	44611	44610	17231	14521	2710
42655	0	0	0	0	17119	44552	44552	17119	14256	2863
42792	0	0	0	0	16982	44426	44426	16982	14216	2766
42513	0	0	0	0	17261	44599	44599	17261	14496	2765
42407	0	0	0	0	17367	44405	44404	17367	14264	3103
42582	0	0	0	0	17192	44585	44585	17192	14329	2863
42336	0	0	0	0	17438	44434	44433	17438	14319	3119
42345	0	0	0	0	17429	44671	44670	17429	14500	2929
42781	0	0	0	0	16993	44404	44404	16993	14270	2723
42847	0	0	0	0	16927	44405	44405	16927	14287	2640
42298	0	0	0	0	17476	44636	44636	17476	14512	2964
42342	0	0	0	0	17432	44586	44586	17432	14436	2996
42512	0	0	0	0	17262	44375	44374	17262	14274	2988
42274	0	0	0	0	17500	44648	44648	17500	14453	3047
42640	0	0	0	0	17134	44629	44629	17134	14478	2656
42562	0	0	0	0	17212	44619	44619	17212	14472	2740
42462	0	0	0	0	17312	44644	44643	17312	14452	2860
42368	0	0	0	0	17406	44630	44629	17406	14479	2927
42529	0	0	0	0	17245	44636	44635	17245	14490	2755
42681	0	0	0	0	17093	44509	44509	17093	14241	2852
42727	0	0	0	0	17047	44356	44355	17047	14249	2798
42475	0	0	0	0	17299	44650	44650	17299	14474	2825
42712	0	0	0	0	17062	44356	44355	17062	14184	2878
42857	0	0	0	0	16917	44356	44356	16917	14244	2673
42757	0	0	0	0	17017	44588	44588	17017	14466	2551
42264	0	0	0	0	17510	44602	44600	17510	14492	3018
42540	0	0	0	0	17234	44439	44439	17234	14292	2942
42370	0	0	0	0	17404	44622	44622	17404	14474	2930
42512	0	0	0	0	17262	44384	44384	17262	14301	2961
42570	0	0	0	0	17204	44584	44584	17204	14451	2753
42534	0	0	0	0	17240	44629	44627	17240	14462	2778
42315	0	0	0	0	17459	44623	44623	17459	14492	2967
42814	0	0	0	0	16960	44415	44415	16960	14275	2685
42520	0	0	0	0	17254	44592	44592	17254	14457	2797
42308	0	0	0	0	17466	44642	44642	17466	14511	2955
42532	0	0	0	0	17242	44582	44582	17242	14489	2753
42360	0	0	0	0	17414	44576	44576	17414	14478	2936
42780	0	0	0	0	16994	44434	44434	16994	14252	2742
42976	0	0	0	0	16798	44451	44451	16798	14285	2513
42343	0	0	0	0	17431	44528	44528	17431	14336	3095
42537	0	0	0	0	17237	44499	44499	17237	14282	2955
42686	0	0	0	0	17088	44600	44600	17088	14471	2617
42662	0	0	0	0	17112	44394	44393	17112	14265	2847
42856	0	0	0	0	16918	44407	44407	16918	14235	2683
42543	0	0	0	0	17231	44362	44362	17231	14263	2968
42456	0	0	0	0	17318	44660	44660	17318	14493	2825
42780	0	0	0	0	16994	44447	44446	16994	14248	2746
42663	0	0	0	0	17111	44369	44368	17111	14247	2864
42645	0	0	0	0	17129	44393	44393	17129	14266	2863
42328	0	0	0	0	17446	44557	44556	17446	14468	2978
42526	0	0	0	0	17248	44598	44598	17248	14499	2749
42723	0	0	0	0	17051	44427	44427	17051	14203	2848
43026	0	0	0	0	16748	44468	44468	16748	14253	2495
42836	0	0	0	0	16938	44450	44450	16938	14297	2641
42370	0	0	0	0	17404	44490	44490	17404	14281	3123
42454	0	0	0	0	17320	44579	44579	17320	14501	2819
42296	0	0	0	0	17478	44408	44407	17478	14280	3198
42426	0	0	0	0	17348	44595	44595	17348	14461	2887
42383	0	0	0	0	17391	44708	44708	17391	14516	2875
42507	0	0	0	0	17267	44422	44422	17267	14231	3036
42905	0	0	0	0	16869	44402	44402	16869	14289	2580
42595	0	0	0	0	17179	44567	44567	17179	14464	2715
42965	0	0	0	0	16809	44419	44419	16809	14258	2551
42800	0	0	0	0	16974	44420	44420	16974	14292	2682
42804	0	0	0	0	16970	44379	44379	16970	14238	2732
42979	0	0	0	0	16795	44413	44413	16795	14293	2502
42573	0	0	0	0	17201	44594	44593	17201	14434	2767
42529	0	0	0	0	17245	44361	44361	17245	14241	3004
42603	0	0	0	0	17171	44596	44596	17171	14481	2690
42439	0	0	0	0	17335	44591	44590	17335	14483	2852
42668	0	0	0	0	17106	44397	44397	17106	14297	2809
42252	0	0	0	0	17522	44581	44581	17522	14492	3030
42787	0	0	0	0	16987	44376	44376	16987	14288	2699
42371	0	0	0	0	17403	44583	44581	17403	14479	2924
42375	0	0	0	0	17399	44588	44588	17399	14432	2967
42993	0	0	0	0	16781	44393	44393	16781	14246	2535
42519	0	0	0	0	17255	44621	44620	17255	14520	2735
42687	0	0	0	0	17087	44482	44480	17087	14251	2836
42466	0	0	0	0	17308	44667	44667	17308	14455	2853
42831	0	0	0	0	16943	44428	44428	16943	14251	2692
42737	0	0	0	0	17037	44435	44435	17037	14239	2798
42439	0	0	0	0	17335	44530	44530	17335	14457	2878
42248	0	0	0	0	17526	44600	44600	17526	14432	3094
42802	0	0	0	0	16972	44585	44584	16972	14446	2526
42349	0	0	0	0	17425	44646	44646	17425	14468	2957
42487	0	0	0	0	17287	44524	44524	17287	14455	2832
42259	0	0	0	0	17515	44627	44625	17515	14486	3029
42786	0	0	0	0	16988	44384	44384	16988	14284	2704
42850	0	0	0	0	16924	44594	44592	16924	14454	2470
42672	0	0	0	0	17102	44410	44409	17102	14284	2818
42788	0	0	0	0	16986	44426	44426	16986	14207	2779
42784	0	0	0	0	16990	44598	44597	16990	14503	2487
42870	0	0	0	0	16904	44420	44419	16904	14236	2668
42588	0	0	0	0	17186	44637	44637	17186	14471	2715
42485	0	0	0	0	17289	44667	44667	17289	14484	2805
42418	0	0	0	0	17356	44613	44613	17356	14528	2828
42301	0	0	0	0	17473	44631	44631	17473	14486	2987
42527	0	0	0	0	17247	44616	44614	17247	14485	2762
42753	0	0	0	0	17021	44372	44372	17021	14233	2788
42428	0	0	0	0	17346	44651	44651	17346	14479	2867
42478	0	0	0	0	17296	44625	44625	17296	14512	2784
42812	0	0	0	0	16962	44415	44415	16962	14269	2693
42923	0	0	0	0	16851	44460	44460	16851	14230	2621
42388	0	0	0	0	17386	44627	44627	17386	14525	2861
41992	0	0	0	0	17782	44615	44614	17782	14487	3295
42602	0	0	0	0	17172	44601	44600	17172	14484	2688
42426	0	0	0	0	17348	44681	44681	17348	14507	2841
42717	0	0	0	0	17057	44428	44428	17057	14290	2767
42779	0	0	0	0	16995	44450	44450	16995	14302	2693
43040	0	0	0	0	16734	44390	44388	16734	14195	2539
42554	0	0	0	0	17220	44594	44594	17220	14491	2729
42684	0	0	0	0	17090	44436	44436	17090	14266	2824
42793	0	0	0	0	16981	44463	44463	16981	14234	2747
42507	0	0	0	0	17267	44369	44369	17267	14253	3014
42533	0	0	0	0	17241	44591	44591	17241	14476	2765
42296	0	0	0	0	17478	44578	44577	17478	14472	3006
42974	0	0	0	0	16800	44373	44372	16800	14205	2595
42358	0	0	0	0	17416	44586	44586	17416	14463	2953
42702	0	0	0	0	17072	44390	44389	17072	14293	2779
42809	0	0	0	0	16965	44606	44606	16965	14472	2493
42507	0	0	0	0	17267	44427	44426	17267	14284	2983
42662	0	0	0	0	17112	44424	44423	17112	14279	2833
42994	0	0	0	0	16780	44387	44386	16780	14254	2526
42686	0	0	0	0	17088	44453	44451	17088	14279	2809
42422	0	0	0	0	17352	44632	44631	17352	14482	2870
42854	0	0	0	0	16920	44411	44410	16920	14267	2653
42598	0	0	0	0	17176	44427	44427	17176	14243	2933
42944	0	0	0	0	16830	44401	44401	16830	14224	2606
42317	0	0	0	0	17457	44629	44629	17457	14495	2962
42577	0	0	0	0	17197	44425	44425	17197	14305	2892
42951	0	0	0	0	16823	44633	44633	16823	14494	2329
42994	0	0	0	0	16780	44393	44391	16780	14232	2548
42522	0	0	0	0	17252	44648	44647	17252	14405	2847
42411	0	0	0	0	17363	44626	44625	17363	14448	2915
42564	0	0	0	0	17210	44596	44596	17210	14427	2783
42680	0	0	0	0	17094	44420	44420	17094	14302	2792
42559	0	0	0	0	17215	44429	44429	17215	14267	2948
42608	0	0	0	0	17166	44416	44416	17166	14239	2927
42793	0	0	0	0	16981	44388	44387	16981	14276	2705
42601	0	0	0	0	17173	44405	44405	17173	14314	2859
42376	0	0	0	0	17398	44558	44558	17398	14478	2920
42497	0	0	0	0	17277	44595	44595	17277	14474	2803
42241	0	0	0	0	17533	44630	44629	17533	14521	3012
42832	0	0	0	0	16942	44490	44490	16942	14277	2665
42612	0	0	0	0	17162	44611	44611	17162	14432	2730
42702	0	0	0	0	17072	44408	44408	17072	14262	2810
42465	0	0	0	0	17309	44590	44590	17309	14443	2866
42791	0	0	0	0	16983	44394	44394	16983	14285	2698
42347	0	0	0	0	17427	44606	44606	17427	14524	2903
42517	0	0	0	0	17257	44430	44430	17257	14312	2945
42380	0	0	0	0	17394	44650	44650	17394	14486	2908
42349	0	0	0	0	17425	44571	44570	17425	14411	3014
42414	0	0	0	0	17360	44440	44440	17360	14272	3088
42342	0	0	0	0	17432	44575	44575	17432	14449	2983
42510	0	0	0	0	17264	44600	44600	17264	14502	2762
42805	0	0	0	0	16969	44450	44450	16969	14239	2730
42393	0	0	0	0	17381	44590	44590	17381	14442	2939
42307	0	0	0	0	17467	44592	44592	17467	14484	2983
42720	0	0	0	0	17054	44543	44542	17054	14287	2767
42404	0	0	0	0	17370	44614	44614	17370	14486	2884
42617	0	0	0	0	17157	44588	44587	17157	14488	2669
42761	0	0	0	0	17013	44370	44369	17013	14249	2764
42415	0	0	0	0	17359	44616	44615	17359	14508	2851
42546	0	0	0	0	17228	44397	44396	17228	14288	2940
42493	0	0	0	0	17281	44432	44431	17281	14323	2958
42232	0	0	0	0	17542	44372	44372	17542	14250	3292
42107	0	0	0	0	17667	44611	44611	17667	14454	3213
42713	0	0	0	0	17061	44403	44401	17061	14289	2772
42628	0	0	0	0	17146	44385	44385	17146	14284	2862
42479	0	0	0	0	17295	44558	44558	17295	14428	2867
42762	0	0	0	0	17012	44420	44419	17012	14277	2735
42695	0	0	0	0	17079	44346	44344	17079	14244	2835
42666	0	0	0	0	17108	44610	44610	17108	14433	2675
42276	0	0	0	0	17498	44434	44434	17498	14324	3174
42501	0	0	0	0	17273	44615	44614	17273	14518	2755
42434	0	0	0	0	17340	44634	44633	17340	14461	2879
42983	0	0	0	0	16791	44477	44477	16791	14288	2503
42458	0	0	0	0	17316	44420	44419	17316	14261	3055
42270	0	0	0	0	17504	44637	44637	17504	14545	2959
42641	0	0	0	0	17133	44401	44401	17133	14216	2917
42840	0	0	0	0	16934	44442	44441	16934	14234	2700
42806	0	0	0	0	16968	44405	44404	16968	14266	2702
42508	0	0	0	0	17266	44572	44571	17266	14449	2817
42482	0	0	0	0	17292	44430	44429	17292	14300	2992
42544	0	0	0	0	17230	44397	44397	17230	14267	2963
42214	0	0	0	0	17560	44626	44626	17560	14483	3077
42727	0	0	0	0	17047	44418	44418	17047	14284	2763
42420	0	0	0	0	17354	44644	44644	17354	14519	2835
42692	0	0	0	0	17082	44419	44418	17082	14274	2808
42647	0	0	0	0	17127	44628	44627	17127	14517	2610
42425	0	0	0	0	17349	44361	44360	17349	14281	3068
42672	0	0	0	0	17102	44377	44376	17102	14177	2925
42328	0	0	0	0	17446	44596	44596	17446	14527	2919
42277	0	0	0	0	17497	44683	44682	17497	14521	2976
42200	0	0	0	0	17574	44627	44626	17574	14451	3123
42824	0	0	0	0	16950	44362	44360	16950	14216	2734
42520	0	0	0	0	17254	44604	44604	17254	14477	2777
42740	0	0	0	0	17034	44416	44416	17034	14237	2797
42660	0	0	0	0	17114	44377	44377	17114	14224	2890
42256	0	0	0	0	17518	44334	44334	17518	14268	3250
42898	0	0	0	0	16876	44391	44391	16876	14213	2663
42416	0	0	0	0	17358	44379	44379	17358	14248	3110
42560	0	0	0	0	17214	44583	44582	17214	14472	2742
42602	0	0	0	0	17172	44591	44591	17172	14469	2703
42359	0	0	0	0	17415	44638	44638	17415	14519	2896
42747	0	0	0	0	17027	44469	44469	17027	14257	2770
42593	0	0	0	0	17181	44578	44578	17181	14455	2726
42689	0	0	0	0	17085	44457	44456	17085	14259	2826
42814	0	0	0	0	16960	44408	44407	16960	14273	2687
42585	0	0	0	0	17189	44653	44652	17189	14478	2711
42114	0	0	0	0	17660	44629	44629	17660	14497	3163
42293	0	0	0	0	17481	44620	44619	17481	14491	2990
42284	0	0	0	0	17490	44455	44455	17490	14318	3172
42367	0	0	0	0	17407	44618	44617	17407	14472	2935
42209	0	0	0	0	17565	44632	44631	17565	14500	3065
42403	0	0	0	0	17371	44631	44629	17371	14491	2880
42865	0	0	0	0	16909	44379	44379	16909	14245	2664
43014	0	0	0	0	16760	44396	44394	16760	14271	2489
42673	0	0	0	0	17101	44533	44532	17101	14318	2783
42837	0	0	0	0	16937	44438	44436	16937	14328	2609
42619	0	0	0	0	17155	44620	44620	17155	14532	2623
42395	0	0	0	0	17379	44559	44559	17379	14483	2896
42691	0	0	0	0	17083	44443	44443	17083	14263	2820
42720	0	0	0	0	17054	44450	44450	17054	14243	2811
42399	0	0	0	0	17375	44650	44649	17375	14449	2926
42297	0	0	0	0	17477	44583	44582	17477	14435	3042
42321	0	0	0	0	17453	44640	44639	17453	14454	2999
42556	0	0	0	0	17218	44415	44414	17218	14244	2974
42377	0	0	0	0	17397	44625	44624	17397	14478	2919
42646	0	0	0	0	17128	44403	44402	17128	14307	2821
42525	0	0	0	0	17249	44581	44580	17249	14487	2762
42420	0	0	0	0	17354	44627	44627	17354	14488	2866
42699	0	0	0	0	17075	44412	44411	17075	14314	2761
42747	0	0	0	0	17027	44424	44422	17027	14252	2775
42533	0	0	0	0	17241	44376	44376	17241	14300	2941
42580	0	0	0	0	17194	44438	44437	17194	14267	2927
42551	0	0	0	0	17223	44295	44295	17223	14242	2981
42357	0	0	0	0	17417	44566	44566	17417	14457	2960
42518	0	0	0	0	17256	44625	44623	17256	14497	2759
42627	0	0	0	0	17147	44584	44584	17147	14468	2679
42692	0	0	0	0	17082	44397	44396	17082	14294	2788
42370	0	0	0	0	17404	44608	44607	17404	14527	2877
42601	0	0	0	0	17173	44480	44480	17173	14282	2891
43093	0	0	0	0	16681	44394	44394	16681	14281	2400
42700	0	0	0	0	17074	44662	44662	17074	14477	2597
42509	0	0	0	0	17265	44582	44582	17265	14470	2795
42322	0	0	0	0	17452	44622	44622	17452	14470	2982
42387	0	0	0	0	17387	44609	44609	17387	14509	2878
42645	0	0	0	0	17129	44351	44351	17129	14229	2900
42503	0	0	0	0	17271	44602	44601	17271	14489	2782
42835	0	0	0	0	16939	44419	44419	16939	14229	2710
42688	0	0	0	0	17086	44411	44411	17086	14299	2787
42445	0	0	0	0	17329	44573	44573	17329	14476	2853
42446	0	0	0	0	17328	44400	44399	17328	14292	3036
42442	0	0	0	0	17332	44592	44592	17332	14444	2888
42573	0	0	0	0	17201	44654	44654	17201	14511	2690
42834	0	0	0	0	16940	44437	44437	16940	14241	2699
42394	0	0	0	0	17380	44617	44617	17380	14451	2929
42762	0	0	0	0	17012	44335	44334	17012	14237	2775
42664	0	0	0	0	17110	44608	44608	17110	14491	2619
42459	0	0	0	0	17315	44610	44610	17315	14466	2849
42211	0	0	0	0	17563	44625	44625	17563	14481	3082
42701	0	0	0	0	17073	44384	44384	17073	14247	2826
42599	0	0	0	0	17175	44654	44654	17175	14465	2710
42426	0	0	0	0	17348	44600	44600	17348	14457	2891
42500	0	0	0	0	17274	44598	44598	17274	14434	2840
42437	0	0	0	0	17337	44670	44669	17337	14497	2840
42753	0	0	0	0	17021	44440	44440	17021	14240	2781
42651	0	0	0	0	17123	44646	44646	17123	14461	2662
42878	0	0	0	0	16896	44439	44439	16896	14282	2614
42452	0	0	0	0	17322	44635	44635	17322	14496	2826
42239	0	0	0	0	17535	44646	44644	17535	14452	3083
42603	0	0	0	0	17171	44407	44407	17171	14236	2935
42620	0	0	0	0	17154	44583	44583	17154	14428	2726
42757	0	0	0	0	17017	44596	44595	17017	14479	2538
42911	0	0	0	0	16863	44395	44395	16863	14317	2546
42510	0	0	0	0	17264	44410	44409	17264	14223	3041
42370	0	0	0	0	17404	44398	44396	17404	14247	3157
42714	0	0	0	0	17060	44374	44374	17060	14294	2766
42791	0	0	0	0	16983	44408	44408	16983	14236	2747
42465	0	0	0	0	17309	44603	44602	17309	14466	2843
42594	0	0	0	0	17180	44677	44676	17180	14472	2708
42563	0	0	0	0	17211	44637	44637	17211	14464	2747
42207	0	0	0	0	17567	44648	44648	17567	14499	3068
42421	0	0	0	0	17353	44612	44612	17353	14486	2867
42825	0	0	0	0	16949	44418	44416	16949	14311	2638
42891	0	0	0	0	16883	44402	44401	16883	14287	2596
42466	0	0	0	0	17308	44628	44628	17308	14506	2802
42562	0	0	0	0	17212	44412	44411	17212	14269	2943
42489	0	0	0	0	17285	44625	44624	17285	14476	2809
42611	0	0	0	0	17163	44426	44426	17163	14238	2925
42827	0	0	0	0	16947	44479	44478	16947	14280	2667
42670	0	0	0	0	17104	44427	44427	17104	14299	2805
42852	0	0	0	0	16922	44364	44363	16922	14243	2679
42492	0	0	0	0	17282	44367	44367	17282	14259	3023
42342	0	0	0	0	17432	44593	44593	17432	14473	2959
42649	0	0	0	0	17125	44696	44695	17125	14457	2668
42425	0	0	0	0	17349	44383	44382	17349	14224	3125
42628	0	0	0	0	17146	44656	44655	17146	14481	2665
42659	0	0	0	0	17115	44412	44412	17115	14310	2805
42330	0	0	0	0	17444	44626	44625	17444	14486	2958
42466	0	0	0	0	17308	44396	44396	17308	14292	3016
42338	0	0	0	0	17436	44615	44615	17436	14510	2926
42390	0	0	0	0	17384	44638	44636	17384	14476	2908
42408	0	0	0	0	17366	44608	44608	17366	14485	2881
42622	0	0	0	0	17152	44395	44395	17152	14267	2885
42359	0	0	0	0	17415	44663	44663	17415	14499	2916
42356	0	0	0	0	17418	44359	44357	17418	14240	3178
42684	0	0	0	0	17090	44399	44399	17090	14272	2818
42599	0	0	0	0	17175	44604	44604	17175	14473	2702
42240	0	0	0	0	17534	44636	44636	17534	14535	2999
42167	0	0	0	0	17607	44620	44620	17607	14471	3136
42386	0	0	0	0	17388	44620	44620	17388	14453	2935
42110	0	0	0	0	17664	44603	44602	17664	14452	3212
42326	0	0	0	0	17448	44615	44613	17448	14447	3001
42896	0	0	0	0	16878	44406	44406	16878	14237	2641
42561	0	0	0	0	17213	44653	44653	17213	14381	2832
42367	0	0	0	0	17407	44596	44595	17407	14494	2913
42549	0	0	0	0	17225	44376	44375	17225	14292	2933
42546	0	0	0	0	17228	44623	44621	17228	14460	2768
42655	0	0	0	0	17119	44382	44382	17119	14242	2877
42678	0	0	0	0	17096	44592	44592	17096	14489	2607
42903	0	0	0	0	16871	44427	44426	16871	14302	2569
42421	0	0	0	0	17353	44447	44446	17353	14281	3072
42803	0	0	0	0	16971	44377	44376	16971	14189	2782
43004	0	0	0	0	16770	44459	44459	16770	14265	2505
42401	0	0	0	0	17373	44605	44605	17373	14484	2889
42461	0	0	0	0	17313	44636	44636	17313	14509	2804
42710	0	0	0	0	17064	44566	44566	17064	14507	2557
