16540	0	0	0	0	43234	58989	0	43234	3	43231
15295	0	0	0	0	44479	58999	0	44479	3	44476
15404	0	0	0	0	44370	58831	0	44370	3	44367
15662	0	0	0	0	44112	58960	0	44112	3	44109
15007	0	0	0	0	44767	58057	0	44767	3	44764
15501	0	0	0	0	44273	58297	0	44273	3	44270
16531	0	0	0	0	43243	58816	0	43243	3	43240
15754	0	0	0	0	44020	58026	0	44020	3	44017
15980	0	0	0	0	43794	58888	0	43794	3	43791
15131	0	0	0	0	44643	59188	0	44643	3	44640
16881	0	0	0	0	42893	58441	0	42893	3	42890
15095	0	0	0	0	44679	59191	0	44679	3	44676
15946	0	0	0	0	43828	58922	0	43828	3	43825
14833	0	0	0	0	44941	58922	0	44941	3	44938
14976	0	0	0	0	44798	59153	0	44798	3	44795
16012	0	0	0	0	43762	59025	0	43762	3	43759
16433	0	0	0	0	43341	58900	0	43341	3	43338
15973	0	0	0	0	43801	58816	0	43801	3	43798
15803	0	0	0	0	43971	58396	0	43971	3	43968
15990	0	0	0	0	43784	59022	0	43784	3	43781
15140	0	0	0	0	44634	58978	0	44634	3	44631
15140	0	0	0	0	44634	58860	0	44634	3	44631
15614	0	0	0	0	44160	59073	0	44160	3	44157
16013	0	0	0	0	43761	59073	0	43761	3	43758
15258	0	0	0	0	44516	58813	0	44516	3	44513
16689	0	0	0	0	43085	58451	0	43085	3	43082
15580	0	0	0	0	44194	58836	0	44194	3	44191
15231	0	0	0	0	44543	58070	0	44543	3	44540
15551	0	0	0	0	44223	59081	0	44223	3	44220
16592	0	0	0	0	43182	58057	0	43182	3	43179
15140	0	0	0	0	44634	58832	0	44634	3	44631
16411	0	0	0	0	43363	57911	0	43363	3	43360
15177	0	0	0	0	44597	58347	0	44597	3	44594
17328	0	0	0	0	42446	58127	0	42446	3	42443
17168	0	0	0	0	42606	59097	0	42606	3	42603
15463	0	0	0	0	44311	58414	0	44311	3	44308
16338	0	0	0	0	43436	58300	0	43436	3	43433
16047	0	0	0	0	43727	58952	0	43727	3	43724
15186	0	0	0	0	44588	59045	0	44588	3	44585
14590	0	0	0	0	45184	57937	0	45184	3	45181
16186	0	0	0	0	43588	58183	0	43588	3	43585
15921	0	0	0	0	43853	58836	0	43853	3	43850
16335	0	0	0	0	43439	57982	0	43439	3	43436
16866	0	0	0	0	42908	59039	0	42908	3	42905
16440	0	0	0	0	43334	58053	0	43334	3	43331
15474	0	0	0	0	44300	59061	0	44300	3	44297
15749	0	0	0	0	44025	59043	0	44025	3	44022
15757	0	0	0	0	44017	58922	0	44017	3	44014
15404	0	0	0	0	44370	58267	0	44370	3	44367
15788	0	0	0	0	43986	59165	0	43986	3	43983
16122	0	0	0	0	43652	58831	0	43652	3	43649
16718	0	0	0	0	43056	59164	0	43056	3	43053
16433	0	0	0	0	43341	58944	0	43341	3	43338
15740	0	0	0	0	44034	59223	0	44034	3	44031
15646	0	0	0	0	44128	57972	0	44128	3	44125
15746	0	0	0	0	44028	59451	0	44028	3	44025
14480	0	0	0	0	45294	58814	0	45294	3	45291
16340	0	0	0	0	43434	59083	0	43434	3	43431
15338	0	0	0	0	44436	58945	0	44436	3	44433
15180	0	0	0	0	44594	58861	0	44594	3	44591
15763	0	0	0	0	44011	59110	0	44011	3	44008
15358	0	0	0	0	44416	58937	0	44416	3	44413
14723	0	0	0	0	45051	58044	0	45051	3	45048
16325	0	0	0	0	43449	58859	0	43449	3	43446
15705	0	0	0	0	44069	59244	0	44069	3	44066
15640	0	0	0	0	44134	58082	0	44134	3	44131
14594	0	0	0	0	45180	58124	0	45180	3	45177
15488	0	0	0	0	44286	58176	0	44286	3	44283
15368	0	0	0	0	44406	58970	0	44406	3	44403
15761	0	0	0	0	44013	58220	0	44013	3	44010
15488	0	0	0	0	44286	58869	0	44286	3	44283
15633	0	0	0	0	44141	58969	0	44141	3	44138
16220	0	0	0	0	43554	57981	0	43554	3	43551
16329	0	0	0	0	43445	57986	0	43445	3	43442
16069	0	0	0	0	43705	58945	0	43705	3	43702
15394	0	0	0	0	44380	59117	0	44380	3	44377
16208	0	0	0	0	43566	58919	0	43566	3	43563
15441	0	0	0	0	44333	58876	0	44333	3	44330
16067	0	0	0	0	43707	59013	0	43707	3	43704
15772	0	0	0	0	44002	58494	0	44002	3	43999
16439	0	0	0	0	43335	58892	0	43335	3	43332
16364	0	0	0	0	43410	58828	0	43410	3	43407
16391	0	0	0	0	43383	58886	0	43383	3	43380
15635	0	0	0	0	44139	58894	0	44139	3	44136
15411	0	0	0	0	44363	58749	0	44363	3	44360
15301	0	0	0	0	44473	59161	0	44473	3	44470
14968	0	0	0	0	44806	58800	0	44806	3	44803
16062	0	0	0	0	43712	58965	0	43712	3	43709
15583	0	0	0	0	44191	59062	0	44191	3	44188
14802	0	0	0	0	44972	59052	0	44972	3	44969
15378	0	0	0	0	44396	59028	0	44396	3	44393
15824	0	0	0	0	43950	59256	0	43950	3	43947
15966	0	0	0	0	43808	58078	0	43808	3	43805
15433	0	0	0	0	44341	58165	0	44341	3	44338
15718	0	0	0	0	44056	58897	0	44056	3	44053
15826	0	0	0	0	43948	58176	0	43948	3	43945
14899	0	0	0	0	44875	59030	0	44875	3	44872
14970	0	0	0	0	44804	58871	0	44804	3	44801
15297	0	0	0	0	44477	58983	0	44477	3	44474
15815	0	0	0	0	43959	57989	0	43959	3	43956
15008	0	0	0	0	44766	58163	0	44766	3	44763
16009	0	0	0	0	43765	59037	0	43765	3	43762
15760	0	0	0	0	44014	59027	0	44014	3	44011
15564	0	0	0	0	44210	58245	0	44210	3	44207
15462	0	0	0	0	44312	58965	0	44312	3	44309
15540	0	0	0	0	44234	58953	0	44234	3	44231
15808	0	0	0	0	43966	58985	0	43966	3	43963
15135	0	0	0	0	44639	58807	0	44639	3	44636
15374	0	0	0	0	44400	59080	0	44400	3	44397
14895	0	0	0	0	44879	58490	0	44879	3	44876
16634	0	0	0	0	43140	58963	0	43140	3	43137
16280	0	0	0	0	43494	58034	0	43494	3	43491
15809	0	0	0	0	43965	58856	0	43965	3	43962
15537	0	0	0	0	44237	58964	0	44237	3	44234
15027	0	0	0	0	44747	58821	0	44747	3	44744
15609	0	0	0	0	44165	58085	0	44165	3	44162
16117	0	0	0	0	43657	58969	0	43657	3	43654
15351	0	0	0	0	44423	58165	0	44423	3	44420
16187	0	0	0	0	43587	59015	0	43587	3	43584
16403	0	0	0	0	43371	58909	0	43371	3	43368
15042	0	0	0	0	44732	59036	0	44732	3	44729
15972	0	0	0	0	43802	59049	0	43802	3	43799
15409	0	0	0	0	44365	58799	0	44365	3	44362
16472	0	0	0	0	43302	58325	0	43302	3	43299
15961	0	0	0	0	43813	58927	0	43813	3	43810
16408	0	0	0	0	43366	58830	0	43366	3	43363
15437	0	0	0	0	44337	58818	0	44337	3	44334
15500	0	0	0	0	44274	58011	0	44274	3	44271
15693	0	0	0	0	44081	58913	0	44081	3	44078
14809	0	0	0	0	44965	59171	0	44965	3	44962
16169	0	0	0	0	43605	58154	0	43605	3	43602
16781	0	0	0	0	42993	59024	0	42993	3	42990
15982	0	0	0	0	43792	58107	0	43792	3	43789
15548	0	0	0	0	44226	58009	0	44226	3	44223
16362	0	0	0	0	43412	58902	0	43412	3	43409
15559	0	0	0	0	44215	58900	0	44215	3	44212
16249	0	0	0	0	43525	58860	0	43525	3	43522
15176	0	0	0	0	44598	58828	0	44598	3	44595
15705	0	0	0	0	44069	57935	0	44069	3	44066
16997	0	0	0	0	42777	58400	0	42777	3	42774
15513	0	0	0	0	44261	58300	0	44261	3	44258
15605	0	0	0	0	44169	58976	0	44169	3	44166
16612	0	0	0	0	43162	58190	0	43162	3	43159
15336	0	0	0	0	44438	58878	0	44438	3	44435
16221	0	0	0	0	43553	58742	0	43553	3	43550
15089	0	0	0	0	44685	58108	0	44685	3	44682
16123	0	0	0	0	43651	58886	0	43651	3	43648
15593	0	0	0	0	44181	57949	0	44181	3	44178
15827	0	0	0	0	43947	59019	0	43947	3	43944
15347	0	0	0	0	44427	58881	0	44427	3	44424
16718	0	0	0	0	43056	58262	0	43056	3	43053
15365	0	0	0	0	44409	58103	0	44409	3	44406
16407	0	0	0	0	43367	59181	0	43367	3	43364
15820	0	0	0	0	43954	58898	0	43954	3	43951
15243	0	0	0	0	44531	58851	0	44531	3	44528
16248	0	0	0	0	43526	58930	0	43526	3	43523
15893	0	0	0	0	43881	58005	0	43881	3	43878
16161	0	0	0	0	43613	58181	0	43613	3	43610
15546	0	0	0	0	44228	59012	0	44228	3	44225
15827	0	0	0	0	43947	59017	0	43947	3	43944
16936	0	0	0	0	42838	58802	0	42838	3	42835
15709	0	0	0	0	44065	58895	0	44065	3	44062
16092	0	0	0	0	43682	58748	0	43682	3	43679
16183	0	0	0	0	43591	58896	0	43591	3	43588
15680	0	0	0	0	44094	58130	0	44094	3	44091
14924	0	0	0	0	44850	58821	0	44850	3	44847
16388	0	0	0	0	43386	59554	0	43386	3	43383
16109	0	0	0	0	43665	59404	0	43665	3	43662
15491	0	0	0	0	44283	58493	0	44283	3	44280
16511	0	0	0	0	43263	58874	0	43263	3	43260
15427	0	0	0	0	44347	58896	0	44347	3	44344
15890	0	0	0	0	43884	58984	0	43884	3	43881
15407	0	0	0	0	44367	59109	0	44367	3	44364
15365	0	0	0	0	44409	58782	0	44409	3	44406
16021	0	0	0	0	43753	58014	0	43753	3	43750
14807	0	0	0	0	44967	57921	0	44967	3	44964
15945	0	0	0	0	43829	58924	0	43829	3	43826
15782	0	0	0	0	43992	59111	0	43992	3	43989
15218	0	0	0	0	44556	58848	0	44556	3	44553
16264	0	0	0	0	43510	59179	0	43510	3	43507
15587	0	0	0	0	44187	58880	0	44187	3	44184
15983	0	0	0	0	43791	58882	0	43791	3	43788
15350	0	0	0	0	44424	59051	0	44424	3	44421
15228	0	0	0	0	44546	59037	0	44546	3	44543
15273	0	0	0	0	44501	58933	0	44501	3	44498
15493	0	0	0	0	44281	58881	0	44281	3	44278
16985	0	0	0	0	42789	58100	0	42789	3	42786
16728	0	0	0	0	43046	58516	0	43046	3	43043
15254	0	0	0	0	44520	58935	0	44520	3	44517
16153	0	0	0	0	43621	58555	0	43621	3	43618
15851	0	0	0	0	43923	58076	0	43923	3	43920
17570	0	0	0	0	42204	58841	0	42204	3	42201
15264	0	0	0	0	44510	58906	0	44510	3	44507
15280	0	0	0	0	44494	58832	0	44494	3	44491
15030	0	0	0	0	44744	58827	0	44744	3	44741
16599	0	0	0	0	43175	58856	0	43175	3	43172
16136	0	0	0	0	43638	58887	0	43638	3	43635
16340	0	0	0	0	43434	58851	0	43434	3	43431
15839	0	0	0	0	43935	59136	0	43935	3	43932
15928	0	0	0	0	43846	58841	0	43846	3	43843
16743	0	0	0	0	43031	58910	0	43031	3	43028
16363	0	0	0	0	43411	58884	0	43411	3	43408
15692	0	0	0	0	44082	58816	0	44082	3	44079
14823	0	0	0	0	44951	58918	0	44951	3	44948
15590	0	0	0	0	44184	59021	0	44184	3	44181
16508	0	0	0	0	43266	58917	0	43266	3	43263
15886	0	0	0	0	43888	58814	0	43888	3	43885
15617	0	0	0	0	44157	57893	0	44157	3	44154
15120	0	0	0	0	44654	58981	0	44654	3	44651
15653	0	0	0	0	44121	58965	0	44121	3	44118
15020	0	0	0	0	44754	59068	0	44754	3	44751
15598	0	0	0	0	44176	58903	0	44176	3	44173
15727	0	0	0	0	44047	59030	0	44047	3	44044
15553	0	0	0	0	44221	58805	0	44221	3	44218
15321	0	0	0	0	44453	58875	0	44453	3	44450
16623	0	0	0	0	43151	57989	0	43151	3	43148
14283	0	0	0	0	45491	58953	0	45491	3	45488
14497	0	0	0	0	45277	58863	0	45277	3	45274
15942	0	0	0	0	43832	58857	0	43832	3	43829
15481	0	0	0	0	44293	58984	0	44293	3	44290
16493	0	0	0	0	43281	58730	0	43281	3	43278
16541	0	0	0	0	43233	58932	0	43233	3	43230
16756	0	0	0	0	43018	58923	0	43018	3	43015
16478	0	0	0	0	43296	58905	0	43296	3	43293
15021	0	0	0	0	44753	59012	0	44753	3	44750
15721	0	0	0	0	44053	57912	0	44053	3	44050
15735	0	0	0	0	44039	58807	0	44039	3	44036
15664	0	0	0	0	44110	58953	0	44110	3	44107
15797	0	0	0	0	43977	58802	0	43977	3	43974
15679	0	0	0	0	44095	58976	0	44095	3	44092
15961	0	0	0	0	43813	58511	0	43813	3	43810
14967	0	0	0	0	44807	58858	0	44807	3	44804
16044	0	0	0	0	43730	58905	0	43730	3	43727
15509	0	0	0	0	44265	58847	0	44265	3	44262
16313	0	0	0	0	43461	58734	0	43461	3	43458
15027	0	0	0	0	44747	59059	0	44747	3	44744
15005	0	0	0	0	44769	59085	0	44769	3	44766
14990	0	0	0	0	44784	59047	0	44784	3	44781
15413	0	0	0	0	44361	58274	0	44361	3	44358
15794	0	0	0	0	43980	59261	0	43980	3	43977
16019	0	0	0	0	43755	57939	0	43755	3	43752
15578	0	0	0	0	44196	58028	0	44196	3	44193
16359	0	0	0	0	43415	59006	0	43415	3	43412
15588	0	0	0	0	44186	59156	0	44186	3	44183
16598	0	0	0	0	43176	58854	0	43176	3	43173
16947	0	0	0	0	42827	58081	0	42827	3	42824
15677	0	0	0	0	44097	58947	0	44097	3	44094
16057	0	0	0	0	43717	58102	0	43717	3	43714
15746	0	0	0	0	44028	59024	0	44028	3	44025
16270	0	0	0	0	43504	58925	0	43504	3	43501
15547	0	0	0	0	44227	58448	0	44227	3	44224
15346	0	0	0	0	44428	58059	0	44428	3	44425
14930	0	0	0	0	44844	58768	0	44844	3	44841
15342	0	0	0	0	44432	58921	0	44432	3	44429
16415	0	0	0	0	43359	58280	0	43359	3	43356
16563	0	0	0	0	43211	59253	0	43211	3	43208
15033	0	0	0	0	44741	58975	0	44741	3	44738
15399	0	0	0	0	44375	58907	0	44375	3	44372
15637	0	0	0	0	44137	58841	0	44137	3	44134
16375	0	0	0	0	43399	58847	0	43399	3	43396
14817	0	0	0	0	44957	58870	0	44957	3	44954
15743	0	0	0	0	44031	58904	0	44031	3	44028
15674	0	0	0	0	44100	58930	0	44100	3	44097
15739	0	0	0	0	44035	58076	0	44035	3	44032
15823	0	0	0	0	43951	58241	0	43951	3	43948
15571	0	0	0	0	44203	58107	0	44203	3	44200
16135	0	0	0	0	43639	58886	0	43639	3	43636
15880	0	0	0	0	43894	58058	0	43894	3	43891
16085	0	0	0	0	43689	58877	0	43689	3	43686
15503	0	0	0	0	44271	58899	0	44271	3	44268
17282	0	0	0	0	42492	58943	0	42492	3	42489
15235	0	0	0	0	44539	58992	0	44539	3	44536
16319	0	0	0	0	43455	58907	0	43455	3	43452
15834	0	0	0	0	43940	58133	0	43940	3	43937
15769	0	0	0	0	44005	58945	0	44005	3	44002
15946	0	0	0	0	43828	59021	0	43828	3	43825
14967	0	0	0	0	44807	58862	0	44807	3	44804
15869	0	0	0	0	43905	58919	0	43905	3	43902
16362	0	0	0	0	43412	58059	0	43412	3	43409
15228	0	0	0	0	44546	58864	0	44546	3	44543
16078	0	0	0	0	43696	57928	0	43696	3	43693
16406	0	0	0	0	43368	58915	0	43368	3	43365
14654	0	0	0	0	45120	59030	0	45120	3	45117
16167	0	0	0	0	43607	59009	0	43607	3	43604
15898	0	0	0	0	43876	58963	0	43876	3	43873
15504	0	0	0	0	44270	59075	0	44270	3	44267
16322	0	0	0	0	43452	58816	0	43452	3	43449
16281	0	0	0	0	43493	58152	0	43493	3	43490
15069	0	0	0	0	44705	58789	0	44705	3	44702
15072	0	0	0	0	44702	58832	0	44702	3	44699
15247	0	0	0	0	44527	58935	0	44527	3	44524
15798	0	0	0	0	43976	58922	0	43976	3	43973
16583	0	0	0	0	43191	58858	0	43191	3	43188
15535	0	0	0	0	44239	59150	0	44239	3	44236
16449	0	0	0	0	43325	58819	0	43325	3	43322
16076	0	0	0	0	43698	58867	0	43698	3	43695
15150	0	0	0	0	44624	58254	0	44624	3	44621
15968	0	0	0	0	43806	59018	0	43806	3	43803
15870	0	0	0	0	43904	58917	0	43904	3	43901
15799	0	0	0	0	43975	58997	0	43975	3	43972
16309	0	0	0	0	43465	58974	0	43465	3	43462
15371	0	0	0	0	44403	58341	0	44403	3	44400
15658	0	0	0	0	44116	58098	0	44116	3	44113
16559	0	0	0	0	43215	58823	0	43215	3	43212
14874	0	0	0	0	44900	58906	0	44900	3	44897
16545	0	0	0	0	43229	58974	0	43229	3	43226
16065	0	0	0	0	43709	58801	0	43709	3	43706
16649	0	0	0	0	43125	58901	0	43125	3	43122
15578	0	0	0	0	44196	58236	0	44196	3	44193
16023	0	0	0	0	43751	58867	0	43751	3	43748
16212	0	0	0	0	43562	58947	0	43562	3	43559
15876	0	0	0	0	43898	58855	0	43898	3	43895
15219	0	0	0	0	44555	58840	0	44555	3	44552
15773	0	0	0	0	44001	58895	0	44001	3	43998
14940	0	0	0	0	44834	58935	0	44834	3	44831
16832	0	0	0	0	42942	58033	0	42942	3	42939
15767	0	0	0	0	44007	58008	0	44007	3	44004
16465	0	0	0	0	43309	58902	0	43309	3	43306
16391	0	0	0	0	43383	59175	0	43383	3	43380
16141	0	0	0	0	43633	58147	0	43633	3	43630
15032	0	0	0	0	44742	58904	0	44742	3	44739
15767	0	0	0	0	44007	58928	0	44007	3	44004
15451	0	0	0	0	44323	59030	0	44323	3	44320
15950	0	0	0	0	43824	58929	0	43824	3	43821
15605	0	0	0	0	44169	59026	0	44169	3	44166
15561	0	0	0	0	44213	58126	0	44213	3	44210
14953	0	0	0	0	44821	58173	0	44821	3	44818
15318	0	0	0	0	44456	58926	0	44456	3	44453
15686	0	0	0	0	44088	58972	0	44088	3	44085
16540	0	0	0	0	43234	59017	0	43234	3	43231
15681	0	0	0	0	44093	58066	0	44093	3	44090
14585	0	0	0	0	45189	58847	0	45189	3	45186
15590	0	0	0	0	44184	59024	0	44184	3	44181
17157	0	0	0	0	42617	58188	0	42617	3	42614
16602	0	0	0	0	43172	59156	0	43172	3	43169
15804	0	0	0	0	43970	59036	0	43970	3	43967
16312	0	0	0	0	43462	58911	0	43462	3	43459
15782	0	0	0	0	43992	58899	0	43992	3	43989
15761	0	0	0	0	44013	58878	0	44013	3	44010
15110	0	0	0	0	44664	58936	0	44664	3	44661
16294	0	0	0	0	43480	58336	0	43480	3	43477
15622	0	0	0	0	44152	58875	0	44152	3	44149
16131	0	0	0	0	43643	58959	0	43643	3	43640
14752	0	0	0	0	45022	58941	0	45022	3	45019
14898	0	0	0	0	44876	58866	0	44876	3	44873
15400	0	0	0	0	44374	58451	0	44374	3	44371
16121	0	0	0	0	43653	57963	0	43653	3	43650
15640	0	0	0	0	44134	59054	0	44134	3	44131
15318	0	0	0	0	44456	59490	0	44456	3	44453
15728	0	0	0	0	44046	58946	0	44046	3	44043
15922	0	0	0	0	43852	58901	0	43852	3	43849
15298	0	0	0	0	44476	58893	0	44476	3	44473
14574	0	0	0	0	45200	58887	0	45200	3	45197
16209	0	0	0	0	43565	59021	0	43565	3	43562
15711	0	0	0	0	44063	58968	0	44063	3	44060
16519	0	0	0	0	43255	58921	0	43255	3	43252
15399	0	0	0	0	44375	58928	0	44375	3	44372
16122	0	0	0	0	43652	58363	0	43652	3	43649
16105	0	0	0	0	43669	58926	0	43669	3	43666
15518	0	0	0	0	44256	59146	0	44256	3	44253
15390	0	0	0	0	44384	58962	0	44384	3	44381
15226	0	0	0	0	44548	58867	0	44548	3	44545
15885	0	0	0	0	43889	58404	0	43889	3	43886
15928	0	0	0	0	43846	58677	0	43846	3	43843
16023	0	0	0	0	43751	58842	0	43751	3	43748
15172	0	0	0	0	44602	58984	0	44602	3	44599
16347	0	0	0	0	43427	58997	0	43427	3	43424
14947	0	0	0	0	44827	59033	0	44827	3	44824
15327	0	0	0	0	44447	58886	0	44447	3	44444
15715	0	0	0	0	44059	58835	0	44059	3	44056
15929	0	0	0	0	43845	58402	0	43845	3	43842
14891	0	0	0	0	44883	59059	0	44883	3	44880
15216	0	0	0	0	44558	58878	0	44558	3	44555
15642	0	0	0	0	44132	58810	0	44132	3	44129
15815	0	0	0	0	43959	58935	0	43959	3	43956
14898	0	0	0	0	44876	58140	0	44876	3	44873
15801	0	0	0	0	43973	58856	0	43973	3	43970
16479	0	0	0	0	43295	58864	0	43295	3	43292
15548	0	0	0	0	44226	58779	0	44226	3	44223
15185	0	0	0	0	44589	58915	0	44589	3	44586
15580	0	0	0	0	44194	57978	0	44194	3	44191
15662	0	0	0	0	44112	58216	0	44112	3	44109
15948	0	0	0	0	43826	58969	0	43826	3	43823
16507	0	0	0	0	43267	58198	0	43267	3	43264
15683	0	0	0	0	44091	58092	0	44091	3	44088
16213	0	0	0	0	43561	57963	0	43561	3	43558
15441	0	0	0	0	44333	58879	0	44333	3	44330
17035	0	0	0	0	42739	58187	0	42739	3	42736
15500	0	0	0	0	44274	58808	0	44274	3	44271
16187	0	0	0	0	43587	59018	0	43587	3	43584
16425	0	0	0	0	43349	58921	0	43349	3	43346
15694	0	0	0	0	44080	58950	0	44080	3	44077
14931	0	0	0	0	44843	59179	0	44843	3	44840
16650	0	0	0	0	43124	58130	0	43124	3	43121
15301	0	0	0	0	44473	58139	0	44473	3	44470
15971	0	0	0	0	43803	58969	0	43803	3	43800
15430	0	0	0	0	44344	58890	0	44344	3	44341
14784	0	0	0	0	44990	58913	0	44990	3	44987
16621	0	0	0	0	43153	57928	0	43153	3	43150
15360	0	0	0	0	44414	59088	0	44414	3	44411
15416	0	0	0	0	44358	58200	0	44358	3	44355
16518	0	0	0	0	43256	58193	0	43256	3	43253
16250	0	0	0	0	43524	58801	0	43524	3	43521
15152	0	0	0	0	44622	58171	0	44622	3	44619
14552	0	0	0	0	45222	58921	0	45222	3	45219
16101	0	0	0	0	43673	58991	0	43673	3	43670
15092	0	0	0	0	44682	58873	0	44682	3	44679
16619	0	0	0	0	43155	58959	0	43155	3	43152
16464	0	0	0	0	43310	58911	0	43310	3	43307
16735	0	0	0	0	43039	58310	0	43039	3	43036
15866	0	0	0	0	43908	58769	0	43908	3	43905
15079	0	0	0	0	44695	59292	0	44695	3	44692
16071	0	0	0	0	43703	59217	0	43703	3	43700
15538	0	0	0	0	44236	58903	0	44236	3	44233
15546	0	0	0	0	44228	58882	0	44228	3	44225
16200	0	0	0	0	43574	58865	0	43574	3	43571
15965	0	0	0	0	43809	57985	0	43809	3	43806
15384	0	0	0	0	44390	57945	0	44390	3	44387
15927	0	0	0	0	43847	59126	0	43847	3	43844
15097	0	0	0	0	44677	58969	0	44677	3	44674
15574	0	0	0	0	44200	58894	0	44200	3	44197
15508	0	0	0	0	44266	58977	0	44266	3	44263
15953	0	0	0	0	43821	58807	0	43821	3	43818
15430	0	0	0	0	44344	58089	0	44344	3	44341
15299	0	0	0	0	44475	58791	0	44475	3	44472
15544	0	0	0	0	44230	59055	0	44230	3	44227
15217	0	0	0	0	44557	58895	0	44557	3	44554
15463	0	0	0	0	44311	58948	0	44311	3	44308
16272	0	0	0	0	43502	58793	0	43502	3	43499
15854	0	0	0	0	43920	58925	0	43920	3	43917
15923	0	0	0	0	43851	58814	0	43851	3	43848
14521	0	0	0	0	45253	59035	0	45253	3	45250
15474	0	0	0	0	44300	58959	0	44300	3	44297
16360	0	0	0	0	43414	58020	0	43414	3	43411
15785	0	0	0	0	43989	59029	0	43989	3	43986
15753	0	0	0	0	44021	59127	0	44021	3	44018
14649	0	0	0	0	45125	58448	0	45125	3	45122
15944	0	0	0	0	43830	59027	0	43830	3	43827
15892	0	0	0	0	43882	58961	0	43882	3	43879
14561	0	0	0	0	45213	58887	0	45213	3	45210
14406	0	0	0	0	45368	58914	0	45368	3	45365
15410	0	0	0	0	44364	58795	0	44364	3	44361
16369	0	0	0	0	43405	58914	0	43405	3	43402
16029	0	0	0	0	43745	59324	0	43745	3	43742
15325	0	0	0	0	44449	58897	0	44449	3	44446
15808	0	0	0	0	43966	58913	0	43966	3	43963
14930	0	0	0	0	44844	58942	0	44844	3	44841
14832	0	0	0	0	44942	58870	0	44942	3	44939
15584	0	0	0	0	44190	59059	0	44190	3	44187
14947	0	0	0	0	44827	58953	0	44827	3	44824
16957	0	0	0	0	42817	58563	0	42817	3	42814
15054	0	0	0	0	44720	58825	0	44720	3	44717
15763	0	0	0	0	44011	58315	0	44011	3	44008
16396	0	0	0	0	43378	58494	0	43378	3	43375
16061	0	0	0	0	43713	58130	0	43713	3	43710
14856	0	0	0	0	44918	59038	0	44918	3	44915
15363	0	0	0	0	44411	59005	0	44411	3	44408
15129	0	0	0	0	44645	58388	0	44645	3	44642
15891	0	0	0	0	43883	59024	0	43883	3	43880
16685	0	0	0	0	43089	58558	0	43089	3	43086
15378	0	0	0	0	44396	58158	0	44396	3	44393
16197	0	0	0	0	43577	58923	0	43577	3	43574
15218	0	0	0	0	44556	58824	0	44556	3	44553
15595	0	0	0	0	44179	59171	0	44179	3	44176
15176	0	0	0	0	44598	58900	0	44598	3	44595
15632	0	0	0	0	44142	58036	0	44142	3	44139
16199	0	0	0	0	43575	58945	0	43575	3	43572
16369	0	0	0	0	43405	58530	0	43405	3	43402
16170	0	0	0	0	43604	57979	0	43604	3	43601
16462	0	0	0	0	43312	58987	0	43312	3	43309
15854	0	0	0	0	43920	59043	0	43920	3	43917
16443	0	0	0	0	43331	58307	0	43331	3	43328
15209	0	0	0	0	44565	58906	0	44565	3	44562
16183	0	0	0	0	43591	58279	0	43591	3	43588
15555	0	0	0	0	44219	59218	0	44219	3	44216
16410	0	0	0	0	43364	58902	0	43364	3	43361
16243	0	0	0	0	43531	58784	0	43531	3	43528
15625	0	0	0	0	44149	58913	0	44149	3	44146
15869	0	0	0	0	43905	58050	0	43905	3	43902
16782	0	0	0	0	42992	57929	0	42992	3	42989
14198	0	0	0	0	45576	58974	0	45576	3	45573
15444	0	0	0	0	44330	58894	0	44330	3	44327
15573	0	0	0	0	44201	59054	0	44201	3	44198
16235	0	0	0	0	43539	58925	0	43539	3	43536
15234	0	0	0	0	44540	58840	0	44540	3	44537
15846	0	0	0	0	43928	58892	0	43928	3	43925
15742	0	0	0	0	44032	58844	0	44032	3	44029
15714	0	0	0	0	44060	58439	0	44060	3	44057
15682	0	0	0	0	44092	58886	0	44092	3	44089
14920	0	0	0	0	44854	58898	0	44854	3	44851
16479	0	0	0	0	43295	58906	0	43295	3	43292
16649	0	0	0	0	43125	58164	0	43125	3	43122
15926	0	0	0	0	43848	58463	0	43848	3	43845
15601	0	0	0	0	44173	59173	0	44173	3	44170
15263	0	0	0	0	44511	58873	0	44511	3	44508
14935	0	0	0	0	44839	58891	0	44839	3	44836
16237	0	0	0	0	43537	58904	0	43537	3	43534
15666	0	0	0	0	44108	59154	0	44108	3	44105
15298	0	0	0	0	44476	59002	0	44476	3	44473
15307	0	0	0	0	44467	58118	0	44467	3	44464
