59146	0	0	0	0	628	53203	0	628	3	625
58475	0	0	0	0	1299	52838	0	1299	3	1296
57911	0	0	0	0	1863	52792	0	1863	3	1860
58654	0	0	0	0	1120	52792	0	1120	3	1117
58491	0	0	0	0	1283	53508	0	1283	3	1280
58813	0	0	0	0	961	53356	0	961	3	958
57659	0	0	0	0	2115	53265	0	2115	3	2112
59446	0	0	0	0	328	52384	0	328	3	325
58255	0	0	0	0	1519	53414	0	1519	3	1516
57714	0	0	0	0	2060	53494	0	2060	3	2057
58098	0	0	0	0	1676	52961	0	1676	3	1673
58057	0	0	0	0	1717	53412	0	1717	3	1714
59253	0	0	0	0	521	53247	0	521	3	518
58319	0	0	0	0	1455	52742	0	1455	3	1452
59067	0	0	0	0	707	52529	0	707	3	704
59536	0	0	0	0	238	52425	0	238	3	235
57836	0	0	0	0	1938	53477	0	1938	3	1935
58225	0	0	0	0	1549	52799	0	1549	3	1546
58343	0	0	0	0	1431	53589	0	1431	3	1428
59326	0	0	0	0	448	52477	0	448	3	445
57138	0	0	0	0	2636	53815	0	2636	3	2633
59022	0	0	0	0	752	53410	0	752	3	749
58877	0	0	0	0	897	52428	0	897	3	894
59130	0	0	0	0	644	52647	0	644	3	641
58837	0	0	0	0	937	53228	0	937	3	934
57923	0	0	0	0	1851	53162	0	1851	3	1848
58094	0	0	0	0	1680	52820	0	1680	3	1677
59204	0	0	0	0	570	53044	0	570	3	567
57872	0	0	0	0	1902	53174	0	1902	3	1899
59179	0	0	0	0	595	53382	0	595	3	592
59439	0	0	0	0	335	51854	0	335	3	332
58409	0	0	0	0	1365	53018	0	1365	3	1362
58540	0	0	0	0	1234	53340	0	1234	3	1231
59117	0	0	0	0	657	53014	0	657	3	654
57834	0	0	0	0	1940	53552	0	1940	3	1937
57617	0	0	0	0	2157	53513	0	2157	3	2154
59126	0	0	0	0	648	53448	0	648	3	645
57509	0	0	0	0	2265	53698	0	2265	3	2262
57646	0	0	0	0	2128	53611	0	2128	3	2125
58713	0	0	0	0	1061	52759	0	1061	3	1058
58268	0	0	0	0	1506	53372	0	1506	3	1503
58174	0	0	0	0	1600	53088	0	1600	3	1597
58192	0	0	0	0	1582	52932	0	1582	3	1579
58077	0	0	0	0	1697	53681	0	1697	3	1694
59089	0	0	0	0	685	53001	0	685	3	682
57777	0	0	0	0	1997	53566	0	1997	3	1994
58104	0	0	0	0	1670	53326	0	1670	3	1667
58074	0	0	0	0	1700	53487	0	1700	3	1697
56994	0	0	0	0	2780	53184	0	2780	3	2777
57961	0	0	0	0	1813	52969	0	1813	3	1810
57889	0	0	0	0	1885	52977	0	1885	3	1882
59009	0	0	0	0	765	53095	0	765	3	762
57604	0	0	0	0	2170	53746	0	2170	3	2167
58496	0	0	0	0	1278	52762	0	1278	3	1275
59210	0	0	0	0	564	52667	0	564	3	561
59063	0	0	0	0	711	52504	0	711	3	708
58625	0	0	0	0	1149	52676	0	1149	3	1146
58466	0	0	0	0	1308	53048	0	1308	3	1305
57559	0	0	0	0	2215	53287	0	2215	3	2212
57827	0	0	0	0	1947	53111	0	1947	3	1944
58586	0	0	0	0	1188	52771	0	1188	3	1185
59204	0	0	0	0	570	51813	0	570	3	567
58178	0	0	0	0	1596	53440	0	1596	3	1593
59191	0	0	0	0	583	52065	0	583	3	580
58958	0	0	0	0	816	52768	0	816	3	813
58569	0	0	0	0	1205	53319	0	1205	3	1202
57531	0	0	0	0	2243	53335	0	2243	3	2240
59049	0	0	0	0	725	52490	0	725	3	722
58854	0	0	0	0	920	53355	0	920	3	917
57626	0	0	0	0	2148	53609	0	2148	3	2145
58914	0	0	0	0	860	53157	0	860	3	857
58065	0	0	0	0	1709	52696	0	1709	3	1706
57815	0	0	0	0	1959	52940	0	1959	3	1956
58651	0	0	0	0	1123	53119	0	1123	3	1120
58412	0	0	0	0	1362	53676	0	1362	3	1359
58939	0	0	0	0	835	52787	0	835	3	832
58892	0	0	0	0	882	52538	0	882	3	879
58615	0	0	0	0	1159	52637	0	1159	3	1156
57757	0	0	0	0	2017	53105	0	2017	3	2014
57355	0	0	0	0	2419	53824	0	2419	3	2416
58719	0	0	0	0	1055	52577	0	1055	3	1052
57824	0	0	0	0	1950	53546	0	1950	3	1947
58244	0	0	0	0	1530	53198	0	1530	3	1527
57464	0	0	0	0	2310	53540	0	2310	3	2307
58939	0	0	0	0	835	53309	0	835	3	832
58193	0	0	0	0	1581	53160	0	1581	3	1578
57405	0	0	0	0	2369	52993	0	2369	3	2366
57988	0	0	0	0	1786	52726	0	1786	3	1783
58316	0	0	0	0	1458	52859	0	1458	3	1455
59268	0	0	0	0	506	52992	0	506	3	503
58050	0	0	0	0	1724	53545	0	1724	3	1721
58731	0	0	0	0	1043	52602	0	1043	3	1040
57897	0	0	0	0	1877	53344	0	1877	3	1874
59246	0	0	0	0	528	52992	0	528	3	525
59175	0	0	0	0	599	53055	0	599	3	596
57328	0	0	0	0	2446	53160	0	2446	3	2443
58017	0	0	0	0	1757	53190	0	1757	3	1754
57734	0	0	0	0	2040	53631	0	2040	3	2037
58030	0	0	0	0	1744	52800	0	1744	3	1741
58094	0	0	0	0	1680	53533	0	1680	3	1677
58862	0	0	0	0	912	52811	0	912	3	909
58787	0	0	0	0	987	52955	0	987	3	984
58390	0	0	0	0	1384	53798	0	1384	3	1381
58215	0	0	0	0	1559	53657	0	1559	3	1556
57414	0	0	0	0	2360	52993	0	2360	3	2357
58243	0	0	0	0	1531	52760	0	1531	3	1528
58838	0	0	0	0	936	53440	0	936	3	933
59016	0	0	0	0	758	53316	0	758	3	755
58083	0	0	0	0	1691	53168	0	1691	3	1688
57913	0	0	0	0	1861	53168	0	1861	3	1858
58510	0	0	0	0	1264	53102	0	1264	3	1261
58951	0	0	0	0	823	52518	0	823	3	820
59045	0	0	0	0	729	52375	0	729	3	726
58874	0	0	0	0	900	52595	0	900	3	897
58970	0	0	0	0	804	52870	0	804	3	801
57776	0	0	0	0	1998	53467	0	1998	3	1995
58898	0	0	0	0	876	53364	0	876	3	873
57392	0	0	0	0	2382	53724	0	2382	3	2379
58639	0	0	0	0	1135	53084	0	1135	3	1132
57975	0	0	0	0	1799	53657	0	1799	3	1796
58143	0	0	0	0	1631	53258	0	1631	3	1628
58502	0	0	0	0	1272	53307	0	1272	3	1269
58669	0	0	0	0	1105	53787	0	1105	3	1102
58444	0	0	0	0	1330	53253	0	1330	3	1327
57918	0	0	0	0	1856	53654	0	1856	3	1853
58703	0	0	0	0	1071	52683	0	1071	3	1068
57926	0	0	0	0	1848	53230	0	1848	3	1845
58712	0	0	0	0	1062	52792	0	1062	3	1059
57739	0	0	0	0	2035	53445	0	2035	3	2032
58691	0	0	0	0	1083	53152	0	1083	3	1080
58270	0	0	0	0	1504	52757	0	1504	3	1501
58776	0	0	0	0	998	53273	0	998	3	995
57668	0	0	0	0	2106	53522	0	2106	3	2103
57269	0	0	0	0	2505	53737	0	2505	3	2502
58323	0	0	0	0	1451	53456	0	1451	3	1448
58268	0	0	0	0	1506	53587	0	1506	3	1503
59051	0	0	0	0	723	53149	0	723	3	720
58425	0	0	0	0	1349	52512	0	1349	3	1346
57564	0	0	0	0	2210	53460	0	2210	3	2207
58786	0	0	0	0	988	53082	0	988	3	985
58763	0	0	0	0	1011	52769	0	1011	3	1008
58587	0	0	0	0	1187	52930	0	1187	3	1184
57882	0	0	0	0	1892	52976	0	1892	3	1889
58335	0	0	0	0	1439	52978	0	1439	3	1436
58022	0	0	0	0	1752	53601	0	1752	3	1749
59082	0	0	0	0	692	52343	0	692	3	689
58864	0	0	0	0	910	53375	0	910	3	907
58578	0	0	0	0	1196	52755	0	1196	3	1193
58460	0	0	0	0	1314	52723	0	1314	3	1311
59379	0	0	0	0	395	52700	0	395	3	392
59056	0	0	0	0	718	52548	0	718	3	715
58723	0	0	0	0	1051	53410	0	1051	3	1048
57484	0	0	0	0	2290	53535	0	2290	3	2287
59008	0	0	0	0	766	52454	0	766	3	763
59092	0	0	0	0	682	52580	0	682	3	679
58755	0	0	0	0	1019	53394	0	1019	3	1016
59023	0	0	0	0	751	53378	0	751	3	748
58799	0	0	0	0	975	52530	0	975	3	972
58985	0	0	0	0	789	53360	0	789	3	786
59276	0	0	0	0	498	53334	0	498	3	495
58958	0	0	0	0	816	53546	0	816	3	813
59502	0	0	0	0	272	52049	0	272	3	269
59166	0	0	0	0	608	53355	0	608	3	605
58140	0	0	0	0	1634	52807	0	1634	3	1631
57829	0	0	0	0	1945	53375	0	1945	3	1942
58231	0	0	0	0	1543	52921	0	1543	3	1540
58150	0	0	0	0	1624	53074	0	1624	3	1621
57931	0	0	0	0	1843	53100	0	1843	3	1840
58176	0	0	0	0	1598	52669	0	1598	3	1595
57396	0	0	0	0	2378	53061	0	2378	3	2375
58795	0	0	0	0	979	52566	0	979	3	976
58878	0	0	0	0	896	52526	0	896	3	893
58423	0	0	0	0	1351	53718	0	1351	3	1348
58360	0	0	0	0	1414	53490	0	1414	3	1411
58359	0	0	0	0	1415	53199	0	1415	3	1412
58552	0	0	0	0	1222	52785	0	1222	3	1219
59152	0	0	0	0	622	52924	0	622	3	619
58004	0	0	0	0	1770	53029	0	1770	3	1767
58781	0	0	0	0	993	53352	0	993	3	990
57570	0	0	0	0	2204	53651	0	2204	3	2201
58855	0	0	0	0	919	53009	0	919	3	916
59198	0	0	0	0	576	52377	0	576	3	573
57907	0	0	0	0	1867	53635	0	1867	3	1864
59190	0	0	0	0	584	52167	0	584	3	581
57559	0	0	0	0	2215	53556	0	2215	3	2212
59337	0	0	0	0	437	52878	0	437	3	434
58914	0	0	0	0	860	53231	0	860	3	857
57905	0	0	0	0	1869	53448	0	1869	3	1866
57616	0	0	0	0	2158	53537	0	2158	3	2155
58044	0	0	0	0	1730	52993	0	1730	3	1727
58718	0	0	0	0	1056	53004	0	1056	3	1053
59341	0	0	0	0	433	52302	0	433	3	430
57900	0	0	0	0	1874	53275	0	1874	3	1871
59054	0	0	0	0	720	53371	0	720	3	717
57767	0	0	0	0	2007	53744	0	2007	3	2004
57499	0	0	0	0	2275	53233	0	2275	3	2272
58414	0	0	0	0	1360	52877	0	1360	3	1357
57786	0	0	0	0	1988	53834	0	1988	3	1985
58371	0	0	0	0	1403	53045	0	1403	3	1400
58365	0	0	0	0	1409	52824	0	1409	3	1406
59325	0	0	0	0	449	53346	0	449	3	446
59122	0	0	0	0	652	53221	0	652	3	649
57878	0	0	0	0	1896	53488	0	1896	3	1893
59302	0	0	0	0	472	52778	0	472	3	469
58866	0	0	0	0	908	52574	0	908	3	905
59042	0	0	0	0	732	52521	0	732	3	729
57955	0	0	0	0	1819	53276	0	1819	3	1816
58037	0	0	0	0	1737	53332	0	1737	3	1734
58875	0	0	0	0	899	52604	0	899	3	896
57668	0	0	0	0	2106	53125	0	2106	3	2103
59009	0	0	0	0	765	52608	0	765	3	762
59317	0	0	0	0	457	52432	0	457	3	454
58952	0	0	0	0	822	52670	0	822	3	819
58775	0	0	0	0	999	53066	0	999	3	996
58879	0	0	0	0	895	53092	0	895	3	892
58882	0	0	0	0	892	52598	0	892	3	889
58251	0	0	0	0	1523	53721	0	1523	3	1520
57901	0	0	0	0	1873	53681	0	1873	3	1870
59192	0	0	0	0	582	53279	0	582	3	579
57298	0	0	0	0	2476	53659	0	2476	3	2473
59211	0	0	0	0	563	52773	0	563	3	560
59150	0	0	0	0	624	52687	0	624	3	621
58837	0	0	0	0	937	52024	0	937	3	934
57252	0	0	0	0	2522	53685	0	2522	3	2519
58483	0	0	0	0	1291	53104	0	1291	3	1288
58901	0	0	0	0	873	53293	0	873	3	870
59466	0	0	0	0	308	52229	0	308	3	305
59099	0	0	0	0	675	53173	0	675	3	672
59097	0	0	0	0	677	53277	0	677	3	674
57846	0	0	0	0	1928	53662	0	1928	3	1925
58199	0	0	0	0	1575	53327	0	1575	3	1572
58661	0	0	0	0	1113	52578	0	1113	3	1110
57822	0	0	0	0	1952	53610	0	1952	3	1949
57145	0	0	0	0	2629	53583	0	2629	3	2626
59056	0	0	0	0	718	52414	0	718	3	715
58866	0	0	0	0	908	52889	0	908	3	905
58824	0	0	0	0	950	52675	0	950	3	947
58987	0	0	0	0	787	53413	0	787	3	784
58476	0	0	0	0	1298	53537	0	1298	3	1295
58954	0	0	0	0	820	53121	0	820	3	817
57880	0	0	0	0	1894	53601	0	1894	3	1891
57929	0	0	0	0	1845	53051	0	1845	3	1842
58191	0	0	0	0	1583	53555	0	1583	3	1580
57972	0	0	0	0	1802	52809	0	1802	3	1799
57094	0	0	0	0	2680	53595	0	2680	3	2677
57059	0	0	0	0	2715	53098	0	2715	3	2712
58598	0	0	0	0	1176	52491	0	1176	3	1173
58243	0	0	0	0	1531	53582	0	1531	3	1528
58435	0	0	0	0	1339	52816	0	1339	3	1336
58528	0	0	0	0	1246	52890	0	1246	3	1243
59331	0	0	0	0	443	53036	0	443	3	440
57561	0	0	0	0	2213	53676	0	2213	3	2210
59216	0	0	0	0	558	53082	0	558	3	555
59129	0	0	0	0	645	53146	0	645	3	642
58625	0	0	0	0	1149	52896	0	1149	3	1146
58462	0	0	0	0	1312	53000	0	1312	3	1309
58664	0	0	0	0	1110	53280	0	1110	3	1107
58659	0	0	0	0	1115	52597	0	1115	3	1112
57559	0	0	0	0	2215	53562	0	2215	3	2212
59369	0	0	0	0	405	53149	0	405	3	402
58929	0	0	0	0	845	52573	0	845	3	842
58702	0	0	0	0	1072	52756	0	1072	3	1069
57812	0	0	0	0	1962	53304	0	1962	3	1959
58795	0	0	0	0	979	52589	0	979	3	976
57844	0	0	0	0	1930	53050	0	1930	3	1927
58802	0	0	0	0	972	52783	0	972	3	969
59103	0	0	0	0	671	52872	0	671	3	668
59250	0	0	0	0	524	52911	0	524	3	521
59475	0	0	0	0	299	52494	0	299	3	296
58535	0	0	0	0	1239	53087	0	1239	3	1236
58386	0	0	0	0	1388	53397	0	1388	3	1385
58058	0	0	0	0	1716	53575	0	1716	3	1713
57924	0	0	0	0	1850	53832	0	1850	3	1847
57776	0	0	0	0	1998	53057	0	1998	3	1995
58704	0	0	0	0	1070	53513	0	1070	3	1067
58466	0	0	0	0	1308	53008	0	1308	3	1305
59241	0	0	0	0	533	52895	0	533	3	530
57225	0	0	0	0	2549	53203	0	2549	3	2546
58468	0	0	0	0	1306	52717	0	1306	3	1303
58344	0	0	0	0	1430	52615	0	1430	3	1427
56964	0	0	0	0	2810	53074	0	2810	3	2807
58376	0	0	0	0	1398	52806	0	1398	3	1395
58369	0	0	0	0	1405	53195	0	1405	3	1402
58334	0	0	0	0	1440	52681	0	1440	3	1437
57214	0	0	0	0	2560	53593	0	2560	3	2557
58774	0	0	0	0	1000	53022	0	1000	3	997
59266	0	0	0	0	508	53313	0	508	3	505
59170	0	0	0	0	604	53013	0	604	3	601
59109	0	0	0	0	665	52243	0	665	3	662
58115	0	0	0	0	1659	52962	0	1659	3	1656
57640	0	0	0	0	2134	53461	0	2134	3	2131
58798	0	0	0	0	976	53347	0	976	3	973
58591	0	0	0	0	1183	53060	0	1183	3	1180
57733	0	0	0	0	2041	53135	0	2041	3	2038
58289	0	0	0	0	1485	52859	0	1485	3	1482
58908	0	0	0	0	866	53363	0	866	3	863
59130	0	0	0	0	644	52495	0	644	3	641
58497	0	0	0	0	1277	52458	0	1277	3	1274
57769	0	0	0	0	2005	52867	0	2005	3	2002
58393	0	0	0	0	1381	52963	0	1381	3	1378
58743	0	0	0	0	1031	52113	0	1031	3	1028
58626	0	0	0	0	1148	53585	0	1148	3	1145
59379	0	0	0	0	395	52460	0	395	3	392
56883	0	0	0	0	2891	53207	0	2891	3	2888
58514	0	0	0	0	1260	53454	0	1260	3	1257
58669	0	0	0	0	1105	53299	0	1105	3	1102
57386	0	0	0	0	2388	53163	0	2388	3	2385
58765	0	0	0	0	1009	52555	0	1009	3	1006
58055	0	0	0	0	1719	53762	0	1719	3	1716
59273	0	0	0	0	501	51721	0	501	3	498
57802	0	0	0	0	1972	52951	0	1972	3	1969
57944	0	0	0	0	1830	53574	0	1830	3	1827
57446	0	0	0	0	2328	53195	0	2328	3	2325
59017	0	0	0	0	757	53212	0	757	3	754
57981	0	0	0	0	1793	53857	0	1793	3	1790
58995	0	0	0	0	779	53370	0	779	3	776
58641	0	0	0	0	1133	53214	0	1133	3	1130
58369	0	0	0	0	1405	53248	0	1405	3	1402
58966	0	0	0	0	808	53037	0	808	3	805
58756	0	0	0	0	1018	52388	0	1018	3	1015
59023	0	0	0	0	751	52561	0	751	3	748
58528	0	0	0	0	1246	52832	0	1246	3	1243
58068	0	0	0	0	1706	53718	0	1706	3	1703
57342	0	0	0	0	2432	53744	0	2432	3	2429
57705	0	0	0	0	2069	53667	0	2069	3	2066
57578	0	0	0	0	2196	53742	0	2196	3	2193
58392	0	0	0	0	1382	53483	0	1382	3	1379
58973	0	0	0	0	801	52710	0	801	3	798
57685	0	0	0	0	2089	53716	0	2089	3	2086
58389	0	0	0	0	1385	52519	0	1385	3	1382
58914	0	0	0	0	860	53178	0	860	3	857
57459	0	0	0	0	2315	53573	0	2315	3	2312
59178	0	0	0	0	596	53376	0	596	3	593
58922	0	0	0	0	852	53494	0	852	3	849
57628	0	0	0	0	2146	53828	0	2146	3	2143
57942	0	0	0	0	1832	53199	0	1832	3	1829
56967	0	0	0	0	2807	53279	0	2807	3	2804
58701	0	0	0	0	1073	52869	0	1073	3	1070
59234	0	0	0	0	540	53209	0	540	3	537
59055	0	0	0	0	719	52978	0	719	3	716
58991	0	0	0	0	783	53360	0	783	3	780
58313	0	0	0	0	1461	52688	0	1461	3	1458
59081	0	0	0	0	693	52725	0	693	3	690
57738	0	0	0	0	2036	53175	0	2036	3	2033
58885	0	0	0	0	889	52885	0	889	3	886
59010	0	0	0	0	764	53274	0	764	3	761
57844	0	0	0	0	1930	52994	0	1930	3	1927
58525	0	0	0	0	1249	53286	0	1249	3	1246
59019	0	0	0	0	755	52347	0	755	3	752
59088	0	0	0	0	686	52584	0	686	3	683
59041	0	0	0	0	733	53081	0	733	3	730
59448	0	0	0	0	326	51744	0	326	3	323
58864	0	0	0	0	910	52708	0	910	3	907
57655	0	0	0	0	2119	52949	0	2119	3	2116
58238	0	0	0	0	1536	52959	0	1536	3	1533
58819	0	0	0	0	955	52923	0	955	3	952
59247	0	0	0	0	527	53141	0	527	3	524
59317	0	0	0	0	457	52389	0	457	3	454
59021	0	0	0	0	753	52237	0	753	3	750
59146	0	0	0	0	628	53190	0	628	3	625
58347	0	0	0	0	1427	53384	0	1427	3	1424
59156	0	0	0	0	618	53076	0	618	3	615
58749	0	0	0	0	1025	52300	0	1025	3	1022
58682	0	0	0	0	1092	53077	0	1092	3	1089
58222	0	0	0	0	1552	53037	0	1552	3	1549
59139	0	0	0	0	635	52509	0	635	3	632
59052	0	0	0	0	722	53481	0	722	3	719
58603	0	0	0	0	1171	53236	0	1171	3	1168
57368	0	0	0	0	2406	53133	0	2406	3	2403
58726	0	0	0	0	1048	52806	0	1048	3	1045
58397	0	0	0	0	1377	52931	0	1377	3	1374
59110	0	0	0	0	664	52696	0	664	3	661
58407	0	0	0	0	1367	53055	0	1367	3	1364
57114	0	0	0	0	2660	53757	0	2660	3	2657
58257	0	0	0	0	1517	53542	0	1517	3	1514
58928	0	0	0	0	846	52640	0	846	3	843
58777	0	0	0	0	997	53400	0	997	3	994
58573	0	0	0	0	1201	52894	0	1201	3	1198
57768	0	0	0	0	2006	53322	0	2006	3	2003
59057	0	0	0	0	717	53403	0	717	3	714
57797	0	0	0	0	1977	53022	0	1977	3	1974
58155	0	0	0	0	1619	53735	0	1619	3	1616
59123	0	0	0	0	651	53157	0	651	3	648
58094	0	0	0	0	1680	53460	0	1680	3	1677
59107	0	0	0	0	667	52175	0	667	3	664
59107	0	0	0	0	667	52535	0	667	3	664
59128	0	0	0	0	646	53241	0	646	3	643
58145	0	0	0	0	1629	52943	0	1629	3	1626
58997	0	0	0	0	777	52228	0	777	3	774
58538	0	0	0	0	1236	53103	0	1236	3	1233
58628	0	0	0	0	1146	52933	0	1146	3	1143
57629	0	0	0	0	2145	53528	0	2145	3	2142
59215	0	0	0	0	559	53163	0	559	3	556
57474	0	0	0	0	2300	53665	0	2300	3	2297
59283	0	0	0	0	491	53132	0	491	3	488
59457	0	0	0	0	317	53365	0	317	3	314
57972	0	0	0	0	1802	52991	0	1802	3	1799
57347	0	0	0	0	2427	53663	0	2427	3	2424
59264	0	0	0	0	510	53170	0	510	3	507
58056	0	0	0	0	1718	53013	0	1718	3	1715
57699	0	0	0	0	2075	53648	0	2075	3	2072
58138	0	0	0	0	1636	52923	0	1636	3	1633
58623	0	0	0	0	1151	52641	0	1151	3	1148
58991	0	0	0	0	783	53214	0	783	3	780
58658	0	0	0	0	1116	52778	0	1116	3	1113
59548	0	0	0	0	226	51434	0	226	3	223
59320	0	0	0	0	454	53290	0	454	3	451
59250	0	0	0	0	524	53035	0	524	3	521
59034	0	0	0	0	740	52227	0	740	3	737
57098	0	0	0	0	2676	53855	0	2676	3	2673
58772	0	0	0	0	1002	53296	0	1002	3	999
59357	0	0	0	0	417	52034	0	417	3	414
57881	0	0	0	0	1893	53643	0	1893	3	1890
57741	0	0	0	0	2033	53807	0	2033	3	2030
59196	0	0	0	0	578	53277	0	578	3	575
58239	0	0	0	0	1535	52965	0	1535	3	1532
58589	0	0	0	0	1185	53664	0	1185	3	1182
58426	0	0	0	0	1348	53239	0	1348	3	1345
59101	0	0	0	0	673	53168	0	673	3	670
58257	0	0	0	0	1517	53087	0	1517	3	1514
58681	0	0	0	0	1093	53086	0	1093	3	1090
58826	0	0	0	0	948	52996	0	948	3	945
57349	0	0	0	0	2425	53880	0	2425	3	2422
58995	0	0	0	0	779	52711	0	779	3	776
58645	0	0	0	0	1129	53114	0	1129	3	1126
58149	0	0	0	0	1625	53490	0	1625	3	1622
58844	0	0	0	0	930	53634	0	930	3	927
56871	0	0	0	0	2903	53402	0	2903	3	2900
59271	0	0	0	0	503	52545	0	503	3	500
57495	0	0	0	0	2279	53719	0	2279	3	2276
59331	0	0	0	0	443	52827	0	443	3	440
57358	0	0	0	0	2416	53340	0	2416	3	2413
57338	0	0	0	0	2436	53592	0	2436	3	2433
59184	0	0	0	0	590	52599	0	590	3	587
58054	0	0	0	0	1720	53037	0	1720	3	1717
58003	0	0	0	0	1771	53621	0	1771	3	1768
58962	0	0	0	0	812	53177	0	812	3	809
57382	0	0	0	0	2392	53746	0	2392	3	2389
58514	0	0	0	0	1260	53129	0	1260	3	1257
59333	0	0	0	0	441	53023	0	441	3	438
59126	0	0	0	0	648	52830	0	648	3	645
57891	0	0	0	0	1883	53419	0	1883	3	1880
58475	0	0	0	0	1299	52930	0	1299	3	1296
58990	0	0	0	0	784	53083	0	784	3	781
59045	0	0	0	0	729	53064	0	729	3	726
58019	0	0	0	0	1755	53072	0	1755	3	1752
56848	0	0	0	0	2926	53260	0	2926	3	2923
57638	0	0	0	0	2136	53781	0	2136	3	2133
58299	0	0	0	0	1475	52466	0	1475	3	1472
59141	0	0	0	0	633	53227	0	633	3	630
57237	0	0	0	0	2537	53420	0	2537	3	2534
58650	0	0	0	0	1124	52921	0	1124	3	1121
58017	0	0	0	0	1757	53110	0	1757	3	1754
58641	0	0	0	0	1133	52992	0	1133	3	1130
57358	0	0	0	0	2416	53200	0	2416	3	2413
58700	0	0	0	0	1074	52937	0	1074	3	1071
58498	0	0	0	0	1276	53260	0	1276	3	1273
59185	0	0	0	0	589	53093	0	589	3	586
58161	0	0	0	0	1613	52852	0	1613	3	1610
58762	0	0	0	0	1012	53165	0	1012	3	1009
59203	0	0	0	0	571	52628	0	571	3	568
58500	0	0	0	0	1274	52747	0	1274	3	1271
58215	0	0	0	0	1559	53627	0	1559	3	1556
59249	0	0	0	0	525	52591	0	525	3	522
57641	0	0	0	0	2133	53716	0	2133	3	2130
58332	0	0	0	0	1442	52918	0	1442	3	1439
58889	0	0	0	0	885	52927	0	885	3	882
59122	0	0	0	0	652	52673	0	652	3	649
57899	0	0	0	0	1875	53395	0	1875	3	1872
59117	0	0	0	0	657	53135	0	657	3	654
57555	0	0	0	0	2219	53548	0	2219	3	2216
58139	0	0	0	0	1635	52913	0	1635	3	1632
58945	0	0	0	0	829	52260	0	829	3	826
59135	0	0	0	0	639	52810	0	639	3	636
58521	0	0	0	0	1253	53139	0	1253	3	1250
58130	0	0	0	0	1644	53016	0	1644	3	1641
58611	0	0	0	0	1163	53195	0	1163	3	1160
57621	0	0	0	0	2153	53083	0	2153	3	2150
58166	0	0	0	0	1608	52815	0	1608	3	1605
59276	0	0	0	0	498	52969	0	498	3	495
58987	0	0	0	0	787	53015	0	787	3	784
58213	0	0	0	0	1561	53423	0	1561	3	1558
57896	0	0	0	0	1878	53022	0	1878	3	1875
59385	0	0	0	0	389	51797	0	389	3	386
58148	0	0	0	0	1626	52687	0	1626	3	1623
58908	0	0	0	0	866	52739	0	866	3	863
58234	0	0	0	0	1540	53295	0	1540	3	1537
58860	0	0	0	0	914	52584	0	914	3	911
59080	0	0	0	0	694	52471	0	694	3	691
58679	0	0	0	0	1095	52933	0	1095	3	1092
59021	0	0	0	0	753	52817	0	753	3	750
58900	0	0	0	0	874	52932	0	874	3	871
57337	0	0	0	0	2437	53539	0	2437	3	2434
58908	0	0	0	0	866	52730	0	866	3	863
57996	0	0	0	0	1778	53369	0	1778	3	1775
57597	0	0	0	0	2177	53591	0	2177	3	2174
59275	0	0	0	0	499	52460	0	499	3	496
57822	0	0	0	0	1952	53038	0	1952	3	1949
59034	0	0	0	0	740	52483	0	740	3	737
59355	0	0	0	0	419	52937	0	419	3	416
