49041	0	0	0	0	10733	59028	0	10733	3	10730
49098	0	0	0	0	10676	58451	0	10676	3	10673
49198	0	0	0	0	10576	58999	0	10576	3	10573
48378	0	0	0	0	11396	59038	0	11396	3	11393
48003	0	0	0	0	11771	59093	0	11771	3	11768
49282	0	0	0	0	10492	59024	0	10492	3	10489
50195	0	0	0	0	9579	58769	0	9579	3	9576
50085	0	0	0	0	9689	58804	0	9689	3	9686
48986	0	0	0	0	10788	59064	0	10788	3	10785
49711	0	0	0	0	10063	58490	0	10063	3	10060
48529	0	0	0	0	11245	58839	0	11245	3	11242
49187	0	0	0	0	10587	58710	0	10587	3	10584
48978	0	0	0	0	10796	59050	0	10796	3	10793
49202	0	0	0	0	10572	58838	0	10572	3	10569
49761	0	0	0	0	10013	59019	0	10013	3	10010
49572	0	0	0	0	10202	58683	0	10202	3	10199
48542	0	0	0	0	11232	58677	0	11232	3	11229
49351	0	0	0	0	10423	58999	0	10423	3	10420
49206	0	0	0	0	10568	59011	0	10568	3	10565
48523	0	0	0	0	11251	58773	0	11251	3	11248
48574	0	0	0	0	11200	58722	0	11200	3	11197
49850	0	0	0	0	9924	59039	0	9924	3	9921
48388	0	0	0	0	11386	59016	0	11386	3	11383
48916	0	0	0	0	10858	59005	0	10858	3	10855
48164	0	0	0	0	11610	59111	0	11610	3	11607
48728	0	0	0	0	11046	59248	0	11046	3	11043
49131	0	0	0	0	10643	59044	0	10643	3	10640
49017	0	0	0	0	10757	59103	0	10757	3	10754
50149	0	0	0	0	9625	58983	0	9625	3	9622
48612	0	0	0	0	11162	58861	0	11162	3	11159
49362	0	0	0	0	10412	58934	0	10412	3	10409
48975	0	0	0	0	10799	58959	0	10799	3	10796
49712	0	0	0	0	10062	59071	0	10062	3	10059
49074	0	0	0	0	10700	59068	0	10700	3	10697
50510	0	0	0	0	9264	58762	0	9264	3	9261
48213	0	0	0	0	11561	59040	0	11561	3	11558
48826	0	0	0	0	10948	59044	0	10948	3	10945
49141	0	0	0	0	10633	58816	0	10633	3	10630
48424	0	0	0	0	11350	59051	0	11350	3	11347
49253	0	0	0	0	10521	59029	0	10521	3	10518
49345	0	0	0	0	10429	58615	0	10429	3	10426
49066	0	0	0	0	10708	58836	0	10708	3	10705
49079	0	0	0	0	10695	59087	0	10695	3	10692
48556	0	0	0	0	11218	59076	0	11218	3	11215
48845	0	0	0	0	10929	59004	0	10929	3	10926
49851	0	0	0	0	9923	59011	0	9923	3	9920
49869	0	0	0	0	9905	59006	0	9905	3	9902
49124	0	0	0	0	10650	58831	0	10650	3	10647
49062	0	0	0	0	10712	58828	0	10712	3	10709
49054	0	0	0	0	10720	59107	0	10720	3	10717
48824	0	0	0	0	10950	59069	0	10950	3	10947
48623	0	0	0	0	11151	58775	0	11151	3	11148
49177	0	0	0	0	10597	59110	0	10597	3	10594
49083	0	0	0	0	10691	59068	0	10691	3	10688
49511	0	0	0	0	10263	59085	0	10263	3	10260
49444	0	0	0	0	10330	58969	0	10330	3	10327
48758	0	0	0	0	11016	58936	0	11016	3	11013
48742	0	0	0	0	11032	58724	0	11032	3	11029
48120	0	0	0	0	11654	59089	0	11654	3	11651
48280	0	0	0	0	11494	59046	0	11494	3	11491
49302	0	0	0	0	10472	59037	0	10472	3	10469
49336	0	0	0	0	10438	58835	0	10438	3	10435
49244	0	0	0	0	10530	58843	0	10530	3	10527
50373	0	0	0	0	9401	59061	0	9401	3	9398
48419	0	0	0	0	11355	58996	0	11355	3	11352
49798	0	0	0	0	9976	58944	0	9976	3	9973
48929	0	0	0	0	10845	58993	0	10845	3	10842
48934	0	0	0	0	10840	59092	0	10840	3	10837
49480	0	0	0	0	10294	57863	0	10294	3	10291
48154	0	0	0	0	11620	58897	0	11620	3	11617
49952	0	0	0	0	9822	59125	0	9822	3	9819
49119	0	0	0	0	10655	59131	0	10655	3	10652
49229	0	0	0	0	10545	58697	0	10545	3	10542
49344	0	0	0	0	10430	59082	0	10430	3	10427
50610	0	0	0	0	9164	58968	0	9164	3	9161
48325	0	0	0	0	11449	58999	0	11449	3	11446
50209	0	0	0	0	9565	59076	0	9565	3	9562
49807	0	0	0	0	9967	59042	0	9967	3	9964
49333	0	0	0	0	10441	58978	0	10441	3	10438
47993	0	0	0	0	11781	59052	0	11781	3	11778
49885	0	0	0	0	9889	59060	0	9889	3	9886
48785	0	0	0	0	10989	58952	0	10989	3	10986
49269	0	0	0	0	10505	59073	0	10505	3	10502
48721	0	0	0	0	11053	59005	0	11053	3	11050
49752	0	0	0	0	10022	59367	0	10022	3	10019
48544	0	0	0	0	11230	59071	0	11230	3	11227
48506	0	0	0	0	11268	58760	0	11268	3	11265
49067	0	0	0	0	10707	59107	0	10707	3	10704
48858	0	0	0	0	10916	58991	0	10916	3	10913
48614	0	0	0	0	11160	59031	0	11160	3	11157
49855	0	0	0	0	9919	59066	0	9919	3	9916
49119	0	0	0	0	10655	59328	0	10655	3	10652
49270	0	0	0	0	10504	59026	0	10504	3	10501
49358	0	0	0	0	10416	59135	0	10416	3	10413
48681	0	0	0	0	11093	59114	0	11093	3	11090
49778	0	0	0	0	9996	58703	0	9996	3	9993
48396	0	0	0	0	11378	58819	0	11378	3	11375
48840	0	0	0	0	10934	58910	0	10934	3	10931
48383	0	0	0	0	11391	59004	0	11391	3	11388
48076	0	0	0	0	11698	59078	0	11698	3	11695
48419	0	0	0	0	11355	58884	0	11355	3	11352
49293	0	0	0	0	10481	58815	0	10481	3	10478
48021	0	0	0	0	11753	58756	0	11753	3	11750
49313	0	0	0	0	10461	59134	0	10461	3	10458
47896	0	0	0	0	11878	58791	0	11878	3	11875
49588	0	0	0	0	10186	58936	0	10186	3	10183
50039	0	0	0	0	9735	58751	0	9735	3	9732
49155	0	0	0	0	10619	58711	0	10619	3	10616
48339	0	0	0	0	11435	58877	0	11435	3	11432
49100	0	0	0	0	10674	58998	0	10674	3	10671
49112	0	0	0	0	10662	59110	0	10662	3	10659
48714	0	0	0	0	11060	59097	0	11060	3	11057
49080	0	0	0	0	10694	58986	0	10694	3	10691
48915	0	0	0	0	10859	58681	0	10859	3	10856
49818	0	0	0	0	9956	59088	0	9956	3	9953
49063	0	0	0	0	10711	59085	0	10711	3	10708
49934	0	0	0	0	9840	58999	0	9840	3	9837
49920	0	0	0	0	9854	58874	0	9854	3	9851
50167	0	0	0	0	9607	58778	0	9607	3	9604
49162	0	0	0	0	10612	59041	0	10612	3	10609
50138	0	0	0	0	9636	59047	0	9636	3	9633
49968	0	0	0	0	9806	58648	0	9806	3	9803
48351	0	0	0	0	11423	58466	0	11423	3	11420
49639	0	0	0	0	10135	59025	0	10135	3	10132
49602	0	0	0	0	10172	59103	0	10172	3	10169
48165	0	0	0	0	11609	59104	0	11609	3	11606
48531	0	0	0	0	11243	58841	0	11243	3	11240
48974	0	0	0	0	10800	58998	0	10800	3	10797
49856	0	0	0	0	9918	58768	0	9918	3	9915
49522	0	0	0	0	10252	59128	0	10252	3	10249
48700	0	0	0	0	11074	58783	0	11074	3	11071
49863	0	0	0	0	9911	59135	0	9911	3	9908
48217	0	0	0	0	11557	59023	0	11557	3	11554
49817	0	0	0	0	9957	59071	0	9957	3	9954
49407	0	0	0	0	10367	59049	0	10367	3	10364
48367	0	0	0	0	11407	59055	0	11407	3	11404
48681	0	0	0	0	11093	58795	0	11093	3	11090
49116	0	0	0	0	10658	59073	0	10658	3	10655
49740	0	0	0	0	10034	59073	0	10034	3	10031
49118	0	0	0	0	10656	58705	0	10656	3	10653
49373	0	0	0	0	10401	59028	0	10401	3	10398
48370	0	0	0	0	11404	59081	0	11404	3	11401
48156	0	0	0	0	11618	58987	0	11618	3	11615
48950	0	0	0	0	10824	58997	0	10824	3	10821
49223	0	0	0	0	10551	59021	0	10551	3	10548
49617	0	0	0	0	10157	58836	0	10157	3	10154
48296	0	0	0	0	11478	59025	0	11478	3	11475
49591	0	0	0	0	10183	58733	0	10183	3	10180
49399	0	0	0	0	10375	58788	0	10375	3	10372
49330	0	0	0	0	10444	59059	0	10444	3	10441
49394	0	0	0	0	10380	58847	0	10380	3	10377
48019	0	0	0	0	11755	58934	0	11755	3	11752
49044	0	0	0	0	10730	59112	0	10730	3	10727
49900	0	0	0	0	9874	59234	0	9874	3	9871
49217	0	0	0	0	10557	58925	0	10557	3	10554
49040	0	0	0	0	10734	58722	0	10734	3	10731
48096	0	0	0	0	11678	59056	0	11678	3	11675
49795	0	0	0	0	9979	59082	0	9979	3	9976
49791	0	0	0	0	9983	59214	0	9983	3	9980
49006	0	0	0	0	10768	58217	0	10768	3	10765
48908	0	0	0	0	10866	59107	0	10866	3	10863
48725	0	0	0	0	11049	59381	0	11049	3	11046
49211	0	0	0	0	10563	59109	0	10563	3	10560
49527	0	0	0	0	10247	58905	0	10247	3	10244
48750	0	0	0	0	11024	58987	0	11024	3	11021
48557	0	0	0	0	11217	58946	0	11217	3	11214
48853	0	0	0	0	10921	59034	0	10921	3	10918
47990	0	0	0	0	11784	58401	0	11784	3	11781
49511	0	0	0	0	10263	59070	0	10263	3	10260
49205	0	0	0	0	10569	58831	0	10569	3	10566
48677	0	0	0	0	11097	58750	0	11097	3	11094
49249	0	0	0	0	10525	58813	0	10525	3	10522
50213	0	0	0	0	9561	58772	0	9561	3	9558
49261	0	0	0	0	10513	58728	0	10513	3	10510
48827	0	0	0	0	10947	59018	0	10947	3	10944
49020	0	0	0	0	10754	59038	0	10754	3	10751
48406	0	0	0	0	11368	59062	0	11368	3	11365
47800	0	0	0	0	11974	59019	0	11974	3	11971
49181	0	0	0	0	10593	59054	0	10593	3	10590
48383	0	0	0	0	11391	59047	0	11391	3	11388
49891	0	0	0	0	9883	59043	0	9883	3	9880
49297	0	0	0	0	10477	58637	0	10477	3	10474
49313	0	0	0	0	10461	58858	0	10461	3	10458
49399	0	0	0	0	10375	58990	0	10375	3	10372
49702	0	0	0	0	10072	58802	0	10072	3	10069
48618	0	0	0	0	11156	58575	0	11156	3	11153
50224	0	0	0	0	9550	58916	0	9550	3	9547
48162	0	0	0	0	11612	58924	0	11612	3	11609
49529	0	0	0	0	10245	59029	0	10245	3	10242
48584	0	0	0	0	11190	59036	0	11190	3	11187
48793	0	0	0	0	10981	58735	0	10981	3	10978
49655	0	0	0	0	10119	59304	0	10119	3	10116
48270	0	0	0	0	11504	58915	0	11504	3	11501
49227	0	0	0	0	10547	58911	0	10547	3	10544
49632	0	0	0	0	10142	58876	0	10142	3	10139
49319	0	0	0	0	10455	58941	0	10455	3	10452
48608	0	0	0	0	11166	59150	0	11166	3	11163
48289	0	0	0	0	11485	58986	0	11485	3	11482
49710	0	0	0	0	10064	58945	0	10064	3	10061
49170	0	0	0	0	10604	59123	0	10604	3	10601
48252	0	0	0	0	11522	59108	0	11522	3	11519
47875	0	0	0	0	11899	58736	0	11899	3	11896
49480	0	0	0	0	10294	59002	0	10294	3	10291
49528	0	0	0	0	10246	58876	0	10246	3	10243
49108	0	0	0	0	10666	59014	0	10666	3	10663
49410	0	0	0	0	10364	59018	0	10364	3	10361
48419	0	0	0	0	11355	58684	0	11355	3	11352
49464	0	0	0	0	10310	59352	0	10310	3	10307
49858	0	0	0	0	9916	58827	0	9916	3	9913
48849	0	0	0	0	10925	59076	0	10925	3	10922
48412	0	0	0	0	11362	59126	0	11362	3	11359
48252	0	0	0	0	11522	59108	0	11522	3	11519
49335	0	0	0	0	10439	59136	0	10439	3	10436
49559	0	0	0	0	10215	58925	0	10215	3	10212
48312	0	0	0	0	11462	58733	0	11462	3	11459
49081	0	0	0	0	10693	58815	0	10693	3	10690
49107	0	0	0	0	10667	58832	0	10667	3	10664
49464	0	0	0	0	10310	58738	0	10310	3	10307
48202	0	0	0	0	11572	58921	0	11572	3	11569
49133	0	0	0	0	10641	58804	0	10641	3	10638
49456	0	0	0	0	10318	59037	0	10318	3	10315
49395	0	0	0	0	10379	59042	0	10379	3	10376
48637	0	0	0	0	11137	59153	0	11137	3	11134
49545	0	0	0	0	10229	59088	0	10229	3	10226
50004	0	0	0	0	9770	59103	0	9770	3	9767
49470	0	0	0	0	10304	59058	0	10304	3	10301
48986	0	0	0	0	10788	59052	0	10788	3	10785
48653	0	0	0	0	11121	59118	0	11121	3	11118
49434	0	0	0	0	10340	58801	0	10340	3	10337
49301	0	0	0	0	10473	59021	0	10473	3	10470
50530	0	0	0	0	9244	58697	0	9244	3	9241
49637	0	0	0	0	10137	59012	0	10137	3	10134
48759	0	0	0	0	11015	59021	0	11015	3	11012
50054	0	0	0	0	9720	59071	0	9720	3	9717
49636	0	0	0	0	10138	59093	0	10138	3	10135
49175	0	0	0	0	10599	59084	0	10599	3	10596
48528	0	0	0	0	11246	58834	0	11246	3	11243
48422	0	0	0	0	11352	59097	0	11352	3	11349
48800	0	0	0	0	10974	59024	0	10974	3	10971
48744	0	0	0	0	11030	58980	0	11030	3	11027
49533	0	0	0	0	10241	59047	0	10241	3	10238
48706	0	0	0	0	11068	59080	0	11068	3	11065
49313	0	0	0	0	10461	58985	0	10461	3	10458
49533	0	0	0	0	10241	59029	0	10241	3	10238
49994	0	0	0	0	9780	58774	0	9780	3	9777
48419	0	0	0	0	11355	58148	0	11355	3	11352
48786	0	0	0	0	10988	58820	0	10988	3	10985
49403	0	0	0	0	10371	58856	0	10371	3	10368
48761	0	0	0	0	11013	58769	0	11013	3	11010
48622	0	0	0	0	11152	59064	0	11152	3	11149
48121	0	0	0	0	11653	58714	0	11653	3	11650
49608	0	0	0	0	10166	59014	0	10166	3	10163
48744	0	0	0	0	11030	58877	0	11030	3	11027
49644	0	0	0	0	10130	58997	0	10130	3	10127
49642	0	0	0	0	10132	59092	0	10132	3	10129
49302	0	0	0	0	10472	59128	0	10472	3	10469
49294	0	0	0	0	10480	58655	0	10480	3	10477
50166	0	0	0	0	9608	58525	0	9608	3	9605
48919	0	0	0	0	10855	58678	0	10855	3	10852
49405	0	0	0	0	10369	58901	0	10369	3	10366
49502	0	0	0	0	10272	59124	0	10272	3	10269
49692	0	0	0	0	10082	58593	0	10082	3	10079
50244	0	0	0	0	9530	59067	0	9530	3	9527
48445	0	0	0	0	11329	58964	0	11329	3	11326
49131	0	0	0	0	10643	59080	0	10643	3	10640
48566	0	0	0	0	11208	59024	0	11208	3	11205
49280	0	0	0	0	10494	59350	0	10494	3	10491
48691	0	0	0	0	11083	59124	0	11083	3	11080
49268	0	0	0	0	10506	59060	0	10506	3	10503
48454	0	0	0	0	11320	58749	0	11320	3	11317
49795	0	0	0	0	9979	58639	0	9979	3	9976
49076	0	0	0	0	10698	59057	0	10698	3	10695
48965	0	0	0	0	10809	59056	0	10809	3	10806
48865	0	0	0	0	10909	59035	0	10909	3	10906
50428	0	0	0	0	9346	59108	0	9346	3	9343
48920	0	0	0	0	10854	59010	0	10854	3	10851
49643	0	0	0	0	10131	58805	0	10131	3	10128
48989	0	0	0	0	10785	59148	0	10785	3	10782
48700	0	0	0	0	11074	58886	0	11074	3	11071
48713	0	0	0	0	11061	58810	0	11061	3	11058
48632	0	0	0	0	11142	59084	0	11142	3	11139
49157	0	0	0	0	10617	58976	0	10617	3	10614
49617	0	0	0	0	10157	59097	0	10157	3	10154
48997	0	0	0	0	10777	59104	0	10777	3	10774
48781	0	0	0	0	10993	58829	0	10993	3	10990
48904	0	0	0	0	10870	59066	0	10870	3	10867
48148	0	0	0	0	11626	58883	0	11626	3	11623
48329	0	0	0	0	11445	59058	0	11445	3	11442
49438	0	0	0	0	10336	59086	0	10336	3	10333
48819	0	0	0	0	10955	59127	0	10955	3	10952
50039	0	0	0	0	9735	58916	0	9735	3	9732
49418	0	0	0	0	10356	58951	0	10356	3	10353
49773	0	0	0	0	10001	59092	0	10001	3	9998
49859	0	0	0	0	9915	59120	0	9915	3	9912
49115	0	0	0	0	10659	59218	0	10659	3	10656
50240	0	0	0	0	9534	59060	0	9534	3	9531
48312	0	0	0	0	11462	58806	0	11462	3	11459
49701	0	0	0	0	10073	59061	0	10073	3	10070
48702	0	0	0	0	11072	58786	0	11072	3	11069
49408	0	0	0	0	10366	59029	0	10366	3	10363
48862	0	0	0	0	10912	58972	0	10912	3	10909
49853	0	0	0	0	9921	59095	0	9921	3	9918
49745	0	0	0	0	10029	59022	0	10029	3	10026
49223	0	0	0	0	10551	58686	0	10551	3	10548
49370	0	0	0	0	10404	59004	0	10404	3	10401
49385	0	0	0	0	10389	59019	0	10389	3	10386
49545	0	0	0	0	10229	59092	0	10229	3	10226
48768	0	0	0	0	11006	59095	0	11006	3	11003
47652	0	0	0	0	12122	59121	0	12122	3	12119
49201	0	0	0	0	10573	59035	0	10573	3	10570
48687	0	0	0	0	11087	59198	0	11087	3	11084
49618	0	0	0	0	10156	59041	0	10156	3	10153
49770	0	0	0	0	10004	59044	0	10004	3	10001
48493	0	0	0	0	11281	59056	0	11281	3	11278
49867	0	0	0	0	9907	59013	0	9907	3	9904
49098	0	0	0	0	10676	58991	0	10676	3	10673
48620	0	0	0	0	11154	59047	0	11154	3	11151
49587	0	0	0	0	10187	58844	0	10187	3	10184
48492	0	0	0	0	11282	58886	0	11282	3	11279
48553	0	0	0	0	11221	58723	0	11221	3	11218
49443	0	0	0	0	10331	59038	0	10331	3	10328
48541	0	0	0	0	11233	59064	0	11233	3	11230
49959	0	0	0	0	9815	59362	0	9815	3	9812
47785	0	0	0	0	11989	59038	0	11989	3	11986
49552	0	0	0	0	10222	58672	0	10222	3	10219
49457	0	0	0	0	10317	59045	0	10317	3	10314
49026	0	0	0	0	10748	58659	0	10748	3	10745
49654	0	0	0	0	10120	58613	0	10120	3	10117
48052	0	0	0	0	11722	59398	0	11722	3	11719
49254	0	0	0	0	10520	58745	0	10520	3	10517
48509	0	0	0	0	11265	58892	0	11265	3	11262
49462	0	0	0	0	10312	58993	0	10312	3	10309
48844	0	0	0	0	10930	58665	0	10930	3	10927
49899	0	0	0	0	9875	58638	0	9875	3	9872
48451	0	0	0	0	11323	58519	0	11323	3	11320
48288	0	0	0	0	11486	59347	0	11486	3	11483
48333	0	0	0	0	11441	59025	0	11441	3	11438
48693	0	0	0	0	11081	59107	0	11081	3	11078
48659	0	0	0	0	11115	59179	0	11115	3	11112
49459	0	0	0	0	10315	58776	0	10315	3	10312
49569	0	0	0	0	10205	59080	0	10205	3	10202
48768	0	0	0	0	11006	58826	0	11006	3	11003
48514	0	0	0	0	11260	58464	0	11260	3	11257
49533	0	0	0	0	10241	59022	0	10241	3	10238
48837	0	0	0	0	10937	58932	0	10937	3	10934
48985	0	0	0	0	10789	58957	0	10789	3	10786
49049	0	0	0	0	10725	59112	0	10725	3	10722
49591	0	0	0	0	10183	59033	0	10183	3	10180
48938	0	0	0	0	10836	59074	0	10836	3	10833
49782	0	0	0	0	9992	59008	0	9992	3	9989
48614	0	0	0	0	11160	58948	0	11160	3	11157
49417	0	0	0	0	10357	59086	0	10357	3	10354
48798	0	0	0	0	10976	58941	0	10976	3	10973
48940	0	0	0	0	10834	58988	0	10834	3	10831
49069	0	0	0	0	10705	59069	0	10705	3	10702
49300	0	0	0	0	10474	58974	0	10474	3	10471
48191	0	0	0	0	11583	59110	0	11583	3	11580
48581	0	0	0	0	11193	58886	0	11193	3	11190
49163	0	0	0	0	10611	59030	0	10611	3	10608
48520	0	0	0	0	11254	58779	0	11254	3	11251
48892	0	0	0	0	10882	58955	0	10882	3	10879
48422	0	0	0	0	11352	59036	0	11352	3	11349
50138	0	0	0	0	9636	58756	0	9636	3	9633
49603	0	0	0	0	10171	59136	0	10171	3	10168
49160	0	0	0	0	10614	58805	0	10614	3	10611
49295	0	0	0	0	10479	59165	0	10479	3	10476
48837	0	0	0	0	10937	59037	0	10937	3	10934
49771	0	0	0	0	10003	58822	0	10003	3	10000
48720	0	0	0	0	11054	59087	0	11054	3	11051
50048	0	0	0	0	9726	58719	0	9726	3	9723
48681	0	0	0	0	11093	59105	0	11093	3	11090
48519	0	0	0	0	11255	59049	0	11255	3	11252
49448	0	0	0	0	10326	59122	0	10326	3	10323
50582	0	0	0	0	9192	58981	0	9192	3	9189
49522	0	0	0	0	10252	58921	0	10252	3	10249
48750	0	0	0	0	11024	59073	0	11024	3	11021
48881	0	0	0	0	10893	58530	0	10893	3	10890
49601	0	0	0	0	10173	58923	0	10173	3	10170
48235	0	0	0	0	11539	59088	0	11539	3	11536
49519	0	0	0	0	10255	59207	0	10255	3	10252
47908	0	0	0	0	11866	59075	0	11866	3	11863
49635	0	0	0	0	10139	59064	0	10139	3	10136
48791	0	0	0	0	10983	58353	0	10983	3	10980
48336	0	0	0	0	11438	58625	0	11438	3	11435
48202	0	0	0	0	11572	58812	0	11572	3	11569
49330	0	0	0	0	10444	58871	0	10444	3	10441
49513	0	0	0	0	10261	58768	0	10261	3	10258
48378	0	0	0	0	11396	59135	0	11396	3	11393
47884	0	0	0	0	11890	59131	0	11890	3	11887
48993	0	0	0	0	10781	59038	0	10781	3	10778
48586	0	0	0	0	11188	59054	0	11188	3	11185
48563	0	0	0	0	11211	58734	0	11211	3	11208
48619	0	0	0	0	11155	58898	0	11155	3	11152
48397	0	0	0	0	11377	58687	0	11377	3	11374
48627	0	0	0	0	11147	59081	0	11147	3	11144
48668	0	0	0	0	11106	58796	0	11106	3	11103
49128	0	0	0	0	10646	59026	0	10646	3	10643
48419	0	0	0	0	11355	58965	0	11355	3	11352
49136	0	0	0	0	10638	59048	0	10638	3	10635
48691	0	0	0	0	11083	59074	0	11083	3	11080
50384	0	0	0	0	9390	59091	0	9390	3	9387
49332	0	0	0	0	10442	58977	0	10442	3	10439
49713	0	0	0	0	10061	59061	0	10061	3	10058
49107	0	0	0	0	10667	59059	0	10667	3	10664
49375	0	0	0	0	10399	59069	0	10399	3	10396
48944	0	0	0	0	10830	58735	0	10830	3	10827
48875	0	0	0	0	10899	59084	0	10899	3	10896
49038	0	0	0	0	10736	58867	0	10736	3	10733
50429	0	0	0	0	9345	59070	0	9345	3	9342
48528	0	0	0	0	11246	59060	0	11246	3	11243
48075	0	0	0	0	11699	59030	0	11699	3	11696
49250	0	0	0	0	10524	59082	0	10524	3	10521
49615	0	0	0	0	10159	58798	0	10159	3	10156
49247	0	0	0	0	10527	58820	0	10527	3	10524
48202	0	0	0	0	11572	59013	0	11572	3	11569
49245	0	0	0	0	10529	58788	0	10529	3	10526
49721	0	0	0	0	10053	59078	0	10053	3	10050
49875	0	0	0	0	9899	58907	0	9899	3	9896
48020	0	0	0	0	11754	58972	0	11754	3	11751
48933	0	0	0	0	10841	59103	0	10841	3	10838
48888	0	0	0	0	10886	58798	0	10886	3	10883
49221	0	0	0	0	10553	59047	0	10553	3	10550
49814	0	0	0	0	9960	59107	0	9960	3	9957
49854	0	0	0	0	9920	59123	0	9920	3	9917
49493	0	0	0	0	10281	58940	0	10281	3	10278
49421	0	0	0	0	10353	59013	0	10353	3	10350
49729	0	0	0	0	10045	58848	0	10045	3	10042
49002	0	0	0	0	10772	59017	0	10772	3	10769
48328	0	0	0	0	11446	59041	0	11446	3	11443
48595	0	0	0	0	11179	59088	0	11179	3	11176
49530	0	0	0	0	10244	59029	0	10244	3	10241
49596	0	0	0	0	10178	59078	0	10178	3	10175
49135	0	0	0	0	10639	59059	0	10639	3	10636
48132	0	0	0	0	11642	59067	0	11642	3	11639
49337	0	0	0	0	10437	59054	0	10437	3	10434
49724	0	0	0	0	10050	59074	0	10050	3	10047
48855	0	0	0	0	10919	59047	0	10919	3	10916
48617	0	0	0	0	11157	59035	0	11157	3	11154
49596	0	0	0	0	10178	59034	0	10178	3	10175
49484	0	0	0	0	10290	59000	0	10290	3	10287
48265	0	0	0	0	11509	58776	0	11509	3	11506
49356	0	0	0	0	10418	59005	0	10418	3	10415
49572	0	0	0	0	10202	59345	0	10202	3	10199
49487	0	0	0	0	10287	58653	0	10287	3	10284
49219	0	0	0	0	10555	58877	0	10555	3	10552
49214	0	0	0	0	10560	59008	0	10560	3	10557
49360	0	0	0	0	10414	58953	0	10414	3	10411
48879	0	0	0	0	10895	58936	0	10895	3	10892
48254	0	0	0	0	11520	59135	0	11520	3	11517
48901	0	0	0	0	10873	58981	0	10873	3	10870
48522	0	0	0	0	11252	59131	0	11252	3	11249
48738	0	0	0	0	11036	58790	0	11036	3	11033
48650	0	0	0	0	11124	59023	0	11124	3	11121
49646	0	0	0	0	10128	58931	0	10128	3	10125
48405	0	0	0	0	11369	59054	0	11369	3	11366
49298	0	0	0	0	10476	59086	0	10476	3	10473
49045	0	0	0	0	10729	59094	0	10729	3	10726
48820	0	0	0	0	10954	59072	0	10954	3	10951
48681	0	0	0	0	11093	59078	0	11093	3	11090
49032	0	0	0	0	10742	59066	0	10742	3	10739
48503	0	0	0	0	11271	59013	0	11271	3	11268
49906	0	0	0	0	9868	59071	0	9868	3	9865
48587	0	0	0	0	11187	59072	0	11187	3	11184
48392	0	0	0	0	11382	59051	0	11382	3	11379
49385	0	0	0	0	10389	59001	0	10389	3	10386
50101	0	0	0	0	9673	59052	0	9673	3	9670
48516	0	0	0	0	11258	58555	0	11258	3	11255
48307	0	0	0	0	11467	58966	0	11467	3	11464
49974	0	0	0	0	9800	58881	0	9800	3	9797
49003	0	0	0	0	10771	58826	0	10771	3	10768
50315	0	0	0	0	9459	58996	0	9459	3	9456
48672	0	0	0	0	11102	59064	0	11102	3	11099
48292	0	0	0	0	11482	59102	0	11482	3	11479
49689	0	0	0	0	10085	59017	0	10085	3	10082
48619	0	0	0	0	11155	58741	0	11155	3	11152
48743	0	0	0	0	11031	59063	0	11031	3	11028
48368	0	0	0	0	11406	58824	0	11406	3	11403
48909	0	0	0	0	10865	58613	0	10865	3	10862
48736	0	0	0	0	11038	58636	0	11038	3	11035
49667	0	0	0	0	10107	58972	0	10107	3	10104
49687	0	0	0	0	10087	59003	0	10087	3	10084
48908	0	0	0	0	10866	58781	0	10866	3	10863
48908	0	0	0	0	10866	59084	0	10866	3	10863
49531	0	0	0	0	10243	59047	0	10243	3	10240
48919	0	0	0	0	10855	59032	0	10855	3	10852
49369	0	0	0	0	10405	59022	0	10405	3	10402
49375	0	0	0	0	10399	58883	0	10399	3	10396
49328	0	0	0	0	10446	59041	0	10446	3	10443
49328	0	0	0	0	10446	58796	0	10446	3	10443
48690	0	0	0	0	11084	59034	0	11084	3	11081
49328	0	0	0	0	10446	58677	0	10446	3	10443
49550	0	0	0	0	10224	58788	0	10224	3	10221
49606	0	0	0	0	10168	59131	0	10168	3	10165
49553	0	0	0	0	10221	58969	0	10221	3	10218
48743	0	0	0	0	11031	59012	0	11031	3	11028
49736	0	0	0	0	10038	59028	0	10038	3	10035
48221	0	0	0	0	11553	59072	0	11553	3	11550
47981	0	0	0	0	11793	59050	0	11793	3	11790
49077	0	0	0	0	10697	59105	0	10697	3	10694
49595	0	0	0	0	10179	59145	0	10179	3	10176
