57685	0	0	0	0	2089	50188	0	2089	3	2086
57310	0	0	0	0	2464	50847	0	2464	3	2461
57088	0	0	0	0	2686	51023	0	2686	3	2683
57113	0	0	0	0	2661	50928	0	2661	3	2658
57985	0	0	0	0	1789	50468	0	1789	3	1786
57354	0	0	0	0	2420	50266	0	2420	3	2417
58080	0	0	0	0	1694	50548	0	1694	3	1691
57792	0	0	0	0	1982	50136	0	1982	3	1979
57263	0	0	0	0	2511	51701	0	2511	3	2508
57977	0	0	0	0	1797	50966	0	1797	3	1794
57025	0	0	0	0	2749	50570	0	2749	3	2746
57190	0	0	0	0	2584	51039	0	2584	3	2581
57849	0	0	0	0	1925	50352	0	1925	3	1922
57530	0	0	0	0	2244	50839	0	2244	3	2241
57407	0	0	0	0	2367	50649	0	2367	3	2364
57490	0	0	0	0	2284	50763	0	2284	3	2281
57376	0	0	0	0	2398	50897	0	2398	3	2395
57610	0	0	0	0	2164	50725	0	2164	3	2161
57341	0	0	0	0	2433	50949	0	2433	3	2430
58282	0	0	0	0	1492	50261	0	1492	3	1489
57688	0	0	0	0	2086	51151	0	2086	3	2083
57957	0	0	0	0	1817	50332	0	1817	3	1814
57782	0	0	0	0	1992	50977	0	1992	3	1989
57944	0	0	0	0	1830	50458	0	1830	3	1827
57534	0	0	0	0	2240	50373	0	2240	3	2237
57515	0	0	0	0	2259	50778	0	2259	3	2256
58378	0	0	0	0	1396	50497	0	1396	3	1393
57614	0	0	0	0	2160	50477	0	2160	3	2157
57314	0	0	0	0	2460	50652	0	2460	3	2457
58268	0	0	0	0	1506	50582	0	1506	3	1503
58647	0	0	0	0	1127	50546	0	1127	3	1124
57148	0	0	0	0	2626	50097	0	2626	3	2623
58001	0	0	0	0	1773	50725	0	1773	3	1770
58470	0	0	0	0	1304	50227	0	1304	3	1301
57911	0	0	0	0	1863	50802	0	1863	3	1860
57819	0	0	0	0	1955	50087	0	1955	3	1952
57243	0	0	0	0	2531	51340	0	2531	3	2528
57711	0	0	0	0	2063	50287	0	2063	3	2060
57483	0	0	0	0	2291	51212	0	2291	3	2288
58535	0	0	0	0	1239	50367	0	1239	3	1236
57198	0	0	0	0	2576	51166	0	2576	3	2573
57502	0	0	0	0	2272	50367	0	2272	3	2269
58095	0	0	0	0	1679	50600	0	1679	3	1676
57757	0	0	0	0	2017	50296	0	2017	3	2014
57433	0	0	0	0	2341	50666	0	2341	3	2338
57561	0	0	0	0	2213	50440	0	2213	3	2210
57910	0	0	0	0	1864	50246	0	1864	3	1861
58336	0	0	0	0	1438	50229	0	1438	3	1435
57649	0	0	0	0	2125	51086	0	2125	3	2122
57510	0	0	0	0	2264	51068	0	2264	3	2261
57474	0	0	0	0	2300	50890	0	2300	3	2297
57412	0	0	0	0	2362	50856	0	2362	3	2359
57416	0	0	0	0	2358	50412	0	2358	3	2355
57209	0	0	0	0	2565	50814	0	2565	3	2562
57321	0	0	0	0	2453	50749	0	2453	3	2450
56959	0	0	0	0	2815	50788	0	2815	3	2812
57954	0	0	0	0	1820	51141	0	1820	3	1817
57932	0	0	0	0	1842	51033	0	1842	3	1839
58073	0	0	0	0	1701	50262	0	1701	3	1698
57364	0	0	0	0	2410	50835	0	2410	3	2407
57847	0	0	0	0	1927	50572	0	1927	3	1924
57460	0	0	0	0	2314	51059	0	2314	3	2311
57761	0	0	0	0	2013	50308	0	2013	3	2010
57352	0	0	0	0	2422	50834	0	2422	3	2419
58235	0	0	0	0	1539	50784	0	1539	3	1536
57776	0	0	0	0	1998	50694	0	1998	3	1995
58010	0	0	0	0	1764	50270	0	1764	3	1761
57564	0	0	0	0	2210	50720	0	2210	3	2207
57457	0	0	0	0	2317	50821	0	2317	3	2314
57660	0	0	0	0	2114	50907	0	2114	3	2111
57072	0	0	0	0	2702	50875	0	2702	3	2699
58156	0	0	0	0	1618	50681	0	1618	3	1615
58174	0	0	0	0	1600	50621	0	1600	3	1597
57551	0	0	0	0	2223	50730	0	2223	3	2220
59118	0	0	0	0	656	50909	0	656	3	653
57761	0	0	0	0	2013	50785	0	2013	3	2010
57832	0	0	0	0	1942	50724	0	1942	3	1939
57146	0	0	0	0	2628	50314	0	2628	3	2625
58260	0	0	0	0	1514	50618	0	1514	3	1511
56912	0	0	0	0	2862	50160	0	2862	3	2859
57332	0	0	0	0	2442	50719	0	2442	3	2439
58238	0	0	0	0	1536	50291	0	1536	3	1533
57017	0	0	0	0	2757	50841	0	2757	3	2754
58041	0	0	0	0	1733	50252	0	1733	3	1730
57771	0	0	0	0	2003	50012	0	2003	3	2000
58482	0	0	0	0	1292	50275	0	1292	3	1289
57388	0	0	0	0	2386	50489	0	2386	3	2383
57744	0	0	0	0	2030	50734	0	2030	3	2027
57991	0	0	0	0	1783	50300	0	1783	3	1780
58030	0	0	0	0	1744	50338	0	1744	3	1741
57331	0	0	0	0	2443	50955	0	2443	3	2440
57294	0	0	0	0	2480	50930	0	2480	3	2477
57211	0	0	0	0	2563	50830	0	2563	3	2560
57400	0	0	0	0	2374	51239	0	2374	3	2371
57941	0	0	0	0	1833	50464	0	1833	3	1830
57814	0	0	0	0	1960	50784	0	1960	3	1957
57177	0	0	0	0	2597	50861	0	2597	3	2594
57476	0	0	0	0	2298	50865	0	2298	3	2295
57604	0	0	0	0	2170	50600	0	2170	3	2167
58044	0	0	0	0	1730	50134	0	1730	3	1727
57920	0	0	0	0	1854	50961	0	1854	3	1851
57390	0	0	0	0	2384	50470	0	2384	3	2381
57703	0	0	0	0	2071	50682	0	2071	3	2068
58150	0	0	0	0	1624	50273	0	1624	3	1621
57232	0	0	0	0	2542	50657	0	2542	3	2539
57302	0	0	0	0	2472	50885	0	2472	3	2469
58267	0	0	0	0	1507	50584	0	1507	3	1504
57742	0	0	0	0	2032	51078	0	2032	3	2029
57126	0	0	0	0	2648	50869	0	2648	3	2645
57669	0	0	0	0	2105	50204	0	2105	3	2102
57873	0	0	0	0	1901	50277	0	1901	3	1898
57482	0	0	0	0	2292	50745	0	2292	3	2289
57477	0	0	0	0	2297	50720	0	2297	3	2294
57535	0	0	0	0	2239	50515	0	2239	3	2236
57891	0	0	0	0	1883	50722	0	1883	3	1880
57651	0	0	0	0	2123	50802	0	2123	3	2120
58081	0	0	0	0	1693	50155	0	1693	3	1690
57287	0	0	0	0	2487	50307	0	2487	3	2484
57699	0	0	0	0	2075	50668	0	2075	3	2072
57268	0	0	0	0	2506	50910	0	2506	3	2503
56792	0	0	0	0	2982	50683	0	2982	3	2979
57569	0	0	0	0	2205	50229	0	2205	3	2202
57434	0	0	0	0	2340	50641	0	2340	3	2337
56977	0	0	0	0	2797	51088	0	2797	3	2794
57360	0	0	0	0	2414	51067	0	2414	3	2411
57152	0	0	0	0	2622	51240	0	2622	3	2619
57299	0	0	0	0	2475	50335	0	2475	3	2472
57943	0	0	0	0	1831	50464	0	1831	3	1828
57521	0	0	0	0	2253	50948	0	2253	3	2250
57225	0	0	0	0	2549	50801	0	2549	3	2546
57721	0	0	0	0	2053	50780	0	2053	3	2050
58141	0	0	0	0	1633	50688	0	1633	3	1630
57647	0	0	0	0	2127	50327	0	2127	3	2124
57594	0	0	0	0	2180	50501	0	2180	3	2177
57423	0	0	0	0	2351	50907	0	2351	3	2348
58037	0	0	0	0	1737	50219	0	1737	3	1734
57401	0	0	0	0	2373	50595	0	2373	3	2370
57310	0	0	0	0	2464	51001	0	2464	3	2461
57591	0	0	0	0	2183	50135	0	2183	3	2180
58767	0	0	0	0	1007	50338	0	1007	3	1004
56941	0	0	0	0	2833	50133	0	2833	3	2830
57998	0	0	0	0	1776	50431	0	1776	3	1773
57349	0	0	0	0	2425	50897	0	2425	3	2422
58201	0	0	0	0	1573	50375	0	1573	3	1570
58045	0	0	0	0	1729	50221	0	1729	3	1726
57898	0	0	0	0	1876	50757	0	1876	3	1873
58031	0	0	0	0	1743	50262	0	1743	3	1740
57926	0	0	0	0	1848	50664	0	1848	3	1845
57771	0	0	0	0	2003	50244	0	2003	3	2000
57617	0	0	0	0	2157	50520	0	2157	3	2154
58136	0	0	0	0	1638	50865	0	1638	3	1635
57937	0	0	0	0	1837	50309	0	1837	3	1834
57425	0	0	0	0	2349	50194	0	2349	3	2346
58340	0	0	0	0	1434	50476	0	1434	3	1431
58056	0	0	0	0	1718	51088	0	1718	3	1715
57647	0	0	0	0	2127	50975	0	2127	3	2124
57532	0	0	0	0	2242	51093	0	2242	3	2239
58334	0	0	0	0	1440	50191	0	1440	3	1437
58071	0	0	0	0	1703	49958	0	1703	3	1700
57355	0	0	0	0	2419	50364	0	2419	3	2416
57430	0	0	0	0	2344	50502	0	2344	3	2341
57408	0	0	0	0	2366	50739	0	2366	3	2363
57748	0	0	0	0	2026	50599	0	2026	3	2023
57563	0	0	0	0	2211	51005	0	2211	3	2208
57194	0	0	0	0	2580	51199	0	2580	3	2577
57710	0	0	0	0	2064	50789	0	2064	3	2061
57703	0	0	0	0	2071	50967	0	2071	3	2068
57366	0	0	0	0	2408	50678	0	2408	3	2405
58029	0	0	0	0	1745	50793	0	1745	3	1742
57752	0	0	0	0	2022	50850	0	2022	3	2019
57432	0	0	0	0	2342	50821	0	2342	3	2339
58185	0	0	0	0	1589	50730	0	1589	3	1586
58250	0	0	0	0	1524	50803	0	1524	3	1521
57716	0	0	0	0	2058	50052	0	2058	3	2055
56911	0	0	0	0	2863	50458	0	2863	3	2860
57482	0	0	0	0	2292	51071	0	2292	3	2289
57407	0	0	0	0	2367	50722	0	2367	3	2364
57240	0	0	0	0	2534	50949	0	2534	3	2531
57398	0	0	0	0	2376	50315	0	2376	3	2373
57729	0	0	0	0	2045	50137	0	2045	3	2042
57589	0	0	0	0	2185	50606	0	2185	3	2182
58337	0	0	0	0	1437	50323	0	1437	3	1434
57168	0	0	0	0	2606	51091	0	2606	3	2603
57827	0	0	0	0	1947	50529	0	1947	3	1944
57641	0	0	0	0	2133	50209	0	2133	3	2130
57280	0	0	0	0	2494	51103	0	2494	3	2491
58264	0	0	0	0	1510	50957	0	1510	3	1507
57775	0	0	0	0	1999	50292	0	1999	3	1996
57400	0	0	0	0	2374	50229	0	2374	3	2371
57386	0	0	0	0	2388	50898	0	2388	3	2385
57337	0	0	0	0	2437	50924	0	2437	3	2434
57892	0	0	0	0	1882	50782	0	1882	3	1879
58047	0	0	0	0	1727	50130	0	1727	3	1724
57279	0	0	0	0	2495	51238	0	2495	3	2492
57449	0	0	0	0	2325	51046	0	2325	3	2322
58019	0	0	0	0	1755	50700	0	1755	3	1752
57286	0	0	0	0	2488	50842	0	2488	3	2485
57998	0	0	0	0	1776	50258	0	1776	3	1773
57510	0	0	0	0	2264	50519	0	2264	3	2261
57132	0	0	0	0	2642	51230	0	2642	3	2639
58042	0	0	0	0	1732	51019	0	1732	3	1729
58182	0	0	0	0	1592	50996	0	1592	3	1589
57563	0	0	0	0	2211	50380	0	2211	3	2208
58042	0	0	0	0	1732	50467	0	1732	3	1729
58117	0	0	0	0	1657	51244	0	1657	3	1654
57456	0	0	0	0	2318	50694	0	2318	3	2315
57965	0	0	0	0	1809	50171	0	1809	3	1806
58374	0	0	0	0	1400	50469	0	1400	3	1397
57402	0	0	0	0	2372	50255	0	2372	3	2369
57686	0	0	0	0	2088	50462	0	2088	3	2085
57311	0	0	0	0	2463	51149	0	2463	3	2460
57680	0	0	0	0	2094	50729	0	2094	3	2091
57216	0	0	0	0	2558	50787	0	2558	3	2555
57905	0	0	0	0	1869	50484	0	1869	3	1866
58037	0	0	0	0	1737	50206	0	1737	3	1734
57341	0	0	0	0	2433	50253	0	2433	3	2430
57590	0	0	0	0	2184	50599	0	2184	3	2181
57348	0	0	0	0	2426	50263	0	2426	3	2423
57958	0	0	0	0	1816	51030	0	1816	3	1813
58065	0	0	0	0	1709	50452	0	1709	3	1706
57511	0	0	0	0	2263	50732	0	2263	3	2260
58160	0	0	0	0	1614	50434	0	1614	3	1611
57444	0	0	0	0	2330	50607	0	2330	3	2327
57672	0	0	0	0	2102	50299	0	2102	3	2099
57853	0	0	0	0	1921	50261	0	1921	3	1918
57661	0	0	0	0	2113	50800	0	2113	3	2110
58384	0	0	0	0	1390	51194	0	1390	3	1387
57813	0	0	0	0	1961	50166	0	1961	3	1958
57009	0	0	0	0	2765	51253	0	2765	3	2762
57679	0	0	0	0	2095	50140	0	2095	3	2092
57285	0	0	0	0	2489	50639	0	2489	3	2486
57556	0	0	0	0	2218	50194	0	2218	3	2215
57977	0	0	0	0	1797	50055	0	1797	3	1794
57494	0	0	0	0	2280	50102	0	2280	3	2277
58192	0	0	0	0	1582	50403	0	1582	3	1579
58226	0	0	0	0	1548	50286	0	1548	3	1545
57408	0	0	0	0	2366	50836	0	2366	3	2363
56834	0	0	0	0	2940	51514	0	2940	3	2937
56904	0	0	0	0	2870	50474	0	2870	3	2867
58748	0	0	0	0	1026	50381	0	1026	3	1023
58373	0	0	0	0	1401	50958	0	1401	3	1398
58064	0	0	0	0	1710	50675	0	1710	3	1707
57570	0	0	0	0	2204	50647	0	2204	3	2201
57727	0	0	0	0	2047	50777	0	2047	3	2044
57887	0	0	0	0	1887	50136	0	1887	3	1884
57032	0	0	0	0	2742	50606	0	2742	3	2739
57400	0	0	0	0	2374	50929	0	2374	3	2371
57423	0	0	0	0	2351	50882	0	2351	3	2348
57319	0	0	0	0	2455	51030	0	2455	3	2452
58024	0	0	0	0	1750	50193	0	1750	3	1747
57591	0	0	0	0	2183	50069	0	2183	3	2180
57560	0	0	0	0	2214	50312	0	2214	3	2211
57100	0	0	0	0	2674	51273	0	2674	3	2671
57695	0	0	0	0	2079	50497	0	2079	3	2076
57360	0	0	0	0	2414	51564	0	2414	3	2411
57607	0	0	0	0	2167	50812	0	2167	3	2164
57755	0	0	0	0	2019	50460	0	2019	3	2016
57764	0	0	0	0	2010	50822	0	2010	3	2007
58339	0	0	0	0	1435	50935	0	1435	3	1432
57834	0	0	0	0	1940	50478	0	1940	3	1937
57498	0	0	0	0	2276	50766	0	2276	3	2273
57826	0	0	0	0	1948	50471	0	1948	3	1945
57638	0	0	0	0	2136	50471	0	2136	3	2133
57519	0	0	0	0	2255	50979	0	2255	3	2252
57843	0	0	0	0	1931	50753	0	1931	3	1928
57618	0	0	0	0	2156	50654	0	2156	3	2153
57337	0	0	0	0	2437	50511	0	2437	3	2434
57600	0	0	0	0	2174	50503	0	2174	3	2171
57484	0	0	0	0	2290	50785	0	2290	3	2287
58095	0	0	0	0	1679	50118	0	1679	3	1676
57748	0	0	0	0	2026	50239	0	2026	3	2023
56980	0	0	0	0	2794	51109	0	2794	3	2791
57318	0	0	0	0	2456	50692	0	2456	3	2453
57612	0	0	0	0	2162	50799	0	2162	3	2159
57081	0	0	0	0	2693	50738	0	2693	3	2690
57661	0	0	0	0	2113	51022	0	2113	3	2110
57860	0	0	0	0	1914	50352	0	1914	3	1911
57943	0	0	0	0	1831	50721	0	1831	3	1828
58443	0	0	0	0	1331	50618	0	1331	3	1328
57139	0	0	0	0	2635	50838	0	2635	3	2632
56951	0	0	0	0	2823	50425	0	2823	3	2820
57376	0	0	0	0	2398	51019	0	2398	3	2395
56961	0	0	0	0	2813	51209	0	2813	3	2810
57547	0	0	0	0	2227	50823	0	2227	3	2224
56905	0	0	0	0	2869	50980	0	2869	3	2866
57638	0	0	0	0	2136	50441	0	2136	3	2133
57821	0	0	0	0	1953	51157	0	1953	3	1950
57678	0	0	0	0	2096	51197	0	2096	3	2093
57286	0	0	0	0	2488	50798	0	2488	3	2485
57945	0	0	0	0	1829	50336	0	1829	3	1826
57503	0	0	0	0	2271	50284	0	2271	3	2268
57981	0	0	0	0	1793	50479	0	1793	3	1790
57706	0	0	0	0	2068	50423	0	2068	3	2065
57082	0	0	0	0	2692	50454	0	2692	3	2689
58280	0	0	0	0	1494	50273	0	1494	3	1491
57502	0	0	0	0	2272	51213	0	2272	3	2269
57522	0	0	0	0	2252	51014	0	2252	3	2249
57174	0	0	0	0	2600	50876	0	2600	3	2597
58321	0	0	0	0	1453	50680	0	1453	3	1450
57531	0	0	0	0	2243	50777	0	2243	3	2240
58126	0	0	0	0	1648	50604	0	1648	3	1645
58092	0	0	0	0	1682	50665	0	1682	3	1679
58116	0	0	0	0	1658	50278	0	1658	3	1655
57930	0	0	0	0	1844	51182	0	1844	3	1841
57205	0	0	0	0	2569	50294	0	2569	3	2566
58075	0	0	0	0	1699	50483	0	1699	3	1696
58020	0	0	0	0	1754	50247	0	1754	3	1751
56825	0	0	0	0	2949	50160	0	2949	3	2946
57122	0	0	0	0	2652	50816	0	2652	3	2649
57458	0	0	0	0	2316	51196	0	2316	3	2313
58347	0	0	0	0	1427	50564	0	1427	3	1424
57379	0	0	0	0	2395	50819	0	2395	3	2392
57489	0	0	0	0	2285	51005	0	2285	3	2282
57342	0	0	0	0	2432	51021	0	2432	3	2429
58180	0	0	0	0	1594	50875	0	1594	3	1591
57490	0	0	0	0	2284	50475	0	2284	3	2281
57178	0	0	0	0	2596	51194	0	2596	3	2593
57551	0	0	0	0	2223	50713	0	2223	3	2220
57193	0	0	0	0	2581	51049	0	2581	3	2578
58020	0	0	0	0	1754	50605	0	1754	3	1751
58043	0	0	0	0	1731	51023	0	1731	3	1728
56970	0	0	0	0	2804	51311	0	2804	3	2801
58523	0	0	0	0	1251	50806	0	1251	3	1248
57270	0	0	0	0	2504	50204	0	2504	3	2501
58095	0	0	0	0	1679	50245	0	1679	3	1676
57837	0	0	0	0	1937	50302	0	1937	3	1934
58092	0	0	0	0	1682	50144	0	1682	3	1679
58425	0	0	0	0	1349	50580	0	1349	3	1346
57871	0	0	0	0	1903	50943	0	1903	3	1900
57751	0	0	0	0	2023	50768	0	2023	3	2020
58141	0	0	0	0	1633	50633	0	1633	3	1630
58244	0	0	0	0	1530	50100	0	1530	3	1527
57478	0	0	0	0	2296	50463	0	2296	3	2293
57414	0	0	0	0	2360	50435	0	2360	3	2357
57436	0	0	0	0	2338	50920	0	2338	3	2335
57029	0	0	0	0	2745	50910	0	2745	3	2742
57500	0	0	0	0	2274	50636	0	2274	3	2271
57586	0	0	0	0	2188	50863	0	2188	3	2185
58437	0	0	0	0	1337	50375	0	1337	3	1334
57130	0	0	0	0	2644	50159	0	2644	3	2641
57544	0	0	0	0	2230	51151	0	2230	3	2227
57854	0	0	0	0	1920	50227	0	1920	3	1917
58190	0	0	0	0	1584	50692	0	1584	3	1581
57506	0	0	0	0	2268	51079	0	2268	3	2265
57963	0	0	0	0	1811	50870	0	1811	3	1808
57838	0	0	0	0	1936	50505	0	1936	3	1933
58026	0	0	0	0	1748	50257	0	1748	3	1745
57257	0	0	0	0	2517	50194	0	2517	3	2514
57590	0	0	0	0	2184	51393	0	2184	3	2181
58090	0	0	0	0	1684	50456	0	1684	3	1681
58385	0	0	0	0	1389	50723	0	1389	3	1386
58204	0	0	0	0	1570	50247	0	1570	3	1567
57981	0	0	0	0	1793	50802	0	1793	3	1790
57661	0	0	0	0	2113	50476	0	2113	3	2110
57518	0	0	0	0	2256	50677	0	2256	3	2253
57588	0	0	0	0	2186	50748	0	2186	3	2183
57811	0	0	0	0	1963	50941	0	1963	3	1960
57986	0	0	0	0	1788	51107	0	1788	3	1785
57995	0	0	0	0	1779	50694	0	1779	3	1776
57639	0	0	0	0	2135	50950	0	2135	3	2132
57631	0	0	0	0	2143	50462	0	2143	3	2140
58490	0	0	0	0	1284	50245	0	1284	3	1281
58007	0	0	0	0	1767	50727	0	1767	3	1764
57941	0	0	0	0	1833	50598	0	1833	3	1830
57528	0	0	0	0	2246	50660	0	2246	3	2243
58252	0	0	0	0	1522	50489	0	1522	3	1519
57623	0	0	0	0	2151	50238	0	2151	3	2148
57494	0	0	0	0	2280	50445	0	2280	3	2277
58065	0	0	0	0	1709	50463	0	1709	3	1706
58327	0	0	0	0	1447	51001	0	1447	3	1444
57457	0	0	0	0	2317	50849	0	2317	3	2314
58136	0	0	0	0	1638	50353	0	1638	3	1635
58363	0	0	0	0	1411	50612	0	1411	3	1408
57779	0	0	0	0	1995	50339	0	1995	3	1992
58319	0	0	0	0	1455	50865	0	1455	3	1452
57523	0	0	0	0	2251	51271	0	2251	3	2248
57912	0	0	0	0	1862	51099	0	1862	3	1859
57519	0	0	0	0	2255	50478	0	2255	3	2252
57971	0	0	0	0	1803	50466	0	1803	3	1800
57188	0	0	0	0	2586	51205	0	2586	3	2583
57625	0	0	0	0	2149	50869	0	2149	3	2146
57345	0	0	0	0	2429	50794	0	2429	3	2426
58547	0	0	0	0	1227	50176	0	1227	3	1224
56839	0	0	0	0	2935	50267	0	2935	3	2932
58498	0	0	0	0	1276	50253	0	1276	3	1273
57381	0	0	0	0	2393	50810	0	2393	3	2390
58131	0	0	0	0	1643	50056	0	1643	3	1640
57983	0	0	0	0	1791	50741	0	1791	3	1788
57215	0	0	0	0	2559	50928	0	2559	3	2556
57537	0	0	0	0	2237	49989	0	2237	3	2234
58065	0	0	0	0	1709	50734	0	1709	3	1706
56988	0	0	0	0	2786	50176	0	2786	3	2783
58347	0	0	0	0	1427	51225	0	1427	3	1424
57644	0	0	0	0	2130	50754	0	2130	3	2127
57882	0	0	0	0	1892	51417	0	1892	3	1889
58294	0	0	0	0	1480	50163	0	1480	3	1477
57589	0	0	0	0	2185	50725	0	2185	3	2182
57687	0	0	0	0	2087	51015	0	2087	3	2084
58162	0	0	0	0	1612	50192	0	1612	3	1609
57149	0	0	0	0	2625	51111	0	2625	3	2622
57896	0	0	0	0	1878	50334	0	1878	3	1875
57208	0	0	0	0	2566	50705	0	2566	3	2563
57485	0	0	0	0	2289	50228	0	2289	3	2286
57281	0	0	0	0	2493	51362	0	2493	3	2490
57596	0	0	0	0	2178	50358	0	2178	3	2175
57743	0	0	0	0	2031	50319	0	2031	3	2028
57270	0	0	0	0	2504	50445	0	2504	3	2501
57605	0	0	0	0	2169	50347	0	2169	3	2166
57984	0	0	0	0	1790	50651	0	1790	3	1787
57006	0	0	0	0	2768	51026	0	2768	3	2765
57850	0	0	0	0	1924	51349	0	1924	3	1921
57523	0	0	0	0	2251	50921	0	2251	3	2248
57543	0	0	0	0	2231	50784	0	2231	3	2228
57380	0	0	0	0	2394	50977	0	2394	3	2391
57017	0	0	0	0	2757	51074	0	2757	3	2754
57877	0	0	0	0	1897	50720	0	1897	3	1894
58882	0	0	0	0	892	50968	0	892	3	889
57761	0	0	0	0	2013	50519	0	2013	3	2010
57992	0	0	0	0	1782	50284	0	1782	3	1779
56981	0	0	0	0	2793	50934	0	2793	3	2790
57929	0	0	0	0	1845	50394	0	1845	3	1842
57895	0	0	0	0	1879	50725	0	1879	3	1876
57492	0	0	0	0	2282	50232	0	2282	3	2279
57086	0	0	0	0	2688	50723	0	2688	3	2685
57569	0	0	0	0	2205	50659	0	2205	3	2202
56877	0	0	0	0	2897	50146	0	2897	3	2894
58212	0	0	0	0	1562	50999	0	1562	3	1559
57672	0	0	0	0	2102	50298	0	2102	3	2099
57762	0	0	0	0	2012	51365	0	2012	3	2009
57323	0	0	0	0	2451	50845	0	2451	3	2448
57523	0	0	0	0	2251	50475	0	2251	3	2248
57750	0	0	0	0	2024	51055	0	2024	3	2021
58131	0	0	0	0	1643	50449	0	1643	3	1640
57951	0	0	0	0	1823	50359	0	1823	3	1820
56956	0	0	0	0	2818	51355	0	2818	3	2815
57110	0	0	0	0	2664	50584	0	2664	3	2661
57810	0	0	0	0	1964	50411	0	1964	3	1961
57158	0	0	0	0	2616	51044	0	2616	3	2613
57569	0	0	0	0	2205	50660	0	2205	3	2202
57624	0	0	0	0	2150	50722	0	2150	3	2147
57483	0	0	0	0	2291	51392	0	2291	3	2288
57127	0	0	0	0	2647	50089	0	2647	3	2644
57693	0	0	0	0	2081	50491	0	2081	3	2078
58166	0	0	0	0	1608	50014	0	1608	3	1605
57129	0	0	0	0	2645	51059	0	2645	3	2642
56995	0	0	0	0	2779	50595	0	2779	3	2776
57700	0	0	0	0	2074	50852	0	2074	3	2071
58216	0	0	0	0	1558	50814	0	1558	3	1555
57432	0	0	0	0	2342	50576	0	2342	3	2339
56907	0	0	0	0	2867	50278	0	2867	3	2864
57865	0	0	0	0	1909	51239	0	1909	3	1906
57708	0	0	0	0	2066	50190	0	2066	3	2063
58255	0	0	0	0	1519	50625	0	1519	3	1516
57939	0	0	0	0	1835	50774	0	1835	3	1832
57415	0	0	0	0	2359	50190	0	2359	3	2356
57357	0	0	0	0	2417	50857	0	2417	3	2414
56827	0	0	0	0	2947	50198	0	2947	3	2944
58475	0	0	0	0	1299	50408	0	1299	3	1296
57453	0	0	0	0	2321	50727	0	2321	3	2318
57832	0	0	0	0	1942	50025	0	1942	3	1939
57873	0	0	0	0	1901	50752	0	1901	3	1898
57492	0	0	0	0	2282	50523	0	2282	3	2279
57369	0	0	0	0	2405	50830	0	2405	3	2402
58189	0	0	0	0	1585	50689	0	1585	3	1582
58393	0	0	0	0	1381	50987	0	1381	3	1378
57436	0	0	0	0	2338	50110	0	2338	3	2335
57547	0	0	0	0	2227	51142	0	2227	3	2224
57486	0	0	0	0	2288	50358	0	2288	3	2285
57881	0	0	0	0	1893	51077	0	1893	3	1890
58273	0	0	0	0	1501	50176	0	1501	3	1498
58023	0	0	0	0	1751	50716	0	1751	3	1748
57704	0	0	0	0	2070	50948	0	2070	3	2067
57490	0	0	0	0	2284	50701	0	2284	3	2281
57511	0	0	0	0	2263	50709	0	2263	3	2260
58033	0	0	0	0	1741	50187	0	1741	3	1738
57802	0	0	0	0	1972	50700	0	1972	3	1969
57800	0	0	0	0	1974	50316	0	1974	3	1971
58288	0	0	0	0	1486	50533	0	1486	3	1483
57240	0	0	0	0	2534	50893	0	2534	3	2531
57522	0	0	0	0	2252	50602	0	2252	3	2249
57749	0	0	0	0	2025	50486	0	2025	3	2022
57686	0	0	0	0	2088	50211	0	2088	3	2085
57943	0	0	0	0	1831	50416	0	1831	3	1828
58118	0	0	0	0	1656	50549	0	1656	3	1653
57187	0	0	0	0	2587	51185	0	2587	3	2584
57341	0	0	0	0	2433	50751	0	2433	3	2430
57605	0	0	0	0	2169	50749	0	2169	3	2166
57671	0	0	0	0	2103	50740	0	2103	3	2100
57453	0	0	0	0	2321	50717	0	2321	3	2318
58220	0	0	0	0	1554	50889	0	1554	3	1551
57341	0	0	0	0	2433	50158	0	2433	3	2430
57095	0	0	0	0	2679	50141	0	2679	3	2676
57677	0	0	0	0	2097	50947	0	2097	3	2094
57605	0	0	0	0	2169	50303	0	2169	3	2166
57534	0	0	0	0	2240	50895	0	2240	3	2237
57685	0	0	0	0	2089	50425	0	2089	3	2086
57791	0	0	0	0	1983	50441	0	1983	3	1980
57545	0	0	0	0	2229	50823	0	2229	3	2226
57705	0	0	0	0	2069	50694	0	2069	3	2066
57727	0	0	0	0	2047	50426	0	2047	3	2044
