14665	0	0	0	0	45109	58928	0	45109	3	45106
14953	0	0	0	0	44821	58978	0	44821	3	44818
14750	0	0	0	0	45024	58166	0	45024	3	45021
15537	0	0	0	0	44237	58918	0	44237	3	44234
14367	0	0	0	0	45407	58987	0	45407	3	45404
14114	0	0	0	0	45660	58026	0	45660	3	45657
14718	0	0	0	0	45056	58431	0	45056	3	45053
15425	0	0	0	0	44349	58913	0	44349	3	44346
14123	0	0	0	0	45651	58971	0	45651	3	45648
14317	0	0	0	0	45457	58784	0	45457	3	45454
14775	0	0	0	0	44999	58906	0	44999	3	44996
14940	0	0	0	0	44834	58836	0	44834	3	44831
14281	0	0	0	0	45493	59024	0	45493	3	45490
13856	0	0	0	0	45918	58084	0	45918	3	45915
13671	0	0	0	0	46103	59015	0	46103	3	46100
15326	0	0	0	0	44448	58753	0	44448	3	44445
14410	0	0	0	0	45364	58827	0	45364	3	45361
14440	0	0	0	0	45334	58894	0	45334	3	45331
14275	0	0	0	0	45499	58250	0	45499	3	45496
15594	0	0	0	0	44180	58078	0	44180	3	44177
13523	0	0	0	0	46251	58823	0	46251	3	46248
14766	0	0	0	0	45008	58938	0	45008	3	45005
14305	0	0	0	0	45469	58098	0	45469	3	45466
15161	0	0	0	0	44613	59099	0	44613	3	44610
14033	0	0	0	0	45741	58889	0	45741	3	45738
15834	0	0	0	0	43940	58945	0	43940	3	43937
13898	0	0	0	0	45876	59056	0	45876	3	45873
13914	0	0	0	0	45860	59067	0	45860	3	45857
15592	0	0	0	0	44182	58070	0	44182	3	44179
15945	0	0	0	0	43829	58891	0	43829	3	43826
15001	0	0	0	0	44773	59018	0	44773	3	44770
14358	0	0	0	0	45416	58930	0	45416	3	45413
15023	0	0	0	0	44751	57999	0	44751	3	44748
14051	0	0	0	0	45723	58972	0	45723	3	45720
13771	0	0	0	0	46003	58913	0	46003	3	46000
14036	0	0	0	0	45738	58337	0	45738	3	45735
14471	0	0	0	0	45303	58872	0	45303	3	45300
14106	0	0	0	0	45668	58366	0	45668	3	45665
14687	0	0	0	0	45087	58159	0	45087	3	45084
15762	0	0	0	0	44012	58195	0	44012	3	44009
14335	0	0	0	0	45439	58912	0	45439	3	45436
14119	0	0	0	0	45655	58407	0	45655	3	45652
13863	0	0	0	0	45911	58951	0	45911	3	45908
14869	0	0	0	0	44905	58003	0	44905	3	44902
14774	0	0	0	0	45000	58830	0	45000	3	44997
13847	0	0	0	0	45927	58786	0	45927	3	45924
13432	0	0	0	0	46342	58163	0	46342	3	46339
15723	0	0	0	0	44051	58177	0	44051	3	44048
14231	0	0	0	0	45543	58947	0	45543	3	45540
14863	0	0	0	0	44911	59269	0	44911	3	44908
14635	0	0	0	0	45139	58951	0	45139	3	45136
15151	0	0	0	0	44623	59052	0	44623	3	44620
14695	0	0	0	0	45079	59107	0	45079	3	45076
14295	0	0	0	0	45479	58808	0	45479	3	45476
15721	0	0	0	0	44053	59187	0	44053	3	44050
14006	0	0	0	0	45768	58056	0	45768	3	45765
14153	0	0	0	0	45621	59029	0	45621	3	45618
14378	0	0	0	0	45396	58859	0	45396	3	45393
15405	0	0	0	0	44369	58976	0	44369	3	44366
15280	0	0	0	0	44494	58556	0	44494	3	44491
15339	0	0	0	0	44435	58905	0	44435	3	44432
15504	0	0	0	0	44270	57963	0	44270	3	44267
15222	0	0	0	0	44552	58809	0	44552	3	44549
14868	0	0	0	0	44906	59364	0	44906	3	44903
14818	0	0	0	0	44956	58447	0	44956	3	44953
15195	0	0	0	0	44579	58966	0	44579	3	44576
15211	0	0	0	0	44563	58987	0	44563	3	44560
15489	0	0	0	0	44285	58947	0	44285	3	44282
16028	0	0	0	0	43746	57988	0	43746	3	43743
14343	0	0	0	0	45431	58876	0	45431	3	45428
15244	0	0	0	0	44530	58210	0	44530	3	44527
14213	0	0	0	0	45561	58452	0	45561	3	45558
15841	0	0	0	0	43933	58014	0	43933	3	43930
14825	0	0	0	0	44949	58039	0	44949	3	44946
13872	0	0	0	0	45902	58868	0	45902	3	45899
14176	0	0	0	0	45598	58918	0	45598	3	45595
13997	0	0	0	0	45777	58378	0	45777	3	45774
14185	0	0	0	0	45589	58922	0	45589	3	45586
15497	0	0	0	0	44277	58124	0	44277	3	44274
15244	0	0	0	0	44530	58188	0	44530	3	44527
14054	0	0	0	0	45720	58071	0	45720	3	45717
14676	0	0	0	0	45098	58990	0	45098	3	45095
13859	0	0	0	0	45915	59025	0	45915	3	45912
13990	0	0	0	0	45784	59012	0	45784	3	45781
14354	0	0	0	0	45420	58861	0	45420	3	45417
14537	0	0	0	0	45237	59172	0	45237	3	45234
14662	0	0	0	0	45112	58910	0	45112	3	45109
14617	0	0	0	0	45157	59009	0	45157	3	45154
14807	0	0	0	0	44967	59355	0	44967	3	44964
15418	0	0	0	0	44356	58982	0	44356	3	44353
14654	0	0	0	0	45120	58109	0	45120	3	45117
14425	0	0	0	0	45349	58941	0	45349	3	45346
14723	0	0	0	0	45051	58149	0	45051	3	45048
14539	0	0	0	0	45235	58923	0	45235	3	45232
13944	0	0	0	0	45830	58843	0	45830	3	45827
14493	0	0	0	0	45281	58854	0	45281	3	45278
15597	0	0	0	0	44177	58633	0	44177	3	44174
15078	0	0	0	0	44696	58995	0	44696	3	44693
14360	0	0	0	0	45414	58894	0	45414	3	45411
14121	0	0	0	0	45653	58903	0	45653	3	45650
14770	0	0	0	0	45004	58864	0	45004	3	45001
15427	0	0	0	0	44347	58154	0	44347	3	44344
14942	0	0	0	0	44832	58939	0	44832	3	44829
15282	0	0	0	0	44492	58960	0	44492	3	44489
14347	0	0	0	0	45427	58947	0	45427	3	45424
14016	0	0	0	0	45758	58916	0	45758	3	45755
15055	0	0	0	0	44719	58992	0	44719	3	44716
13892	0	0	0	0	45882	58788	0	45882	3	45879
15488	0	0	0	0	44286	58087	0	44286	3	44283
14765	0	0	0	0	45009	58894	0	45009	3	45006
14713	0	0	0	0	45061	58856	0	45061	3	45058
14297	0	0	0	0	45477	58982	0	45477	3	45474
15371	0	0	0	0	44403	58554	0	44403	3	44400
14959	0	0	0	0	44815	58936	0	44815	3	44812
14298	0	0	0	0	45476	59038	0	45476	3	45473
15701	0	0	0	0	44073	58183	0	44073	3	44070
14323	0	0	0	0	45451	58992	0	45451	3	45448
14492	0	0	0	0	45282	58003	0	45282	3	45279
14224	0	0	0	0	45550	58966	0	45550	3	45547
14218	0	0	0	0	45556	59129	0	45556	3	45553
15444	0	0	0	0	44330	58524	0	44330	3	44327
14995	0	0	0	0	44779	59169	0	44779	3	44776
15127	0	0	0	0	44647	59045	0	44647	3	44644
14848	0	0	0	0	44926	59129	0	44926	3	44923
14917	0	0	0	0	44857	59010	0	44857	3	44854
14473	0	0	0	0	45301	58885	0	45301	3	45298
14779	0	0	0	0	44995	58788	0	44995	3	44992
14829	0	0	0	0	44945	59050	0	44945	3	44942
14870	0	0	0	0	44904	58085	0	44904	3	44901
13701	0	0	0	0	46073	59097	0	46073	3	46070
14165	0	0	0	0	45609	58962	0	45609	3	45606
14990	0	0	0	0	44784	58925	0	44784	3	44781
14432	0	0	0	0	45342	58117	0	45342	3	45339
14824	0	0	0	0	44950	58903	0	44950	3	44947
15720	0	0	0	0	44054	57924	0	44054	3	44051
15705	0	0	0	0	44069	58842	0	44069	3	44066
14438	0	0	0	0	45336	58986	0	45336	3	45333
15046	0	0	0	0	44728	58985	0	44728	3	44725
14918	0	0	0	0	44856	59156	0	44856	3	44853
13962	0	0	0	0	45812	58881	0	45812	3	45809
14552	0	0	0	0	45222	58896	0	45222	3	45219
14033	0	0	0	0	45741	58836	0	45741	3	45738
14994	0	0	0	0	44780	58186	0	44780	3	44777
14336	0	0	0	0	45438	58221	0	45438	3	45435
14623	0	0	0	0	45151	58146	0	45151	3	45148
14415	0	0	0	0	45359	58885	0	45359	3	45356
14330	0	0	0	0	45444	58195	0	45444	3	45441
13425	0	0	0	0	46349	59029	0	46349	3	46346
14831	0	0	0	0	44943	58920	0	44943	3	44940
15334	0	0	0	0	44440	58018	0	44440	3	44437
14525	0	0	0	0	45249	58944	0	45249	3	45246
14170	0	0	0	0	45604	58078	0	45604	3	45601
13989	0	0	0	0	45785	58071	0	45785	3	45782
15075	0	0	0	0	44699	58837	0	44699	3	44696
14872	0	0	0	0	44902	58645	0	44902	3	44899
15167	0	0	0	0	44607	58408	0	44607	3	44604
14370	0	0	0	0	45404	58874	0	45404	3	45401
13694	0	0	0	0	46080	58859	0	46080	3	46077
16001	0	0	0	0	43773	57950	0	43773	3	43770
14767	0	0	0	0	45007	58876	0	45007	3	45004
14201	0	0	0	0	45573	58098	0	45573	3	45570
14983	0	0	0	0	44791	58020	0	44791	3	44788
14948	0	0	0	0	44826	59036	0	44826	3	44823
15720	0	0	0	0	44054	58128	0	44054	4	44050
14416	0	0	0	0	45358	58827	0	45358	3	45355
14885	0	0	0	0	44889	58792	0	44889	3	44886
14923	0	0	0	0	44851	58121	0	44851	3	44848
14557	0	0	0	0	45217	58049	0	45217	3	45214
14368	0	0	0	0	45406	58994	0	45406	3	45403
14290	0	0	0	0	45484	58875	0	45484	3	45481
13977	0	0	0	0	45797	58944	0	45797	3	45794
14979	0	0	0	0	44795	58857	0	44795	3	44792
14098	0	0	0	0	45676	58831	0	45676	3	45673
14519	0	0	0	0	45255	57907	0	45255	3	45252
14219	0	0	0	0	45555	58917	0	45555	3	45552
14815	0	0	0	0	44959	58826	0	44959	3	44956
14993	0	0	0	0	44781	58412	0	44781	3	44778
15611	0	0	0	0	44163	59018	0	44163	3	44160
14688	0	0	0	0	45086	58936	0	45086	3	45083
15114	0	0	0	0	44660	59028	0	44660	3	44657
14692	0	0	0	0	45082	58862	0	45082	3	45079
15038	0	0	0	0	44736	57997	0	44736	3	44733
15625	0	0	0	0	44149	58846	0	44149	3	44146
14872	0	0	0	0	44902	58881	0	44902	3	44899
14854	0	0	0	0	44920	58434	0	44920	3	44917
15722	0	0	0	0	44052	59015	0	44052	3	44049
15602	0	0	0	0	44172	59036	0	44172	3	44169
15396	0	0	0	0	44378	58810	0	44378	3	44375
15459	0	0	0	0	44315	58905	0	44315	3	44312
15988	0	0	0	0	43786	58152	0	43786	3	43783
16072	0	0	0	0	43702	58296	0	43702	3	43699
15101	0	0	0	0	44673	58980	0	44673	3	44670
14664	0	0	0	0	45110	58982	0	45110	3	45107
14570	0	0	0	0	45204	58083	0	45204	3	45201
15432	0	0	0	0	44342	58874	0	44342	3	44339
14565	0	0	0	0	45209	58891	0	45209	3	45206
15746	0	0	0	0	44028	58837	0	44028	3	44025
14559	0	0	0	0	45215	58142	0	45215	3	45212
13142	0	0	0	0	46632	58939	0	46632	3	46629
14733	0	0	0	0	45041	58805	0	45041	3	45038
14579	0	0	0	0	45195	58770	0	45195	3	45192
14674	0	0	0	0	45100	58259	0	45100	3	45097
15039	0	0	0	0	44735	58974	0	44735	3	44732
14970	0	0	0	0	44804	59162	0	44804	3	44801
13734	0	0	0	0	46040	58916	0	46040	3	46037
14312	0	0	0	0	45462	58248	0	45462	3	45459
14833	0	0	0	0	44941	57982	0	44941	3	44938
14313	0	0	0	0	45461	59080	0	45461	3	45458
14480	0	0	0	0	45294	58970	0	45294	3	45291
14118	0	0	0	0	45656	58918	0	45656	3	45653
14278	0	0	0	0	45496	58352	0	45496	3	45493
13995	0	0	0	0	45779	58946	0	45779	3	45776
15243	0	0	0	0	44531	59030	0	44531	3	44528
15565	0	0	0	0	44209	58945	0	44209	3	44206
14322	0	0	0	0	45452	58957	0	45452	3	45449
14652	0	0	0	0	45122	58770	0	45122	3	45119
14264	0	0	0	0	45510	59055	0	45510	3	45507
14776	0	0	0	0	44998	58880	0	44998	3	44995
13965	0	0	0	0	45809	58821	0	45809	3	45806
14835	0	0	0	0	44939	58871	0	44939	3	44936
13579	0	0	0	0	46195	58775	0	46195	3	46192
15313	0	0	0	0	44461	57981	0	44461	3	44458
15967	0	0	0	0	43807	58043	0	43807	3	43804
15135	0	0	0	0	44639	58156	0	44639	3	44636
14204	0	0	0	0	45570	58858	0	45570	3	45567
15191	0	0	0	0	44583	58861	0	44583	3	44580
14763	0	0	0	0	45011	58951	0	45011	3	45008
14565	0	0	0	0	45209	58915	0	45209	3	45206
14780	0	0	0	0	44994	59147	0	44994	3	44991
14141	0	0	0	0	45633	58937	0	45633	3	45630
15643	0	0	0	0	44131	58971	0	44131	3	44128
15169	0	0	0	0	44605	59033	0	44605	3	44602
14618	0	0	0	0	45156	59144	0	45156	3	45153
14983	0	0	0	0	44791	58109	0	44791	3	44788
13981	0	0	0	0	45793	58892	0	45793	3	45790
13960	0	0	0	0	45814	59165	0	45814	3	45811
14344	0	0	0	0	45430	58327	0	45430	3	45427
14668	0	0	0	0	45106	58893	0	45106	3	45103
14143	0	0	0	0	45631	58980	0	45631	3	45628
15133	0	0	0	0	44641	57957	0	44641	3	44638
15633	0	0	0	0	44141	58169	0	44141	3	44138
16088	0	0	0	0	43686	58915	0	43686	3	43683
14731	0	0	0	0	45043	58904	0	45043	3	45040
14420	0	0	0	0	45354	58994	0	45354	3	45351
14902	0	0	0	0	44872	59068	0	44872	3	44869
13777	0	0	0	0	45997	58031	0	45997	3	45994
14787	0	0	0	0	44987	58830	0	44987	3	44984
15373	0	0	0	0	44401	58252	0	44401	3	44398
14426	0	0	0	0	45348	59154	0	45348	3	45345
14581	0	0	0	0	45193	58971	0	45193	3	45190
14449	0	0	0	0	45325	58928	0	45325	3	45322
16022	0	0	0	0	43752	58902	0	43752	3	43749
14706	0	0	0	0	45068	58149	0	45068	3	45065
14383	0	0	0	0	45391	58070	0	45391	3	45388
14216	0	0	0	0	45558	58806	0	45558	3	45555
14811	0	0	0	0	44963	58994	0	44963	3	44960
15354	0	0	0	0	44420	58868	0	44420	3	44417
14876	0	0	0	0	44898	58976	0	44898	3	44895
14673	0	0	0	0	45101	58028	0	45101	3	45098
15188	0	0	0	0	44586	58858	0	44586	3	44583
14932	0	0	0	0	44842	58075	0	44842	3	44839
13583	0	0	0	0	46191	59079	0	46191	3	46188
14846	0	0	0	0	44928	58990	0	44928	3	44925
14114	0	0	0	0	45660	58224	0	45660	3	45657
14193	0	0	0	0	45581	58935	0	45581	3	45578
14037	0	0	0	0	45737	58947	0	45737	3	45734
13870	0	0	0	0	45904	59073	0	45904	3	45901
15168	0	0	0	0	44606	58345	0	44606	3	44603
15076	0	0	0	0	44698	58018	0	44698	3	44695
15848	0	0	0	0	43926	58073	0	43926	3	43923
14460	0	0	0	0	45314	58102	0	45314	3	45311
14347	0	0	0	0	45427	58900	0	45427	3	45424
13217	0	0	0	0	46557	58880	0	46557	3	46554
14633	0	0	0	0	45141	59154	0	45141	3	45138
13931	0	0	0	0	45843	59212	0	45843	3	45840
15394	0	0	0	0	44380	58143	0	44380	3	44377
15272	0	0	0	0	44502	58828	0	44502	3	44499
13961	0	0	0	0	45813	58884	0	45813	3	45810
15639	0	0	0	0	44135	58235	0	44135	3	44132
15327	0	0	0	0	44447	58937	0	44447	3	44444
14181	0	0	0	0	45593	57967	0	45593	3	45590
14679	0	0	0	0	45095	58914	0	45095	3	45092
15353	0	0	0	0	44421	58876	0	44421	3	44418
13828	0	0	0	0	45946	58713	0	45946	3	45943
16185	0	0	0	0	43589	58248	0	43589	3	43586
15656	0	0	0	0	44118	58875	0	44118	3	44115
14816	0	0	0	0	44958	58874	0	44958	3	44955
15234	0	0	0	0	44540	58946	0	44540	3	44537
13734	0	0	0	0	46040	58898	0	46040	3	46037
15802	0	0	0	0	43972	58479	0	43972	3	43969
14149	0	0	0	0	45625	58927	0	45625	3	45622
14023	0	0	0	0	45751	59163	0	45751	3	45748
14577	0	0	0	0	45197	58345	0	45197	3	45194
14975	0	0	0	0	44799	58370	0	44799	3	44796
13267	0	0	0	0	46507	58845	0	46507	3	46504
14664	0	0	0	0	45110	58241	0	45110	3	45107
15363	0	0	0	0	44411	58141	0	44411	3	44408
14083	0	0	0	0	45691	59095	0	45691	3	45688
13863	0	0	0	0	45911	58916	0	45911	3	45908
14560	0	0	0	0	45214	58997	0	45214	3	45211
14186	0	0	0	0	45588	59142	0	45588	3	45585
13787	0	0	0	0	45987	59201	0	45987	3	45984
15005	0	0	0	0	44769	58794	0	44769	3	44766
15455	0	0	0	0	44319	59265	0	44319	3	44316
15642	0	0	0	0	44132	58814	0	44132	3	44129
14121	0	0	0	0	45653	58211	0	45653	3	45650
14567	0	0	0	0	45207	59016	0	45207	3	45204
15323	0	0	0	0	44451	58891	0	44451	3	44448
14983	0	0	0	0	44791	58918	0	44791	3	44788
14347	0	0	0	0	45427	58949	0	45427	3	45424
14377	0	0	0	0	45397	59094	0	45397	3	45394
14653	0	0	0	0	45121	58955	0	45121	3	45118
15237	0	0	0	0	44537	58248	0	44537	3	44534
15416	0	0	0	0	44358	58016	0	44358	3	44355
14848	0	0	0	0	44926	58873	0	44926	3	44923
14178	0	0	0	0	45596	58029	0	45596	3	45593
13921	0	0	0	0	45853	58832	0	45853	3	45850
14241	0	0	0	0	45533	58076	0	45533	3	45530
15046	0	0	0	0	44728	58864	0	44728	3	44725
14353	0	0	0	0	45421	58909	0	45421	3	45418
14643	0	0	0	0	45131	58995	0	45131	3	45128
14454	0	0	0	0	45320	58886	0	45320	3	45317
14363	0	0	0	0	45411	58933	0	45411	3	45408
15340	0	0	0	0	44434	58874	0	44434	3	44431
15737	0	0	0	0	44037	58869	0	44037	3	44034
14710	0	0	0	0	45064	58973	0	45064	3	45061
13659	0	0	0	0	46115	58130	0	46115	3	46112
15075	0	0	0	0	44699	58906	0	44699	3	44696
14242	0	0	0	0	45532	58516	0	45532	3	45529
15386	0	0	0	0	44388	58787	0	44388	3	44385
15652	0	0	0	0	44122	58909	0	44122	3	44119
15230	0	0	0	0	44544	58172	0	44544	3	44541
14762	0	0	0	0	45012	59164	0	45012	3	45009
14380	0	0	0	0	45394	58139	0	45394	3	45391
16100	0	0	0	0	43674	58933	0	43674	3	43671
13786	0	0	0	0	45988	59226	0	45988	3	45985
13975	0	0	0	0	45799	58958	0	45799	3	45796
14433	0	0	0	0	45341	58871	0	45341	3	45338
14514	0	0	0	0	45260	58879	0	45260	3	45257
14700	0	0	0	0	45074	58228	0	45074	3	45071
14674	0	0	0	0	45100	58937	0	45100	3	45097
15497	0	0	0	0	44277	58090	0	44277	3	44274
14761	0	0	0	0	45013	58356	0	45013	3	45010
13679	0	0	0	0	46095	58921	0	46095	3	46092
15514	0	0	0	0	44260	58338	0	44260	3	44257
14471	0	0	0	0	45303	58839	0	45303	3	45300
13512	0	0	0	0	46262	58171	0	46262	3	46259
15762	0	0	0	0	44012	58200	0	44012	3	44009
13989	0	0	0	0	45785	58931	0	45785	3	45782
15268	0	0	0	0	44506	58080	0	44506	3	44503
14172	0	0	0	0	45602	58948	0	45602	3	45599
15036	0	0	0	0	44738	58087	0	44738	3	44735
15243	0	0	0	0	44531	57929	0	44531	3	44528
14203	0	0	0	0	45571	58934	0	45571	3	45568
13480	0	0	0	0	46294	58965	0	46294	3	46291
14105	0	0	0	0	45669	58798	0	45669	3	45666
14867	0	0	0	0	44907	59352	0	44907	3	44904
15632	0	0	0	0	44142	59018	0	44142	3	44139
14358	0	0	0	0	45416	59017	0	45416	3	45413
14271	0	0	0	0	45503	59097	0	45503	3	45500
14744	0	0	0	0	45030	58970	0	45030	3	45027
15425	0	0	0	0	44349	59077	0	44349	3	44346
14458	0	0	0	0	45316	58192	0	45316	3	45313
15647	0	0	0	0	44127	58074	0	44127	3	44124
14670	0	0	0	0	45104	58814	0	45104	3	45101
14978	0	0	0	0	44796	58267	0	44796	3	44793
14952	0	0	0	0	44822	58781	0	44822	3	44819
15089	0	0	0	0	44685	58961	0	44685	3	44682
13673	0	0	0	0	46101	58893	0	46101	3	46098
15016	0	0	0	0	44758	58814	0	44758	3	44755
15246	0	0	0	0	44528	58998	0	44528	3	44525
14205	0	0	0	0	45569	58128	0	45569	3	45566
15181	0	0	0	0	44593	58073	0	44593	3	44590
14474	0	0	0	0	45300	58926	0	45300	3	45297
13897	0	0	0	0	45877	59057	0	45877	3	45874
14160	0	0	0	0	45614	58910	0	45614	3	45611
14709	0	0	0	0	45065	59002	0	45065	3	45062
14461	0	0	0	0	45313	58815	0	45313	3	45310
14800	0	0	0	0	44974	58188	0	44974	3	44971
15042	0	0	0	0	44732	58968	0	44732	3	44729
14779	0	0	0	0	44995	58393	0	44995	3	44992
14667	0	0	0	0	45107	58940	0	45107	3	45104
14524	0	0	0	0	45250	58917	0	45250	3	45247
14780	0	0	0	0	44994	59241	0	44994	3	44991
14107	0	0	0	0	45667	58920	0	45667	3	45664
14046	0	0	0	0	45728	59009	0	45728	3	45725
14009	0	0	0	0	45765	58871	0	45765	3	45762
14286	0	0	0	0	45488	58979	0	45488	3	45485
14683	0	0	0	0	45091	58942	0	45091	3	45088
14912	0	0	0	0	44862	58946	0	44862	3	44859
15182	0	0	0	0	44592	58870	0	44592	3	44589
14913	0	0	0	0	44861	59005	0	44861	3	44858
15544	0	0	0	0	44230	58901	0	44230	3	44227
14361	0	0	0	0	45413	58840	0	45413	3	45410
13757	0	0	0	0	46017	58907	0	46017	3	46014
15215	0	0	0	0	44559	58958	0	44559	3	44556
13643	0	0	0	0	46131	59005	0	46131	3	46128
15511	0	0	0	0	44263	58929	0	44263	3	44260
15289	0	0	0	0	44485	58876	0	44485	3	44482
14936	0	0	0	0	44838	58805	0	44838	3	44835
14673	0	0	0	0	45101	58929	0	45101	3	45098
14273	0	0	0	0	45501	58866	0	45501	3	45498
14872	0	0	0	0	44902	58904	0	44902	3	44899
15342	0	0	0	0	44432	58313	0	44432	3	44429
13818	0	0	0	0	45956	57972	0	45956	3	45953
13457	0	0	0	0	46317	58977	0	46317	3	46314
14071	0	0	0	0	45703	58142	0	45703	3	45700
13997	0	0	0	0	45777	58917	0	45777	3	45774
13520	0	0	0	0	46254	58229	0	46254	3	46251
13838	0	0	0	0	45936	58904	0	45936	3	45933
15125	0	0	0	0	44649	58958	0	44649	3	44646
14482	0	0	0	0	45292	59008	0	45292	3	45289
15203	0	0	0	0	44571	58167	0	44571	3	44568
14849	0	0	0	0	44925	58868	0	44925	3	44922
15031	0	0	0	0	44743	58820	0	44743	3	44740
13617	0	0	0	0	46157	58989	0	46157	3	46154
15445	0	0	0	0	44329	58873	0	44329	3	44326
15408	0	0	0	0	44366	58153	0	44366	3	44363
13852	0	0	0	0	45922	58892	0	45922	3	45919
14799	0	0	0	0	44975	58076	0	44975	3	44972
14625	0	0	0	0	45149	58379	0	45149	3	45146
14035	0	0	0	0	45739	58785	0	45739	3	45736
15061	0	0	0	0	44713	58808	0	44713	3	44710
14917	0	0	0	0	44857	57922	0	44857	3	44854
15601	0	0	0	0	44173	58982	0	44173	3	44170
15696	0	0	0	0	44078	58894	0	44078	3	44075
14381	0	0	0	0	45393	58855	0	45393	3	45390
13958	0	0	0	0	45816	59114	0	45816	3	45813
14610	0	0	0	0	45164	58201	0	45164	3	45161
14746	0	0	0	0	45028	58836	0	45028	3	45025
14136	0	0	0	0	45638	58884	0	45638	3	45635
15755	0	0	0	0	44019	58814	0	44019	3	44016
15399	0	0	0	0	44375	58048	0	44375	3	44372
15355	0	0	0	0	44419	58887	0	44419	3	44416
14732	0	0	0	0	45042	59006	0	45042	3	45039
14550	0	0	0	0	45224	58053	0	45224	3	45221
14939	0	0	0	0	44835	58092	0	44835	3	44832
15043	0	0	0	0	44731	59018	0	44731	3	44728
13727	0	0	0	0	46047	59058	0	46047	3	46044
14230	0	0	0	0	45544	58987	0	45544	3	45541
15332	0	0	0	0	44442	58293	0	44442	3	44439
15055	0	0	0	0	44719	58072	0	44719	3	44716
14255	0	0	0	0	45519	58806	0	45519	3	45516
15177	0	0	0	0	44597	59206	0	44597	3	44594
13759	0	0	0	0	46015	59033	0	46015	3	46012
15103	0	0	0	0	44671	59053	0	44671	3	44668
14867	0	0	0	0	44907	59009	0	44907	3	44904
15244	0	0	0	0	44530	58790	0	44530	3	44527
15113	0	0	0	0	44661	59221	0	44661	3	44658
14722	0	0	0	0	45052	58364	0	45052	3	45049
13386	0	0	0	0	46388	59241	0	46388	3	46385
13138	0	0	0	0	46636	58982	0	46636	3	46633
14671	0	0	0	0	45103	58913	0	45103	3	45100
14470	0	0	0	0	45304	58804	0	45304	3	45301
13366	0	0	0	0	46408	59032	0	46408	3	46405
13889	0	0	0	0	45885	58839	0	45885	3	45882
14939	0	0	0	0	44835	58058	0	44835	3	44832
15137	0	0	0	0	44637	58069	0	44637	3	44634
15027	0	0	0	0	44747	58895	0	44747	3	44744
13652	0	0	0	0	46122	58850	0	46122	3	46119
15437	0	0	0	0	44337	58875	0	44337	3	44334
14529	0	0	0	0	45245	59240	0	45245	3	45242
14516	0	0	0	0	45258	58810	0	45258	3	45255
15342	0	0	0	0	44432	58800	0	44432	3	44429
14863	0	0	0	0	44911	58882	0	44911	3	44908
14579	0	0	0	0	45195	58815	0	45195	3	45192
14436	0	0	0	0	45338	58975	0	45338	3	45335
14636	0	0	0	0	45138	59017	0	45138	3	45135
14239	0	0	0	0	45535	58988	0	45535	3	45532
15846	0	0	0	0	43928	58423	0	43928	3	43925
16049	0	0	0	0	43725	59101	0	43725	3	43722
15319	0	0	0	0	44455	58874	0	44455	3	44452
14945	0	0	0	0	44829	58042	0	44829	3	44826
13993	0	0	0	0	45781	58865	0	45781	3	45778
14383	0	0	0	0	45391	58798	0	45391	3	45388
13922	0	0	0	0	45852	58884	0	45852	3	45849
14027	0	0	0	0	45747	58802	0	45747	3	45744
14584	0	0	0	0	45190	58835	0	45190	3	45187
16028	0	0	0	0	43746	58438	0	43746	3	43743
14310	0	0	0	0	45464	58824	0	45464	3	45461
13543	0	0	0	0	46231	58936	0	46231	3	46228
13584	0	0	0	0	46190	58937	0	46190	3	46187
13674	0	0	0	0	46100	58044	0	46100	3	46097
14988	0	0	0	0	44786	58890	0	44786	3	44783
14380	0	0	0	0	45394	58936	0	45394	3	45391
14696	0	0	0	0	45078	58911	0	45078	3	45075
14172	0	0	0	0	45602	59233	0	45602	3	45599
13587	0	0	0	0	46187	58825	0	46187	3	46184
14130	0	0	0	0	45644	58571	0	45644	3	45641
14654	0	0	0	0	45120	58993	0	45120	3	45117
14237	0	0	0	0	45537	58181	0	45537	3	45534
14832	0	0	0	0	44942	59059	0	44942	3	44939
14564	0	0	0	0	45210	58972	0	45210	3	45207
15887	0	0	0	0	43887	58055	0	43887	3	43884
14233	0	0	0	0	45541	58118	0	45541	3	45538
14663	0	0	0	0	45111	58958	0	45111	3	45108
14392	0	0	0	0	45382	58829	0	45382	3	45379
15236	0	0	0	0	44538	58930	0	44538	3	44535
15450	0	0	0	0	44324	58966	0	44324	3	44321
13716	0	0	0	0	46058	59034	0	46058	3	46055
