163.0
190.0
184.0
189.0
173.0
202.0
203.0
192.0
203.0
180.0
177.0
187.0
197.0
165.0
198.0
186.0
193.0
177.0
197.0
174.0
189.0
198.0
202.0
190.0
191.0
204.0
178.0
183.0
182.0
189.0
175.0
178.0
206.0
206.0
186.0
211.0
190.0
197.0
200.0
223.0
192.0
185.0
199.0
166.0
214.0
195.0
196.0
207.0
194.0
200.0
181.0
231.0
203.0
177.0
225.0
195.0
185.0
170.0
188.0
182.0
185.0
183.0
166.0
204.0
194.0
209.0
153.0
197.0
188.0
182.0
226.0
191.0
193.0
188.0
170.0
186.0
203.0
201.0
208.0
190.0
211.0
170.0
204.0
189.0
191.0
179.0
195.0
190.0
177.0
215.0
188.0
199.0
209.0
205.0
202.0
205.0
177.0
200.0
172.0
193.0
196.0
212.0
185.0
178.0
220.0
224.0
166.0
188.0
167.0
183.0
195.0
180.0
195.0
210.0
182.0
184.0
188.0
194.0
189.0
173.0
232.0
176.0
208.0
165.0
215.0
168.0
187.0
168.0
153.0
190.0
190.0
188.0
180.0
202.0
197.0
193.0
188.0
198.0
172.0
205.0
226.0
170.0
176.0
196.0
235.0
180.0
185.0
188.0
194.0
192.0
183.0
198.0
167.0
174.0
203.0
195.0
201.0
189.0
217.0
190.0
183.0
183.0
198.0
221.0
177.0
163.0
219.0
180.0
193.0
181.0
203.0
194.0
197.0
193.0
191.0
209.0
170.0
196.0
191.0
187.0
186.0
199.0
180.0
212.0
211.0
182.0
206.0
206.0
179.0
171.0
203.0
185.0
186.0
194.0
185.0
194.0
153.0
217.0
171.0
189.0
178.0
186.0
161.0
210.0
139.0
186.0
192.0
186.0
192.0
175.0
195.0
247.0
205.0
197.0
195.0
213.0
180.0
192.0
189.0
178.0
201.0
199.0
204.0
155.0
192.0
179.0
159.0
214.0
200.0
198.0
194.0
244.0
204.0
180.0
202.0
191.0
180.0
180.0
195.0
199.0
178.0
171.0
179.0
195.0
167.0
207.0
172.0
209.0
185.0
196.0
201.0
190.0
179.0
202.0
205.0
193.0
179.0
174.0
189.0
180.0
215.0
195.0
181.0
166.0
185.0
179.0
188.0
199.0
176.0
194.0
182.0
194.0
182.0
171.0
183.0
189.0
209.0
198.0
178.0
178.0
196.0
164.0
203.0
179.0
188.0
170.0
204.0
202.0
190.0
213.0
168.0
179.0
200.0
193.0
207.0
181.0
177.0
199.0
142.0
174.0
202.0
172.0
217.0
172.0
197.0
192.0
165.0
195.0
213.0
196.0
225.0
164.0
184.0
215.0
171.0
252.0
246.0
228.0
172.0
194.0
183.0
202.0
192.0
169.0
191.0
163.0
174.0
188.0
212.0
200.0
181.0
201.0
198.0
191.0
205.0
173.0
210.0
182.0
167.0
208.0
139.0
195.0
277.0
182.0
160.0
184.0
200.0
185.0
186.0
177.0
195.0
190.0
170.0
205.0
211.0
199.0
193.0
174.0
178.0
188.0
186.0
194.0
173.0
189.0
209.0
172.0
193.0
211.0
178.0
201.0
198.0
184.0
202.0
177.0
183.0
175.0
179.0
188.0
182.0
203.0
192.0
226.0
213.0
130.0
177.0
150.0
225.0
173.0
185.0
185.0
185.0
186.0
166.0
183.0
201.0
176.0
197.0
175.0
170.0
189.0
166.0
185.0
197.0
172.0
184.0
192.0
193.0
169.0
193.0
189.0
189.0
164.0
169.0
193.0
191.0
209.0
194.0
193.0
184.0
187.0
206.0
188.0
182.0
204.0
199.0
205.0
239.0
191.0
186.0
191.0
171.0
165.0
191.0
195.0
182.0
180.0
177.0
205.0
174.0
198.0
205.0
165.0
200.0
185.0
220.0
204.0
188.0
175.0
175.0
204.0
168.0
176.0
201.0
193.0
193.0
176.0
181.0
205.0
195.0
178.0
187.0
190.0
198.0
201.0
187.0
178.0
181.0
184.0
180.0
198.0
191.0
175.0
193.0
201.0
175.0
187.0
175.0
194.0
169.0
201.0
208.0
191.0
188.0
184.0
234.0
184.0
200.0
186.0
187.0
177.0
174.0
181.0
202.0
185.0
182.0
186.0
168.0
184.0
179.0
170.0
