320.0
322.0
293.0
281.0
286.0
329.0
315.0
305.0
241.0
250.0
290.0
359.0
297.0
300.0
277.0
326.0
288.0
300.0
263.0
310.0
272.0
282.0
314.0
331.0
300.0
297.0
246.0
312.0
297.0
447.0
339.0
304.0
302.0
347.0
246.0
343.0
402.0
378.0
280.0
287.0
254.0
291.0
270.0
238.0
269.0
342.0
290.0
278.0
241.0
296.0
242.0
271.0
264.0
251.0
304.0
258.0
322.0
232.0
259.0
244.0
357.0
294.0
288.0
251.0
244.0
290.0
302.0
348.0
297.0
299.0
346.0
289.0
262.0
294.0
290.0
293.0
339.0
338.0
401.0
295.0
274.0
243.0
351.0
358.0
322.0
250.0
376.0
249.0
280.0
232.0
262.0
292.0
286.0
237.0
359.0
233.0
312.0
324.0
314.0
269.0
282.0
291.0
354.0
287.0
322.0
251.0
271.0
332.0
262.0
335.0
283.0
300.0
244.0
258.0
316.0
316.0
288.0
334.0
345.0
244.0
279.0
287.0
289.0
288.0
297.0
340.0
297.0
298.0
232.0
302.0
247.0
222.0
299.0
338.0
298.0
256.0
231.0
269.0
319.0
254.0
291.0
257.0
315.0
305.0
261.0
338.0
271.0
248.0
319.0
253.0
280.0
297.0
284.0
230.0
235.0
263.0
243.0
289.0
314.0
333.0
246.0
283.0
264.0
285.0
321.0
318.0
294.0
282.0
232.0
307.0
346.0
286.0
272.0
306.0
223.0
266.0
351.0
289.0
292.0
326.0
280.0
309.0
284.0
349.0
258.0
305.0
279.0
244.0
256.0
274.0
304.0
320.0
241.0
288.0
317.0
344.0
268.0
417.0
270.0
345.0
275.0
293.0
294.0
319.0
260.0
314.0
289.0
295.0
305.0
313.0
285.0
278.0
269.0
274.0
279.0
273.0
237.0
291.0
254.0
319.0
278.0
303.0
314.0
323.0
301.0
266.0
321.0
307.0
306.0
295.0
371.0
327.0
230.0
286.0
342.0
364.0
308.0
292.0
264.0
252.0
231.0
302.0
344.0
382.0
254.0
230.0
231.0
281.0
244.0
326.0
287.0
317.0
293.0
296.0
239.0
352.0
295.0
289.0
257.0
328.0
282.0
255.0
329.0
296.0
284.0
306.0
288.0
275.0
404.0
251.0
284.0
240.0
246.0
334.0
310.0
315.0
299.0
267.0
271.0
238.0
336.0
309.0
272.0
290.0
282.0
315.0
320.0
315.0
228.0
276.0
245.0
316.0
274.0
306.0
328.0
277.0
320.0
341.0
274.0
330.0
270.0
279.0
252.0
331.0
283.0
316.0
310.0
261.0
303.0
314.0
293.0
320.0
323.0
298.0
285.0
263.0
263.0
287.0
279.0
313.0
267.0
283.0
261.0
237.0
335.0
305.0
230.0
298.0
290.0
281.0
291.0
313.0
318.0
253.0
324.0
291.0
295.0
274.0
317.0
257.0
295.0
270.0
294.0
242.0
319.0
305.0
263.0
366.0
279.0
320.0
318.0
354.0
276.0
310.0
248.0
325.0
276.0
273.0
295.0
257.0
358.0
261.0
235.0
298.0
253.0
353.0
294.0
323.0
254.0
274.0
317.0
243.0
288.0
289.0
327.0
252.0
344.0
342.0
342.0
322.0
253.0
317.0
298.0
286.0
293.0
247.0
283.0
228.0
299.0
258.0
285.0
350.0
276.0
236.0
334.0
380.0
281.0
276.0
298.0
339.0
254.0
269.0
266.0
315.0
263.0
338.0
319.0
240.0
242.0
289.0
260.0
344.0
304.0
319.0
290.0
323.0
311.0
248.0
240.0
276.0
314.0
245.0
265.0
326.0
344.0
295.0
287.0
305.0
285.0
363.0
277.0
253.0
320.0
305.0
318.0
250.0
312.0
237.0
283.0
263.0
359.0
255.0
294.0
272.0
282.0
237.0
287.0
303.0
318.0
264.0
286.0
275.0
313.0
312.0
282.0
244.0
293.0
265.0
235.0
277.0
297.0
239.0
298.0
266.0
325.0
270.0
266.0
328.0
249.0
294.0
278.0
292.0
343.0
242.0
331.0
285.0
286.0
309.0
226.0
328.0
282.0
245.0
307.0
227.0
331.0
247.0
256.0
280.0
291.0
295.0
271.0
268.0
317.0
338.0
289.0
300.0
295.0
283.0
306.0
299.0
