264.0
292.0
40.0
70.0
261.0
139.0
36.0
248.0
167.0
264.0
95.0
108.0
244.0
64.0
51.0
262.0
61.0
64.0
27.0
250.0
94.0
246.0
287.0
256.0
246.0
39.0
288.0
230.0
35.0
240.0
270.0
227.0
248.0
239.0
232.0
72.0
304.0
58.0
264.0
239.0
266.0
76.0
315.0
279.0
228.0
228.0
241.0
245.0
115.0
67.0
235.0
255.0
282.0
246.0
244.0
302.0
290.0
292.0
62.0
47.0
276.0
246.0
54.0
252.0
290.0
69.0
68.0
60.0
263.0
298.0
240.0
45.0
244.0
242.0
28.0
264.0
250.0
226.0
234.0
70.0
57.0
54.0
245.0
123.0
236.0
70.0
59.0
270.0
15.0
15.0
249.0
306.0
288.0
26.0
238.0
106.0
81.0
57.0
89.0
66.0
249.0
26.0
259.0
62.0
71.0
274.0
39.0
39.0
89.0
63.0
257.0
257.0
76.0
59.0
246.0
83.0
246.0
60.0
232.0
245.0
271.0
288.0
258.0
15.0
243.0
229.0
284.0
180.0
66.0
258.0
270.0
255.0
75.0
294.0
249.0
279.0
238.0
246.0
282.0
269.0
228.0
79.0
101.0
99.0
289.0
211.0
244.0
260.0
52.0
240.0
75.0
275.0
65.0
247.0
295.0
228.0
236.0
203.0
229.0
260.0
259.0
280.0
256.0
65.0
57.0
90.0
160.0
73.0
61.0
57.0
304.0
54.0
15.0
31.0
29.0
327.0
51.0
343.0
247.0
69.0
59.0
234.0
260.0
267.0
61.0
245.0
292.0
273.0
295.0
73.0
65.0
264.0
297.0
253.0
270.0
91.0
70.0
302.0
237.0
52.0
253.0
245.0
53.0
261.0
65.0
243.0
276.0
93.0
258.0
108.0
284.0
65.0
25.0
245.0
34.0
226.0
47.0
58.0
254.0
45.0
243.0
222.0
282.0
335.0
231.0
257.0
250.0
247.0
233.0
274.0
283.0
57.0
293.0
57.0
234.0
253.0
52.0
87.0
273.0
267.0
307.0
294.0
234.0
282.0
289.0
233.0
261.0
257.0
291.0
25.0
255.0
305.0
242.0
252.0
251.0
69.0
15.0
300.0
70.0
230.0
243.0
240.0
267.0
250.0
40.0
15.0
293.0
237.0
268.0
243.0
253.0
67.0
253.0
23.0
66.0
71.0
228.0
61.0
68.0
235.0
226.0
294.0
32.0
270.0
109.0
15.0
258.0
177.0
278.0
255.0
283.0
244.0
39.0
67.0
242.0
255.0
257.0
327.0
304.0
252.0
136.0
34.0
237.0
94.0
32.0
264.0
233.0
242.0
82.0
247.0
36.0
255.0
290.0
241.0
23.0
234.0
42.0
167.0
281.0
77.0
285.0
75.0
15.0
290.0
302.0
302.0
300.0
28.0
126.0
284.0
99.0
313.0
252.0
157.0
260.0
64.0
241.0
242.0
233.0
234.0
82.0
33.0
269.0
83.0
52.0
36.0
76.0
250.0
247.0
235.0
96.0
250.0
273.0
83.0
254.0
22.0
257.0
259.0
63.0
246.0
103.0
246.0
52.0
253.0
240.0
273.0
249.0
15.0
233.0
42.0
57.0
261.0
273.0
309.0
68.0
246.0
76.0
232.0
107.0
238.0
33.0
248.0
246.0
299.0
42.0
274.0
242.0
246.0
235.0
222.0
238.0
251.0
236.0
55.0
262.0
250.0
60.0
238.0
255.0
262.0
67.0
267.0
41.0
58.0
239.0
243.0
242.0
228.0
240.0
153.0
33.0
259.0
268.0
256.0
253.0
55.0
29.0
69.0
233.0
293.0
232.0
269.0
57.0
129.0
232.0
241.0
313.0
240.0
244.0
325.0
239.0
105.0
229.0
242.0
26.0
266.0
275.0
104.0
115.0
244.0
247.0
285.0
248.0
26.0
71.0
99.0
127.0
72.0
288.0
255.0
94.0
37.0
72.0
243.0
238.0
68.0
244.0
248.0
302.0
221.0
234.0
43.0
267.0
273.0
369.0
52.0
244.0
276.0
60.0
229.0
235.0
230.0
36.0
241.0
29.0
84.0
32.0
73.0
102.0
229.0
242.0
285.0
233.0
237.0
109.0
284.0
279.0
287.0
253.0
54.0
256.0
231.0
281.0
249.0
57.0
315.0
59.0
66.0
67.0
243.0
