211.0
50.0
207.0
195.0
185.0
194.0
193.0
212.0
169.0
52.0
207.0
196.0
190.0
179.0
188.0
170.0
182.0
173.0
178.0
172.0
190.0
214.0
235.0
140.0
226.0
179.0
173.0
188.0
174.0
194.0
162.0
177.0
44.0
193.0
162.0
36.0
164.0
177.0
48.0
182.0
193.0
187.0
166.0
218.0
186.0
163.0
40.0
186.0
181.0
151.0
195.0
203.0
187.0
170.0
161.0
46.0
204.0
169.0
174.0
205.0
186.0
206.0
177.0
177.0
63.0
165.0
36.0
184.0
186.0
180.0
174.0
198.0
192.0
164.0
150.0
49.0
174.0
166.0
172.0
171.0
202.0
181.0
191.0
218.0
192.0
190.0
190.0
214.0
173.0
204.0
222.0
182.0
181.0
184.0
35.0
61.0
180.0
184.0
172.0
193.0
190.0
193.0
190.0
192.0
182.0
174.0
156.0
192.0
42.0
186.0
192.0
38.0
187.0
51.0
177.0
197.0
193.0
197.0
159.0
175.0
37.0
203.0
188.0
219.0
188.0
188.0
205.0
163.0
264.0
189.0
83.0
174.0
193.0
184.0
169.0
190.0
194.0
194.0
181.0
197.0
167.0
37.0
200.0
43.0
178.0
229.0
166.0
172.0
196.0
182.0
185.0
178.0
192.0
154.0
196.0
182.0
198.0
171.0
186.0
189.0
174.0
47.0
55.0
189.0
181.0
188.0
186.0
201.0
180.0
175.0
179.0
179.0
210.0
187.0
186.0
181.0
188.0
193.0
193.0
277.0
180.0
165.0
180.0
168.0
194.0
48.0
207.0
181.0
209.0
54.0
189.0
69.0
203.0
194.0
187.0
238.0
172.0
176.0
182.0
192.0
198.0
195.0
35.0
223.0
209.0
182.0
233.0
163.0
194.0
195.0
67.0
180.0
177.0
193.0
190.0
173.0
186.0
41.0
196.0
166.0
174.0
148.0
182.0
219.0
186.0
178.0
192.0
206.0
178.0
192.0
197.0
158.0
232.0
183.0
188.0
186.0
170.0
169.0
211.0
143.0
44.0
33.0
168.0
161.0
205.0
200.0
196.0
189.0
186.0
163.0
36.0
38.0
217.0
174.0
178.0
186.0
184.0
37.0
217.0
197.0
213.0
188.0
38.0
221.0
42.0
196.0
184.0
49.0
172.0
183.0
44.0
187.0
181.0
205.0
45.0
202.0
36.0
176.0
232.0
54.0
187.0
177.0
198.0
185.0
201.0
180.0
183.0
175.0
190.0
180.0
206.0
206.0
180.0
39.0
200.0
186.0
178.0
160.0
188.0
189.0
194.0
47.0
188.0
194.0
190.0
54.0
186.0
190.0
185.0
202.0
191.0
35.0
193.0
186.0
44.0
235.0
197.0
186.0
190.0
179.0
212.0
185.0
257.0
168.0
180.0
56.0
206.0
172.0
179.0
153.0
38.0
164.0
254.0
165.0
173.0
174.0
193.0
45.0
187.0
177.0
174.0
171.0
50.0
190.0
176.0
206.0
198.0
165.0
201.0
161.0
171.0
175.0
79.0
190.0
192.0
170.0
183.0
191.0
217.0
185.0
192.0
173.0
209.0
159.0
187.0
155.0
177.0
195.0
191.0
164.0
167.0
188.0
198.0
195.0
184.0
195.0
43.0
191.0
47.0
181.0
219.0
207.0
182.0
198.0
201.0
175.0
45.0
52.0
187.0
169.0
173.0
56.0
192.0
193.0
234.0
199.0
174.0
167.0
193.0
67.0
40.0
158.0
177.0
164.0
184.0
36.0
42.0
162.0
246.0
186.0
188.0
255.0
42.0
198.0
184.0
90.0
191.0
226.0
44.0
183.0
129.0
180.0
190.0
182.0
177.0
178.0
60.0
212.0
38.0
58.0
198.0
183.0
165.0
183.0
180.0
43.0
159.0
203.0
192.0
36.0
182.0
171.0
36.0
159.0
233.0
201.0
42.0
47.0
194.0
42.0
46.0
153.0
46.0
183.0
193.0
201.0
175.0
179.0
199.0
168.0
188.0
196.0
173.0
50.0
198.0
197.0
217.0
187.0
187.0
192.0
216.0
186.0
189.0
211.0
146.0
190.0
42.0
188.0
200.0
36.0
182.0
194.0
186.0
162.0
258.0
42.0
168.0
173.0
181.0
216.0
162.0
168.0
183.0
179.0
187.0
142.0
198.0
187.0
182.0
205.0
