275.0
261.0
311.0
298.0
244.0
307.0
319.0
248.0
258.0
260.0
307.0
308.0
339.0
288.0
365.0
286.0
275.0
351.0
272.0
351.0
266.0
304.0
281.0
287.0
282.0
294.0
319.0
268.0
349.0
323.0
271.0
275.0
326.0
318.0
296.0
280.0
345.0
288.0
307.0
267.0
357.0
313.0
260.0
249.0
303.0
311.0
306.0
305.0
319.0
277.0
251.0
341.0
343.0
334.0
304.0
296.0
283.0
349.0
319.0
239.0
347.0
372.0
275.0
304.0
326.0
316.0
265.0
291.0
347.0
376.0
296.0
279.0
296.0
345.0
329.0
313.0
356.0
270.0
365.0
321.0
345.0
337.0
268.0
272.0
265.0
283.0
327.0
313.0
312.0
240.0
295.0
321.0
288.0
289.0
383.0
273.0
257.0
334.0
306.0
237.0
251.0
350.0
341.0
275.0
304.0
257.0
264.0
297.0
314.0
302.0
245.0
357.0
354.0
297.0
257.0
336.0
297.0
354.0
296.0
325.0
378.0
371.0
257.0
354.0
333.0
332.0
288.0
376.0
244.0
316.0
344.0
327.0
251.0
319.0
300.0
326.0
377.0
333.0
296.0
299.0
366.0
245.0
305.0
320.0
256.0
346.0
316.0
296.0
342.0
332.0
266.0
289.0
330.0
262.0
297.0
338.0
286.0
307.0
312.0
259.0
318.0
252.0
251.0
286.0
285.0
275.0
306.0
307.0
316.0
275.0
354.0
314.0
309.0
307.0
318.0
242.0
254.0
270.0
280.0
328.0
325.0
321.0
262.0
310.0
325.0
348.0
288.0
311.0
330.0
289.0
352.0
369.0
306.0
273.0
301.0
273.0
300.0
324.0
348.0
293.0
308.0
317.0
325.0
332.0
329.0
400.0
343.0
289.0
294.0
252.0
266.0
320.0
241.0
297.0
249.0
332.0
251.0
305.0
257.0
352.0
265.0
294.0
368.0
293.0
339.0
313.0
259.0
276.0
323.0
287.0
267.0
344.0
276.0
310.0
310.0
331.0
315.0
301.0
315.0
313.0
294.0
360.0
259.0
247.0
293.0
302.0
337.0
303.0
357.0
293.0
309.0
286.0
336.0
327.0
360.0
369.0
292.0
310.0
384.0
331.0
314.0
281.0
274.0
291.0
269.0
278.0
289.0
264.0
303.0
245.0
324.0
287.0
306.0
313.0
329.0
270.0
319.0
263.0
331.0
287.0
252.0
310.0
252.0
333.0
290.0
289.0
311.0
320.0
271.0
317.0
304.0
328.0
283.0
274.0
285.0
321.0
324.0
320.0
254.0
325.0
347.0
290.0
320.0
366.0
257.0
282.0
313.0
355.0
256.0
328.0
342.0
366.0
280.0
250.0
299.0
304.0
278.0
257.0
288.0
341.0
343.0
255.0
279.0
250.0
274.0
330.0
295.0
302.0
276.0
289.0
326.0
361.0
313.0
322.0
323.0
284.0
311.0
348.0
288.0
285.0
317.0
318.0
323.0
285.0
368.0
331.0
369.0
306.0
319.0
296.0
247.0
374.0
297.0
262.0
381.0
322.0
303.0
263.0
321.0
332.0
273.0
318.0
306.0
302.0
304.0
249.0
335.0
324.0
303.0
274.0
330.0
287.0
318.0
316.0
374.0
256.0
311.0
338.0
286.0
357.0
311.0
270.0
315.0
346.0
251.0
281.0
292.0
259.0
340.0
327.0
330.0
308.0
312.0
244.0
333.0
331.0
378.0
304.0
264.0
287.0
270.0
297.0
344.0
336.0
266.0
248.0
286.0
262.0
294.0
290.0
321.0
316.0
330.0
298.0
303.0
335.0
374.0
261.0
309.0
281.0
297.0
369.0
286.0
249.0
357.0
325.0
321.0
256.0
362.0
348.0
256.0
241.0
349.0
301.0
324.0
254.0
381.0
361.0
290.0
298.0
343.0
309.0
244.0
318.0
317.0
285.0
323.0
347.0
297.0
304.0
243.0
315.0
348.0
252.0
309.0
253.0
261.0
344.0
308.0
258.0
359.0
342.0
279.0
274.0
317.0
238.0
334.0
273.0
265.0
319.0
356.0
254.0
266.0
332.0
316.0
318.0
273.0
261.0
366.0
316.0
266.0
365.0
289.0
286.0
344.0
265.0
336.0
304.0
328.0
254.0
286.0
318.0
334.0
329.0
275.0
278.0
280.0
288.0
288.0
374.0
