208.0
181.0
185.0
205.0
200.0
208.0
184.0
217.0
194.0
203.0
196.0
200.0
184.0
201.0
198.0
274.0
207.0
211.0
204.0
184.0
196.0
218.0
214.0
198.0
201.0
196.0
226.0
211.0
196.0
217.0
195.0
204.0
207.0
193.0
233.0
181.0
200.0
194.0
240.0
194.0
216.0
216.0
185.0
218.0
214.0
201.0
205.0
191.0
212.0
211.0
193.0
237.0
227.0
185.0
190.0
186.0
239.0
199.0
183.0
225.0
198.0
196.0
183.0
214.0
201.0
220.0
200.0
205.0
198.0
192.0
196.0
219.0
194.0
198.0
206.0
217.0
208.0
197.0
192.0
221.0
269.0
217.0
227.0
208.0
187.0
186.0
212.0
227.0
207.0
234.0
187.0
238.0
204.0
173.0
185.0
211.0
199.0
246.0
196.0
176.0
187.0
187.0
265.0
178.0
198.0
191.0
198.0
206.0
217.0
187.0
236.0
177.0
193.0
221.0
191.0
213.0
189.0
200.0
249.0
188.0
183.0
208.0
195.0
189.0
208.0
200.0
186.0
199.0
203.0
259.0
183.0
261.0
177.0
195.0
193.0
188.0
193.0
179.0
215.0
184.0
191.0
217.0
226.0
183.0
191.0
196.0
210.0
199.0
194.0
224.0
186.0
185.0
189.0
190.0
189.0
184.0
184.0
186.0
196.0
214.0
190.0
186.0
181.0
206.0
224.0
183.0
205.0
192.0
193.0
193.0
181.0
222.0
214.0
199.0
197.0
193.0
222.0
230.0
200.0
183.0
222.0
191.0
214.0
192.0
197.0
221.0
205.0
185.0
183.0
206.0
233.0
182.0
197.0
226.0
190.0
206.0
198.0
188.0
232.0
210.0
187.0
188.0
210.0
201.0
186.0
188.0
193.0
241.0
236.0
184.0
195.0
205.0
205.0
218.0
207.0
214.0
200.0
206.0
251.0
206.0
184.0
184.0
180.0
247.0
189.0
184.0
192.0
225.0
220.0
179.0
180.0
219.0
207.0
201.0
223.0
192.0
197.0
198.0
193.0
192.0
227.0
217.0
196.0
206.0
215.0
185.0
199.0
214.0
210.0
195.0
192.0
213.0
197.0
204.0
192.0
191.0
214.0
184.0
191.0
239.0
201.0
186.0
203.0
187.0
184.0
203.0
211.0
184.0
191.0
205.0
182.0
192.0
284.0
199.0
200.0
251.0
184.0
194.0
201.0
182.0
226.0
191.0
185.0
192.0
184.0
188.0
208.0
199.0
215.0
184.0
188.0
201.0
189.0
190.0
187.0
204.0
221.0
193.0
211.0
197.0
198.0
198.0
222.0
192.0
187.0
189.0
201.0
192.0
198.0
196.0
183.0
197.0
223.0
199.0
200.0
221.0
173.0
248.0
192.0
226.0
186.0
196.0
189.0
176.0
222.0
191.0
199.0
188.0
203.0
204.0
228.0
185.0
200.0
190.0
181.0
211.0
226.0
190.0
185.0
193.0
230.0
182.0
197.0
230.0
207.0
174.0
175.0
240.0
185.0
196.0
185.0
199.0
181.0
178.0
191.0
206.0
220.0
228.0
197.0
189.0
219.0
208.0
213.0
187.0
207.0
198.0
198.0
209.0
195.0
203.0
195.0
216.0
207.0
191.0
208.0
238.0
198.0
187.0
184.0
200.0
191.0
217.0
187.0
187.0
179.0
186.0
232.0
190.0
207.0
181.0
183.0
184.0
192.0
219.0
189.0
195.0
195.0
188.0
189.0
229.0
177.0
184.0
214.0
216.0
190.0
185.0
189.0
206.0
199.0
191.0
191.0
197.0
210.0
194.0
204.0
240.0
207.0
237.0
196.0
179.0
194.0
193.0
173.0
178.0
173.0
198.0
202.0
229.0
190.0
192.0
231.0
215.0
191.0
189.0
189.0
236.0
199.0
246.0
195.0
184.0
192.0
238.0
189.0
206.0
230.0
196.0
198.0
197.0
206.0
194.0
215.0
213.0
195.0
193.0
224.0
186.0
191.0
184.0
183.0
224.0
230.0
208.0
196.0
238.0
187.0
194.0
197.0
213.0
209.0
204.0
234.0
206.0
194.0
211.0
185.0
187.0
195.0
192.0
190.0
225.0
186.0
179.0
218.0
181.0
192.0
261.0
205.0
179.0
193.0
223.0
226.0
188.0
206.0
212.0
187.0
216.0
191.0
196.0
219.0
178.0
