263.0
231.0
230.0
259.0
265.0
252.0
283.0
264.0
289.0
335.0
259.0
246.0
281.0
277.0
262.0
312.0
317.0
230.0
294.0
294.0
283.0
319.0
342.0
238.0
279.0
299.0
281.0
286.0
297.0
267.0
219.0
314.0
243.0
219.0
234.0
312.0
235.0
296.0
302.0
259.0
309.0
273.0
299.0
337.0
259.0
291.0
285.0
276.0
222.0
328.0
231.0
282.0
276.0
292.0
254.0
364.0
266.0
251.0
304.0
287.0
276.0
271.0
270.0
231.0
254.0
274.0
311.0
299.0
305.0
235.0
316.0
261.0
305.0
242.0
230.0
304.0
230.0
279.0
266.0
262.0
301.0
265.0
276.0
306.0
284.0
264.0
246.0
307.0
268.0
261.0
232.0
292.0
324.0
233.0
228.0
333.0
254.0
282.0
288.0
283.0
265.0
251.0
280.0
280.0
233.0
297.0
266.0
277.0
326.0
265.0
280.0
226.0
277.0
313.0
296.0
264.0
257.0
269.0
309.0
230.0
287.0
260.0
234.0
264.0
305.0
218.0
238.0
257.0
238.0
247.0
293.0
274.0
314.0
316.0
282.0
262.0
249.0
219.0
248.0
241.0
245.0
292.0
226.0
218.0
301.0
349.0
293.0
281.0
355.0
274.0
274.0
298.0
304.0
217.0
236.0
281.0
293.0
309.0
300.0
246.0
269.0
319.0
258.0
289.0
248.0
269.0
289.0
280.0
306.0
259.0
288.0
322.0
264.0
307.0
262.0
308.0
226.0
290.0
342.0
278.0
256.0
316.0
312.0
293.0
281.0
314.0
288.0
306.0
327.0
265.0
386.0
323.0
280.0
274.0
290.0
319.0
314.0
368.0
287.0
343.0
293.0
263.0
351.0
295.0
254.0
309.0
274.0
330.0
331.0
304.0
247.0
302.0
226.0
250.0
298.0
297.0
284.0
300.0
277.0
236.0
264.0
255.0
240.0
338.0
265.0
239.0
267.0
266.0
218.0
276.0
331.0
263.0
221.0
288.0
296.0
318.0
289.0
328.0
371.0
291.0
232.0
273.0
309.0
242.0
238.0
273.0
211.0
273.0
241.0
231.0
256.0
241.0
289.0
231.0
297.0
251.0
319.0
275.0
272.0
256.0
299.0
235.0
239.0
286.0
285.0
245.0
235.0
285.0
279.0
303.0
237.0
237.0
233.0
236.0
285.0
229.0
242.0
219.0
277.0
264.0
289.0
289.0
298.0
255.0
306.0
314.0
312.0
303.0
296.0
265.0
299.0
321.0
281.0
247.0
318.0
297.0
300.0
342.0
274.0
311.0
231.0
305.0
321.0
268.0
236.0
312.0
283.0
234.0
319.0
333.0
273.0
203.0
296.0
340.0
302.0
306.0
247.0
276.0
293.0
314.0
289.0
291.0
232.0
229.0
262.0
216.0
287.0
304.0
316.0
277.0
240.0
338.0
240.0
264.0
212.0
312.0
302.0
271.0
267.0
248.0
297.0
289.0
326.0
236.0
221.0
216.0
268.0
233.0
294.0
254.0
247.0
299.0
326.0
242.0
210.0
264.0
231.0
325.0
268.0
288.0
258.0
296.0
340.0
352.0
231.0
329.0
290.0
323.0
295.0
293.0
290.0
288.0
297.0
209.0
219.0
265.0
263.0
303.0
248.0
267.0
288.0
243.0
281.0
243.0
243.0
268.0
292.0
250.0
334.0
290.0
306.0
296.0
282.0
294.0
240.0
280.0
252.0
273.0
256.0
301.0
249.0
270.0
226.0
282.0
250.0
342.0
271.0
265.0
284.0
217.0
327.0
251.0
308.0
264.0
243.0
259.0
207.0
294.0
324.0
285.0
238.0
215.0
328.0
216.0
291.0
295.0
291.0
281.0
223.0
273.0
283.0
227.0
283.0
329.0
331.0
261.0
322.0
228.0
236.0
250.0
227.0
325.0
320.0
262.0
267.0
218.0
221.0
245.0
273.0
288.0
264.0
265.0
270.0
364.0
252.0
320.0
291.0
285.0
301.0
280.0
255.0
304.0
339.0
303.0
311.0
293.0
309.0
305.0
264.0
320.0
250.0
277.0
324.0
277.0
262.0
264.0
276.0
291.0
293.0
245.0
255.0
225.0
270.0
286.0
273.0
275.0
326.0
287.0
231.0
314.0
241.0
288.0
284.0
273.0
301.0
233.0
317.0
273.0
220.0
331.0
