183.0
179.0
142.0
175.0
176.0
134.0
173.0
175.0
176.0
178.0
177.0
184.0
189.0
139.0
175.0
177.0
174.0
180.0
166.0
143.0
143.0
177.0
179.0
136.0
175.0
173.0
172.0
171.0
134.0
143.0
180.0
188.0
177.0
141.0
163.0
176.0
183.0
145.0
156.0
183.0
179.0
139.0
147.0
176.0
195.0
181.0
170.0
174.0
179.0
182.0
183.0
173.0
194.0
181.0
172.0
185.0
142.0
141.0
176.0
182.0
178.0
156.0
145.0
140.0
183.0
178.0
174.0
172.0
176.0
181.0
184.0
174.0
139.0
151.0
192.0
151.0
177.0
163.0
184.0
140.0
174.0
141.0
171.0
139.0
185.0
185.0
144.0
174.0
192.0
188.0
172.0
176.0
184.0
176.0
169.0
144.0
181.0
171.0
185.0
184.0
138.0
181.0
181.0
140.0
178.0
139.0
171.0
184.0
143.0
148.0
184.0
191.0
180.0
178.0
182.0
177.0
142.0
180.0
183.0
178.0
134.0
167.0
177.0
175.0
176.0
176.0
141.0
175.0
182.0
136.0
179.0
178.0
179.0
155.0
181.0
178.0
182.0
145.0
180.0
179.0
179.0
179.0
147.0
177.0
178.0
143.0
144.0
136.0
176.0
143.0
150.0
171.0
186.0
183.0
178.0
170.0
144.0
180.0
166.0
175.0
143.0
182.0
143.0
186.0
171.0
180.0
177.0
177.0
139.0
186.0
187.0
177.0
195.0
185.0
186.0
184.0
177.0
145.0
172.0
184.0
169.0
187.0
191.0
175.0
141.0
168.0
149.0
175.0
140.0
188.0
137.0
181.0
172.0
180.0
173.0
144.0
194.0
137.0
193.0
178.0
136.0
170.0
151.0
141.0
141.0
180.0
179.0
172.0
172.0
138.0
179.0
142.0
144.0
137.0
140.0
177.0
179.0
180.0
176.0
158.0
181.0
143.0
176.0
175.0
175.0
135.0
177.0
170.0
150.0
142.0
173.0
178.0
137.0
175.0
142.0
139.0
168.0
150.0
176.0
176.0
178.0
195.0
181.0
172.0
140.0
147.0
192.0
137.0
179.0
171.0
180.0
185.0
137.0
184.0
140.0
184.0
138.0
174.0
178.0
156.0
181.0
175.0
173.0
141.0
186.0
178.0
138.0
141.0
180.0
169.0
175.0
133.0
173.0
179.0
190.0
181.0
140.0
185.0
145.0
173.0
181.0
153.0
141.0
183.0
173.0
171.0
173.0
173.0
174.0
169.0
172.0
182.0
157.0
167.0
178.0
173.0
170.0
139.0
173.0
175.0
183.0
187.0
177.0
142.0
170.0
143.0
140.0
149.0
152.0
188.0
185.0
170.0
141.0
180.0
145.0
177.0
170.0
178.0
180.0
181.0
190.0
176.0
151.0
172.0
178.0
185.0
167.0
173.0
166.0
174.0
139.0
148.0
174.0
136.0
176.0
185.0
177.0
175.0
139.0
193.0
181.0
170.0
140.0
148.0
184.0
138.0
139.0
182.0
173.0
162.0
174.0
168.0
175.0
182.0
148.0
146.0
147.0
176.0
185.0
171.0
131.0
172.0
177.0
141.0
138.0
146.0
171.0
172.0
182.0
181.0
177.0
163.0
142.0
142.0
181.0
181.0
180.0
146.0
164.0
167.0
143.0
173.0
176.0
140.0
186.0
146.0
143.0
143.0
146.0
178.0
144.0
179.0
185.0
176.0
171.0
135.0
178.0
174.0
177.0
143.0
181.0
185.0
133.0
171.0
181.0
141.0
177.0
184.0
180.0
180.0
145.0
173.0
141.0
141.0
171.0
156.0
177.0
184.0
150.0
181.0
145.0
180.0
178.0
137.0
147.0
179.0
186.0
174.0
170.0
183.0
182.0
184.0
178.0
179.0
165.0
172.0
173.0
176.0
136.0
185.0
170.0
145.0
142.0
181.0
171.0
139.0
148.0
148.0
140.0
174.0
141.0
174.0
182.0
129.0
181.0
174.0
176.0
171.0
135.0
178.0
139.0
135.0
172.0
181.0
142.0
142.0
173.0
187.0
171.0
140.0
188.0
141.0
171.0
169.0
167.0
141.0
178.0
186.0
177.0
183.0
183.0
177.0
175.0
156.0
175.0
146.0
176.0
175.0
178.0
141.0
178.0
177.0
144.0
176.0
184.0
158.0
140.0
180.0
181.0
174.0
