164.0
190.0
178.0
243.0
165.0
197.0
281.0
205.0
177.0
237.0
207.0
267.0
259.0
280.0
256.0
213.0
219.0
197.0
174.0
183.0
249.0
225.0
227.0
179.0
170.0
188.0
202.0
198.0
179.0
258.0
216.0
286.0
262.0
231.0
216.0
191.0
225.0
201.0
228.0
219.0
209.0
176.0
265.0
186.0
218.0
225.0
218.0
232.0
214.0
168.0
252.0
296.0
179.0
275.0
165.0
186.0
184.0
205.0
166.0
270.0
157.0
231.0
154.0
257.0
177.0
178.0
264.0
242.0
240.0
184.0
256.0
229.0
215.0
271.0
200.0
195.0
278.0
270.0
247.0
254.0
227.0
176.0
193.0
195.0
156.0
266.0
205.0
184.0
186.0
174.0
214.0
188.0
159.0
204.0
284.0
158.0
241.0
181.0
200.0
192.0
188.0
252.0
168.0
273.0
206.0
228.0
165.0
177.0
220.0
246.0
167.0
212.0
213.0
231.0
290.0
200.0
248.0
182.0
230.0
190.0
182.0
260.0
200.0
233.0
227.0
218.0
224.0
169.0
188.0
191.0
173.0
211.0
220.0
194.0
199.0
175.0
234.0
195.0
193.0
217.0
232.0
213.0
225.0
187.0
189.0
219.0
236.0
153.0
229.0
213.0
234.0
237.0
200.0
215.0
245.0
218.0
236.0
262.0
175.0
243.0
233.0
187.0
166.0
195.0
195.0
200.0
221.0
264.0
150.0
251.0
259.0
235.0
219.0
233.0
217.0
192.0
265.0
230.0
274.0
285.0
199.0
253.0
170.0
179.0
177.0
239.0
243.0
201.0
213.0
251.0
260.0
234.0
180.0
174.0
200.0
207.0
187.0
232.0
215.0
194.0
197.0
210.0
228.0
202.0
203.0
191.0
177.0
196.0
162.0
160.0
258.0
242.0
244.0
196.0
240.0
211.0
213.0
312.0
251.0
238.0
219.0
246.0
229.0
225.0
237.0
177.0
232.0
250.0
147.0
237.0
191.0
167.0
165.0
177.0
194.0
179.0
234.0
241.0
194.0
239.0
194.0
213.0
191.0
214.0
311.0
230.0
233.0
188.0
303.0
268.0
220.0
217.0
214.0
231.0
183.0
168.0
196.0
222.0
258.0
183.0
229.0
243.0
167.0
230.0
186.0
220.0
208.0
228.0
261.0
211.0
241.0
216.0
161.0
203.0
193.0
181.0
196.0
220.0
259.0
231.0
172.0
277.0
225.0
188.0
224.0
233.0
196.0
193.0
246.0
200.0
193.0
228.0
170.0
214.0
184.0
302.0
267.0
169.0
215.0
179.0
255.0
240.0
194.0
194.0
210.0
182.0
186.0
224.0
270.0
235.0
229.0
184.0
163.0
186.0
241.0
258.0
166.0
204.0
164.0
228.0
208.0
209.0
182.0
165.0
199.0
204.0
245.0
220.0
224.0
263.0
255.0
245.0
220.0
226.0
233.0
173.0
167.0
200.0
200.0
196.0
265.0
269.0
243.0
268.0
260.0
203.0
227.0
204.0
202.0
236.0
215.0
178.0
257.0
219.0
254.0
257.0
194.0
203.0
217.0
284.0
226.0
267.0
192.0
176.0
228.0
217.0
199.0
197.0
174.0
169.0
200.0
211.0
171.0
240.0
225.0
187.0
180.0
194.0
169.0
178.0
167.0
160.0
241.0
204.0
225.0
170.0
235.0
206.0
247.0
253.0
237.0
203.0
265.0
237.0
164.0
167.0
269.0
242.0
234.0
290.0
179.0
177.0
243.0
170.0
214.0
248.0
167.0
254.0
197.0
225.0
226.0
281.0
195.0
168.0
190.0
166.0
221.0
256.0
220.0
167.0
205.0
208.0
172.0
268.0
223.0
165.0
211.0
189.0
209.0
204.0
243.0
213.0
232.0
186.0
211.0
181.0
215.0
168.0
252.0
173.0
207.0
263.0
218.0
180.0
168.0
193.0
196.0
268.0
238.0
164.0
175.0
183.0
200.0
165.0
214.0
170.0
239.0
227.0
197.0
285.0
214.0
276.0
234.0
224.0
207.0
200.0
196.0
287.0
157.0
207.0
170.0
192.0
180.0
258.0
186.0
207.0
176.0
223.0
226.0
195.0
203.0
209.0
174.0
164.0
226.0
203.0
213.0
256.0
219.0
221.0
162.0
174.0
225.0
218.0
214.0
235.0
192.0
221.0
171.0
176.0
