235.0
189.0
205.0
224.0
206.0
214.0
215.0
217.0
226.0
245.0
195.0
220.0
184.0
178.0
216.0
181.0
214.0
212.0
230.0
187.0
209.0
222.0
201.0
215.0
217.0
196.0
305.0
229.0
211.0
182.0
229.0
189.0
212.0
232.0
221.0
225.0
221.0
192.0
209.0
209.0
226.0
225.0
176.0
187.0
212.0
178.0
230.0
229.0
221.0
233.0
203.0
229.0
256.0
198.0
176.0
216.0
176.0
229.0
213.0
184.0
217.0
226.0
208.0
207.0
234.0
239.0
246.0
200.0
219.0
237.0
211.0
214.0
216.0
211.0
227.0
203.0
204.0
188.0
235.0
232.0
225.0
242.0
201.0
206.0
225.0
229.0
186.0
217.0
212.0
236.0
229.0
223.0
208.0
230.0
229.0
194.0
205.0
219.0
209.0
241.0
214.0
229.0
206.0
231.0
283.0
224.0
214.0
180.0
181.0
187.0
259.0
189.0
204.0
344.0
190.0
227.0
234.0
210.0
208.0
182.0
199.0
208.0
251.0
209.0
213.0
210.0
220.0
190.0
205.0
192.0
208.0
215.0
220.0
210.0
203.0
213.0
231.0
243.0
212.0
262.0
223.0
194.0
251.0
194.0
184.0
203.0
178.0
239.0
209.0
207.0
239.0
212.0
185.0
200.0
228.0
184.0
216.0
205.0
244.0
191.0
208.0
205.0
219.0
215.0
198.0
189.0
223.0
240.0
241.0
226.0
197.0
198.0
216.0
218.0
200.0
232.0
237.0
243.0
220.0
175.0
244.0
194.0
229.0
246.0
215.0
225.0
221.0
217.0
220.0
214.0
185.0
229.0
213.0
191.0
252.0
223.0
187.0
188.0
203.0
276.0
235.0
224.0
221.0
230.0
219.0
180.0
213.0
182.0
219.0
239.0
221.0
216.0
209.0
263.0
184.0
168.0
228.0
226.0
208.0
221.0
194.0
207.0
227.0
209.0
206.0
211.0
221.0
257.0
207.0
223.0
179.0
238.0
203.0
191.0
199.0
226.0
236.0
279.0
225.0
216.0
207.0
205.0
288.0
195.0
222.0
217.0
242.0
218.0
178.0
173.0
291.0
224.0
226.0
217.0
226.0
178.0
186.0
196.0
221.0
234.0
216.0
220.0
208.0
196.0
225.0
196.0
217.0
196.0
227.0
182.0
203.0
218.0
304.0
234.0
190.0
211.0
297.0
213.0
191.0
222.0
199.0
201.0
218.0
222.0
238.0
181.0
225.0
237.0
224.0
200.0
207.0
216.0
180.0
223.0
213.0
174.0
221.0
235.0
209.0
220.0
232.0
220.0
239.0
226.0
208.0
231.0
273.0
219.0
212.0
248.0
227.0
230.0
208.0
229.0
190.0
202.0
225.0
203.0
187.0
219.0
208.0
194.0
221.0
217.0
233.0
176.0
197.0
219.0
188.0
259.0
269.0
211.0
176.0
206.0
201.0
213.0
220.0
209.0
212.0
212.0
237.0
182.0
199.0
210.0
245.0
217.0
226.0
212.0
217.0
212.0
167.0
248.0
213.0
195.0
230.0
195.0
225.0
208.0
208.0
221.0
196.0
217.0
216.0
190.0
199.0
202.0
184.0
220.0
175.0
218.0
213.0
243.0
249.0
231.0
232.0
188.0
231.0
221.0
251.0
219.0
228.0
240.0
213.0
226.0
221.0
221.0
232.0
189.0
225.0
223.0
182.0
230.0
174.0
237.0
232.0
216.0
222.0
212.0
246.0
215.0
224.0
175.0
205.0
222.0
224.0
273.0
175.0
213.0
227.0
251.0
249.0
182.0
191.0
213.0
193.0
207.0
224.0
221.0
224.0
211.0
203.0
200.0
333.0
212.0
215.0
236.0
207.0
199.0
198.0
218.0
210.0
173.0
216.0
197.0
180.0
292.0
211.0
206.0
211.0
200.0
205.0
199.0
260.0
258.0
219.0
230.0
215.0
181.0
186.0
241.0
223.0
200.0
181.0
180.0
207.0
209.0
211.0
208.0
183.0
184.0
184.0
233.0
208.0
221.0
181.0
266.0
330.0
246.0
223.0
236.0
176.0
218.0
187.0
213.0
273.0
217.0
197.0
207.0
197.0
219.0
221.0
224.0
208.0
223.0
217.0
258.0
268.0
186.0
187.0
196.0
223.0
185.0
220.0
178.0
223.0
357.0
208.0
226.0
194.0
201.0
