120.0
146.0
149.0
147.0
115.0
131.0
141.0
148.0
143.0
134.0
143.0
147.0
113.0
149.0
146.0
148.0
140.0
149.0
144.0
138.0
115.0
156.0
110.0
114.0
149.0
144.0
143.0
118.0
153.0
147.0
109.0
146.0
108.0
146.0
109.0
127.0
154.0
113.0
146.0
151.0
146.0
146.0
114.0
117.0
148.0
144.0
139.0
147.0
141.0
147.0
106.0
148.0
143.0
145.0
149.0
149.0
152.0
123.0
111.0
143.0
136.0
155.0
113.0
107.0
150.0
142.0
147.0
146.0
146.0
150.0
148.0
139.0
148.0
111.0
155.0
147.0
157.0
111.0
148.0
145.0
116.0
155.0
116.0
157.0
147.0
152.0
151.0
145.0
108.0
107.0
119.0
145.0
151.0
148.0
158.0
141.0
141.0
151.0
145.0
145.0
140.0
155.0
153.0
151.0
150.0
105.0
139.0
148.0
140.0
146.0
150.0
145.0
143.0
112.0
114.0
142.0
143.0
113.0
147.0
139.0
144.0
140.0
139.0
135.0
113.0
145.0
110.0
143.0
151.0
146.0
107.0
141.0
157.0
149.0
107.0
143.0
159.0
108.0
153.0
146.0
150.0
149.0
153.0
163.0
151.0
145.0
110.0
153.0
146.0
147.0
109.0
117.0
149.0
147.0
145.0
103.0
141.0
139.0
131.0
154.0
113.0
155.0
145.0
157.0
133.0
150.0
148.0
109.0
147.0
146.0
154.0
112.0
142.0
146.0
142.0
147.0
110.0
137.0
150.0
151.0
107.0
145.0
127.0
149.0
115.0
142.0
141.0
108.0
141.0
128.0
142.0
142.0
114.0
117.0
112.0
155.0
144.0
115.0
112.0
144.0
105.0
111.0
143.0
113.0
150.0
143.0
142.0
108.0
152.0
148.0
110.0
107.0
144.0
147.0
145.0
129.0
109.0
150.0
144.0
134.0
149.0
137.0
144.0
151.0
147.0
147.0
111.0
152.0
109.0
105.0
149.0
140.0
152.0
110.0
143.0
111.0
151.0
138.0
147.0
160.0
147.0
156.0
152.0
154.0
153.0
151.0
106.0
149.0
118.0
106.0
167.0
142.0
145.0
148.0
141.0
114.0
137.0
140.0
143.0
127.0
164.0
148.0
147.0
144.0
150.0
145.0
154.0
152.0
112.0
141.0
141.0
140.0
145.0
134.0
151.0
147.0
153.0
144.0
150.0
109.0
151.0
149.0
134.0
154.0
158.0
144.0
149.0
112.0
114.0
114.0
117.0
144.0
105.0
147.0
133.0
135.0
119.0
109.0
107.0
150.0
148.0
151.0
150.0
152.0
156.0
150.0
128.0
141.0
114.0
148.0
154.0
155.0
143.0
118.0
111.0
137.0
115.0
132.0
144.0
140.0
145.0
148.0
111.0
148.0
111.0
106.0
146.0
137.0
114.0
110.0
141.0
146.0
112.0
143.0
143.0
141.0
111.0
108.0
151.0
144.0
139.0
142.0
148.0
115.0
149.0
141.0
159.0
154.0
112.0
139.0
154.0
154.0
140.0
144.0
110.0
157.0
109.0
146.0
146.0
145.0
105.0
114.0
140.0
144.0
116.0
147.0
143.0
149.0
150.0
107.0
145.0
148.0
103.0
158.0
123.0
153.0
144.0
151.0
112.0
152.0
146.0
141.0
140.0
123.0
148.0
111.0
154.0
110.0
148.0
115.0
136.0
112.0
141.0
109.0
151.0
150.0
110.0
120.0
141.0
108.0
144.0
150.0
153.0
152.0
111.0
153.0
150.0
168.0
148.0
139.0
120.0
150.0
145.0
126.0
109.0
151.0
144.0
143.0
139.0
150.0
145.0
145.0
150.0
111.0
145.0
145.0
156.0
146.0
147.0
138.0
121.0
143.0
142.0
147.0
139.0
126.0
154.0
172.0
135.0
142.0
156.0
119.0
153.0
104.0
148.0
145.0
143.0
142.0
108.0
146.0
141.0
144.0
147.0
152.0
111.0
123.0
148.0
145.0
145.0
150.0
148.0
115.0
148.0
144.0
140.0
151.0
145.0
120.0
143.0
152.0
104.0
137.0
138.0
151.0
124.0
141.0
137.0
111.0
143.0
151.0
143.0
142.0
121.0
145.0
149.0
141.0
147.0
140.0
104.0
145.0
145.0
139.0
113.0
137.0
145.0
152.0
144.0
141.0
146.0
149.0
