199.0
178.0
158.0
171.0
222.0
162.0
213.0
179.0
200.0
152.0
164.0
168.0
187.0
178.0
163.0
195.0
166.0
165.0
167.0
164.0
194.0
168.0
191.0
162.0
172.0
160.0
177.0
170.0
168.0
165.0
157.0
158.0
167.0
169.0
162.0
176.0
182.0
195.0
172.0
181.0
176.0
175.0
158.0
180.0
175.0
157.0
160.0
172.0
164.0
171.0
188.0
179.0
160.0
175.0
180.0
165.0
163.0
177.0
179.0
150.0
164.0
204.0
179.0
195.0
170.0
179.0
182.0
177.0
173.0
192.0
179.0
181.0
178.0
187.0
176.0
188.0
172.0
187.0
198.0
176.0
195.0
172.0
189.0
189.0
161.0
165.0
194.0
180.0
171.0
162.0
177.0
165.0
192.0
176.0
179.0
183.0
160.0
194.0
156.0
189.0
180.0
155.0
173.0
172.0
158.0
197.0
170.0
163.0
169.0
174.0
157.0
152.0
165.0
166.0
172.0
175.0
162.0
183.0
159.0
164.0
159.0
188.0
191.0
184.0
166.0
187.0
162.0
176.0
178.0
196.0
177.0
177.0
197.0
172.0
165.0
171.0
180.0
186.0
167.0
171.0
175.0
191.0
205.0
181.0
194.0
162.0
204.0
184.0
165.0
174.0
167.0
217.0
178.0
175.0
180.0
179.0
169.0
167.0
178.0
170.0
183.0
192.0
162.0
185.0
178.0
159.0
158.0
169.0
181.0
163.0
184.0
176.0
160.0
177.0
166.0
185.0
201.0
163.0
191.0
194.0
182.0
199.0
169.0
169.0
173.0
164.0
166.0
224.0
180.0
183.0
157.0
189.0
183.0
176.0
170.0
205.0
193.0
178.0
174.0
170.0
176.0
159.0
183.0
164.0
193.0
176.0
181.0
176.0
177.0
167.0
171.0
202.0
175.0
189.0
176.0
174.0
173.0
196.0
167.0
184.0
182.0
198.0
185.0
174.0
183.0
186.0
166.0
162.0
171.0
170.0
167.0
184.0
195.0
191.0
185.0
150.0
183.0
168.0
207.0
170.0
164.0
176.0
181.0
172.0
168.0
168.0
220.0
161.0
187.0
162.0
161.0
193.0
171.0
164.0
159.0
160.0
154.0
169.0
173.0
166.0
173.0
170.0
170.0
169.0
183.0
169.0
165.0
167.0
186.0
208.0
207.0
175.0
229.0
174.0
170.0
203.0
166.0
191.0
171.0
195.0
169.0
167.0
164.0
178.0
191.0
184.0
178.0
175.0
179.0
197.0
179.0
167.0
163.0
162.0
173.0
159.0
187.0
185.0
188.0
180.0
169.0
182.0
183.0
170.0
192.0
182.0
161.0
164.0
170.0
172.0
178.0
157.0
159.0
177.0
159.0
167.0
181.0
196.0
180.0
168.0
170.0
166.0
167.0
186.0
200.0
178.0
170.0
175.0
185.0
179.0
178.0
180.0
158.0
172.0
187.0
159.0
182.0
190.0
163.0
185.0
193.0
166.0
191.0
173.0
216.0
189.0
186.0
205.0
159.0
166.0
198.0
164.0
181.0
168.0
182.0
161.0
166.0
174.0
196.0
185.0
186.0
173.0
183.0
181.0
177.0
165.0
158.0
161.0
178.0
176.0
193.0
185.0
171.0
166.0
196.0
177.0
241.0
164.0
165.0
160.0
159.0
177.0
173.0
163.0
173.0
170.0
193.0
174.0
174.0
177.0
167.0
171.0
175.0
183.0
185.0
154.0
231.0
193.0
162.0
172.0
210.0
178.0
161.0
164.0
162.0
161.0
165.0
161.0
177.0
190.0
163.0
182.0
165.0
170.0
175.0
197.0
161.0
211.0
185.0
203.0
186.0
198.0
166.0
167.0
187.0
196.0
173.0
159.0
185.0
205.0
176.0
173.0
176.0
171.0
160.0
189.0
170.0
161.0
227.0
161.0
176.0
172.0
160.0
158.0
180.0
199.0
168.0
167.0
196.0
177.0
173.0
157.0
167.0
163.0
154.0
167.0
167.0
168.0
165.0
212.0
169.0
162.0
175.0
214.0
160.0
210.0
211.0
165.0
177.0
188.0
221.0
184.0
169.0
188.0
160.0
182.0
189.0
173.0
188.0
180.0
183.0
175.0
183.0
178.0
182.0
197.0
175.0
183.0
178.0
198.0
170.0
160.0
180.0
180.0
181.0
169.0
164.0
174.0
181.0
168.0
