143.0
152.0
140.0
146.0
150.0
161.0
156.0
156.0
164.0
141.0
164.0
148.0
151.0
151.0
145.0
147.0
147.0
145.0
148.0
157.0
146.0
154.0
147.0
141.0
143.0
140.0
143.0
153.0
143.0
150.0
146.0
152.0
150.0
149.0
155.0
147.0
151.0
156.0
157.0
154.0
151.0
155.0
143.0
134.0
157.0
145.0
150.0
158.0
146.0
157.0
149.0
158.0
143.0
166.0
167.0
142.0
144.0
145.0
145.0
138.0
148.0
149.0
158.0
157.0
161.0
142.0
147.0
149.0
148.0
155.0
141.0
147.0
151.0
142.0
144.0
144.0
141.0
148.0
159.0
152.0
145.0
144.0
142.0
137.0
140.0
164.0
145.0
150.0
142.0
148.0
173.0
143.0
161.0
146.0
139.0
143.0
160.0
141.0
147.0
143.0
149.0
156.0
154.0
141.0
146.0
145.0
147.0
151.0
140.0
142.0
147.0
146.0
145.0
154.0
148.0
142.0
149.0
149.0
148.0
141.0
148.0
145.0
168.0
149.0
150.0
155.0
138.0
141.0
153.0
140.0
159.0
142.0
153.0
158.0
148.0
140.0
146.0
152.0
143.0
151.0
154.0
139.0
143.0
148.0
147.0
148.0
155.0
150.0
147.0
159.0
148.0
144.0
144.0
145.0
159.0
146.0
149.0
147.0
143.0
153.0
151.0
148.0
153.0
145.0
149.0
145.0
150.0
152.0
138.0
142.0
144.0
145.0
152.0
147.0
152.0
151.0
174.0
148.0
156.0
148.0
148.0
146.0
149.0
147.0
143.0
146.0
150.0
148.0
143.0
148.0
150.0
146.0
155.0
146.0
153.0
145.0
142.0
143.0
147.0
140.0
140.0
148.0
144.0
145.0
153.0
157.0
147.0
151.0
144.0
147.0
150.0
152.0
148.0
142.0
145.0
145.0
146.0
152.0
151.0
142.0
154.0
151.0
146.0
146.0
176.0
141.0
153.0
139.0
159.0
140.0
144.0
143.0
139.0
142.0
154.0
144.0
148.0
147.0
154.0
144.0
147.0
146.0
146.0
147.0
149.0
143.0
147.0
153.0
149.0
151.0
144.0
143.0
150.0
142.0
190.0
148.0
146.0
143.0
154.0
146.0
152.0
145.0
157.0
150.0
146.0
148.0
148.0
146.0
145.0
146.0
149.0
156.0
150.0
140.0
145.0
145.0
138.0
149.0
157.0
148.0
148.0
138.0
146.0
148.0
151.0
142.0
158.0
153.0
168.0
154.0
146.0
150.0
140.0
146.0
145.0
147.0
151.0
143.0
147.0
143.0
151.0
152.0
141.0
159.0
148.0
152.0
140.0
148.0
140.0
148.0
154.0
145.0
159.0
166.0
146.0
146.0
146.0
145.0
148.0
144.0
157.0
152.0
145.0
154.0
161.0
141.0
140.0
142.0
146.0
139.0
145.0
146.0
142.0
166.0
148.0
143.0
143.0
145.0
155.0
149.0
149.0
148.0
150.0
148.0
143.0
147.0
145.0
148.0
140.0
148.0
147.0
145.0
150.0
146.0
141.0
150.0
150.0
161.0
151.0
147.0
156.0
145.0
143.0
149.0
144.0
151.0
156.0
149.0
147.0
150.0
139.0
155.0
140.0
144.0
149.0
154.0
145.0
149.0
147.0
147.0
146.0
145.0
140.0
142.0
141.0
144.0
144.0
159.0
140.0
148.0
145.0
153.0
173.0
140.0
150.0
155.0
148.0
145.0
152.0
147.0
153.0
150.0
146.0
157.0
146.0
146.0
142.0
147.0
140.0
138.0
142.0
147.0
151.0
160.0
144.0
153.0
152.0
148.0
149.0
148.0
145.0
149.0
138.0
153.0
145.0
139.0
147.0
155.0
146.0
156.0
142.0
141.0
148.0
147.0
145.0
145.0
147.0
143.0
146.0
147.0
147.0
145.0
148.0
145.0
150.0
152.0
157.0
153.0
141.0
146.0
142.0
149.0
150.0
151.0
144.0
144.0
148.0
153.0
140.0
147.0
148.0
144.0
150.0
149.0
146.0
151.0
145.0
146.0
147.0
149.0
141.0
144.0
150.0
141.0
141.0
150.0
147.0
158.0
147.0
148.0
152.0
152.0
150.0
146.0
150.0
144.0
144.0
148.0
154.0
142.0
149.0
151.0
148.0
151.0
145.0
140.0
154.0
140.0
156.0
146.0
