206.0
177.0
166.0
173.0
155.0
132.0
176.0
177.0
142.0
157.0
180.0
176.0
182.0
249.0
190.0
148.0
172.0
158.0
172.0
164.0
196.0
137.0
166.0
139.0
147.0
166.0
140.0
146.0
144.0
195.0
179.0
163.0
170.0
157.0
140.0
144.0
144.0
151.0
167.0
170.0
207.0
174.0
164.0
189.0
193.0
170.0
178.0
136.0
178.0
168.0
194.0
174.0
178.0
179.0
174.0
212.0
171.0
171.0
155.0
193.0
154.0
165.0
144.0
325.0
208.0
149.0
175.0
159.0
183.0
160.0
153.0
145.0
176.0
157.0
205.0
167.0
178.0
157.0
170.0
168.0
172.0
141.0
187.0
208.0
159.0
154.0
149.0
173.0
188.0
168.0
169.0
190.0
166.0
174.0
171.0
188.0
150.0
175.0
143.0
215.0
163.0
170.0
139.0
173.0
173.0
168.0
173.0
169.0
139.0
162.0
157.0
141.0
165.0
190.0
170.0
178.0
144.0
150.0
194.0
159.0
164.0
198.0
221.0
192.0
189.0
160.0
167.0
170.0
145.0
148.0
164.0
189.0
198.0
178.0
164.0
138.0
158.0
149.0
144.0
189.0
171.0
164.0
141.0
143.0
168.0
223.0
150.0
142.0
144.0
166.0
191.0
162.0
170.0
210.0
140.0
155.0
141.0
172.0
201.0
165.0
185.0
147.0
171.0
215.0
178.0
169.0
186.0
161.0
165.0
137.0
277.0
170.0
134.0
205.0
142.0
171.0
174.0
185.0
151.0
143.0
172.0
140.0
187.0
189.0
209.0
151.0
187.0
162.0
133.0
222.0
159.0
177.0
138.0
142.0
150.0
180.0
187.0
163.0
208.0
189.0
148.0
159.0
146.0
146.0
181.0
155.0
174.0
177.0
140.0
156.0
193.0
198.0
178.0
200.0
305.0
163.0
148.0
172.0
182.0
159.0
150.0
189.0
145.0
142.0
181.0
135.0
175.0
144.0
181.0
169.0
178.0
174.0
184.0
179.0
139.0
137.0
209.0
190.0
155.0
196.0
203.0
177.0
203.0
184.0
172.0
182.0
173.0
185.0
137.0
150.0
183.0
166.0
186.0
185.0
183.0
140.0
130.0
175.0
227.0
171.0
144.0
138.0
183.0
163.0
182.0
155.0
213.0
209.0
173.0
209.0
138.0
165.0
164.0
140.0
164.0
163.0
159.0
197.0
185.0
176.0
175.0
137.0
156.0
174.0
203.0
154.0
138.0
194.0
185.0
187.0
201.0
140.0
221.0
173.0
181.0
135.0
175.0
193.0
233.0
170.0
168.0
145.0
212.0
163.0
167.0
163.0
147.0
188.0
251.0
165.0
138.0
181.0
161.0
162.0
179.0
175.0
148.0
166.0
162.0
170.0
164.0
141.0
186.0
209.0
143.0
169.0
160.0
193.0
200.0
189.0
171.0
177.0
195.0
205.0
166.0
156.0
137.0
136.0
144.0
138.0
128.0
178.0
184.0
211.0
171.0
150.0
172.0
168.0
145.0
162.0
179.0
202.0
185.0
176.0
203.0
178.0
158.0
170.0
170.0
178.0
129.0
196.0
172.0
164.0
163.0
166.0
143.0
178.0
137.0
200.0
147.0
162.0
177.0
178.0
159.0
155.0
164.0
144.0
195.0
210.0
258.0
201.0
169.0
169.0
190.0
176.0
168.0
124.0
150.0
150.0
274.0
141.0
234.0
200.0
285.0
167.0
165.0
190.0
143.0
156.0
136.0
148.0
195.0
134.0
153.0
184.0
184.0
144.0
178.0
203.0
138.0
154.0
166.0
180.0
159.0
179.0
152.0
174.0
171.0
169.0
162.0
174.0
162.0
182.0
137.0
150.0
194.0
273.0
142.0
146.0
166.0
174.0
213.0
166.0
152.0
140.0
151.0
181.0
156.0
161.0
187.0
234.0
194.0
165.0
146.0
185.0
185.0
164.0
187.0
150.0
163.0
182.0
141.0
181.0
148.0
178.0
201.0
134.0
166.0
168.0
159.0
165.0
184.0
203.0
158.0
163.0
139.0
144.0
153.0
196.0
140.0
217.0
141.0
161.0
191.0
166.0
152.0
165.0
140.0
150.0
188.0
170.0
174.0
162.0
181.0
171.0
153.0
235.0
162.0
193.0
184.0
181.0
226.0
173.0
192.0
179.0
176.0
197.0
145.0
145.0
