200.0
200.0
189.0
221.0
212.0
220.0
198.0
192.0
207.0
179.0
199.0
180.0
190.0
220.0
201.0
265.0
229.0
195.0
204.0
192.0
189.0
240.0
197.0
197.0
207.0
210.0
201.0
193.0
225.0
196.0
206.0
208.0
221.0
209.0
190.0
226.0
219.0
199.0
235.0
219.0
204.0
207.0
206.0
203.0
219.0
222.0
209.0
200.0
204.0
215.0
257.0
230.0
186.0
215.0
197.0
180.0
196.0
214.0
197.0
192.0
201.0
198.0
227.0
210.0
222.0
200.0
198.0
188.0
208.0
216.0
194.0
196.0
227.0
210.0
184.0
203.0
195.0
206.0
201.0
221.0
209.0
209.0
260.0
221.0
209.0
194.0
225.0
242.0
182.0
192.0
208.0
188.0
224.0
181.0
213.0
217.0
210.0
226.0
221.0
193.0
203.0
254.0
185.0
198.0
217.0
190.0
262.0
187.0
181.0
193.0
200.0
188.0
196.0
196.0
190.0
246.0
203.0
208.0
196.0
203.0
201.0
187.0
197.0
222.0
212.0
201.0
200.0
217.0
196.0
198.0
193.0
200.0
207.0
208.0
195.0
196.0
227.0
203.0
204.0
201.0
223.0
199.0
223.0
214.0
192.0
209.0
224.0
191.0
194.0
222.0
188.0
211.0
199.0
194.0
207.0
213.0
220.0
200.0
194.0
194.0
194.0
184.0
179.0
194.0
264.0
240.0
249.0
199.0
195.0
192.0
210.0
199.0
195.0
200.0
211.0
190.0
192.0
189.0
193.0
200.0
187.0
228.0
200.0
196.0
247.0
193.0
190.0
207.0
188.0
220.0
206.0
200.0
195.0
189.0
199.0
217.0
216.0
230.0
222.0
200.0
223.0
186.0
203.0
189.0
189.0
180.0
193.0
219.0
240.0
184.0
210.0
213.0
195.0
190.0
202.0
230.0
189.0
207.0
201.0
225.0
247.0
207.0
199.0
188.0
235.0
191.0
198.0
195.0
200.0
204.0
191.0
195.0
185.0
220.0
234.0
198.0
212.0
244.0
179.0
224.0
212.0
192.0
207.0
223.0
206.0
186.0
204.0
186.0
193.0
200.0
185.0
202.0
196.0
199.0
196.0
208.0
215.0
213.0
194.0
185.0
200.0
188.0
263.0
191.0
249.0
233.0
215.0
194.0
192.0
208.0
224.0
184.0
197.0
232.0
205.0
178.0
194.0
188.0
191.0
199.0
195.0
266.0
196.0
204.0
207.0
266.0
237.0
182.0
193.0
286.0
204.0
203.0
210.0
210.0
220.0
202.0
187.0
196.0
224.0
260.0
187.0
239.0
199.0
188.0
232.0
212.0
192.0
236.0
227.0
199.0
201.0
195.0
212.0
203.0
210.0
211.0
193.0
255.0
213.0
188.0
218.0
198.0
199.0
191.0
238.0
217.0
189.0
183.0
206.0
218.0
218.0
258.0
191.0
189.0
196.0
209.0
213.0
192.0
232.0
189.0
229.0
221.0
203.0
206.0
195.0
209.0
195.0
212.0
183.0
194.0
195.0
208.0
189.0
217.0
199.0
189.0
193.0
201.0
225.0
217.0
187.0
195.0
187.0
187.0
210.0
206.0
196.0
200.0
207.0
198.0
209.0
243.0
206.0
200.0
187.0
208.0
237.0
198.0
222.0
188.0
192.0
183.0
207.0
191.0
263.0
197.0
213.0
203.0
201.0
190.0
237.0
193.0
237.0
258.0
228.0
234.0
201.0
182.0
203.0
205.0
223.0
193.0
225.0
252.0
188.0
197.0
186.0
217.0
188.0
228.0
221.0
230.0
191.0
184.0
207.0
200.0
204.0
239.0
215.0
199.0
195.0
186.0
194.0
195.0
213.0
213.0
208.0
197.0
198.0
196.0
202.0
219.0
205.0
188.0
221.0
185.0
232.0
195.0
241.0
201.0
215.0
212.0
219.0
212.0
210.0
206.0
231.0
193.0
199.0
191.0
234.0
202.0
193.0
198.0
216.0
227.0
233.0
178.0
249.0
214.0
185.0
185.0
193.0
237.0
204.0
196.0
213.0
192.0
190.0
196.0
198.0
190.0
197.0
304.0
199.0
223.0
277.0
181.0
242.0
252.0
204.0
215.0
211.0
194.0
199.0
179.0
209.0
189.0
199.0
184.0
209.0
195.0
185.0
209.0
192.0
216.0
203.0
210.0
219.0
201.0
