172.0
160.0
164.0
186.0
163.0
166.0
159.0
172.0
168.0
162.0
166.0
162.0
161.0
161.0
165.0
156.0
159.0
164.0
166.0
162.0
158.0
161.0
162.0
157.0
160.0
161.0
172.0
169.0
162.0
163.0
165.0
159.0
162.0
171.0
164.0
162.0
155.0
153.0
156.0
162.0
164.0
160.0
162.0
175.0
153.0
159.0
160.0
162.0
163.0
152.0
161.0
159.0
159.0
156.0
164.0
179.0
169.0
165.0
166.0
159.0
162.0
162.0
166.0
162.0
159.0
176.0
157.0
169.0
164.0
171.0
162.0
167.0
157.0
161.0
156.0
162.0
162.0
159.0
170.0
186.0
169.0
161.0
160.0
161.0
160.0
166.0
161.0
166.0
166.0
161.0
158.0
160.0
163.0
166.0
168.0
155.0
157.0
162.0
154.0
165.0
161.0
161.0
163.0
169.0
158.0
165.0
166.0
157.0
159.0
165.0
158.0
181.0
163.0
162.0
166.0
167.0
163.0
161.0
160.0
175.0
159.0
165.0
157.0
163.0
161.0
168.0
165.0
161.0
153.0
161.0
160.0
162.0
167.0
160.0
162.0
171.0
158.0
164.0
173.0
160.0
157.0
163.0
159.0
159.0
166.0
158.0
162.0
170.0
169.0
160.0
164.0
168.0
163.0
173.0
161.0
166.0
167.0
161.0
159.0
159.0
174.0
159.0
164.0
159.0
162.0
157.0
161.0
160.0
163.0
162.0
160.0
160.0
158.0
162.0
158.0
169.0
166.0
159.0
164.0
166.0
165.0
168.0
170.0
170.0
174.0
157.0
172.0
163.0
173.0
176.0
158.0
159.0
160.0
159.0
160.0
164.0
166.0
163.0
162.0
181.0
165.0
160.0
163.0
157.0
170.0
155.0
170.0
163.0
163.0
158.0
167.0
164.0
162.0
161.0
161.0
173.0
161.0
164.0
159.0
164.0
169.0
157.0
164.0
176.0
162.0
161.0
171.0
166.0
160.0
166.0
158.0
164.0
164.0
159.0
161.0
153.0
154.0
165.0
163.0
159.0
164.0
170.0
155.0
163.0
169.0
164.0
160.0
166.0
162.0
158.0
152.0
164.0
163.0
172.0
165.0
162.0
168.0
162.0
157.0
172.0
160.0
165.0
166.0
167.0
175.0
158.0
160.0
161.0
155.0
171.0
169.0
163.0
158.0
163.0
157.0
166.0
161.0
165.0
154.0
159.0
159.0
167.0
156.0
159.0
157.0
159.0
158.0
169.0
160.0
173.0
180.0
158.0
160.0
159.0
157.0
154.0
168.0
169.0
160.0
166.0
167.0
159.0
161.0
153.0
161.0
162.0
174.0
162.0
161.0
162.0
159.0
160.0
162.0
165.0
168.0
166.0
164.0
162.0
163.0
163.0
158.0
164.0
158.0
168.0
166.0
163.0
170.0
159.0
155.0
169.0
159.0
167.0
163.0
163.0
167.0
160.0
161.0
176.0
159.0
167.0
152.0
159.0
162.0
161.0
172.0
161.0
178.0
166.0
161.0
163.0
159.0
161.0
162.0
162.0
172.0
165.0
159.0
159.0
162.0
166.0
162.0
156.0
168.0
164.0
162.0
172.0
158.0
157.0
162.0
166.0
161.0
163.0
161.0
168.0
162.0
162.0
159.0
166.0
162.0
162.0
168.0
160.0
162.0
159.0
164.0
164.0
169.0
158.0
166.0
163.0
159.0
167.0
160.0
167.0
160.0
152.0
157.0
165.0
161.0
162.0
162.0
163.0
158.0
169.0
170.0
174.0
164.0
159.0
161.0
164.0
164.0
163.0
163.0
154.0
164.0
163.0
162.0
162.0
163.0
164.0
160.0
174.0
165.0
162.0
161.0
162.0
157.0
168.0
162.0
164.0
170.0
156.0
159.0
155.0
170.0
160.0
159.0
161.0
162.0
160.0
158.0
169.0
157.0
158.0
166.0
171.0
163.0
160.0
172.0
170.0
160.0
158.0
163.0
173.0
198.0
164.0
157.0
156.0
159.0
162.0
208.0
157.0
158.0
165.0
156.0
166.0
164.0
159.0
161.0
160.0
156.0
170.0
154.0
168.0
183.0
162.0
167.0
160.0
158.0
178.0
169.0
174.0
175.0
159.0
161.0
165.0
188.0
155.0
160.0
184.0
165.0
154.0
176.0
172.0
169.0
161.0
168.0
168.0
175.0
167.0
