206.0
325.0
304.0
307.0
216.0
250.0
283.0
266.0
278.0
241.0
311.0
234.0
247.0
219.0
248.0
297.0
217.0
270.0
218.0
271.0
238.0
219.0
219.0
260.0
247.0
226.0
276.0
268.0
231.0
280.0
267.0
253.0
221.0
276.0
328.0
244.0
264.0
278.0
267.0
266.0
276.0
293.0
254.0
290.0
262.0
223.0
225.0
217.0
244.0
268.0
249.0
247.0
284.0
267.0
277.0
209.0
250.0
311.0
256.0
237.0
260.0
199.0
266.0
251.0
354.0
280.0
301.0
308.0
246.0
214.0
239.0
250.0
240.0
251.0
263.0
270.0
295.0
272.0
297.0
256.0
223.0
262.0
275.0
229.0
299.0
278.0
287.0
237.0
216.0
232.0
274.0
222.0
271.0
266.0
273.0
245.0
240.0
295.0
212.0
291.0
320.0
283.0
276.0
248.0
215.0
312.0
263.0
256.0
279.0
213.0
209.0
224.0
217.0
271.0
295.0
261.0
267.0
271.0
252.0
294.0
254.0
223.0
227.0
254.0
319.0
277.0
303.0
215.0
298.0
254.0
234.0
215.0
297.0
206.0
247.0
269.0
231.0
206.0
274.0
339.0
334.0
267.0
242.0
198.0
249.0
231.0
259.0
294.0
200.0
232.0
281.0
238.0
271.0
228.0
296.0
219.0
292.0
315.0
227.0
232.0
271.0
244.0
260.0
293.0
272.0
229.0
284.0
256.0
245.0
222.0
241.0
255.0
300.0
302.0
286.0
209.0
240.0
245.0
229.0
266.0
222.0
221.0
272.0
383.0
254.0
254.0
289.0
336.0
293.0
229.0
240.0
205.0
335.0
292.0
267.0
235.0
277.0
280.0
257.0
258.0
217.0
222.0
285.0
229.0
271.0
283.0
256.0
205.0
263.0
234.0
300.0
207.0
205.0
301.0
257.0
258.0
195.0
212.0
284.0
287.0
266.0
217.0
332.0
280.0
259.0
301.0
304.0
253.0
271.0
294.0
316.0
235.0
293.0
306.0
209.0
323.0
268.0
283.0
209.0
208.0
255.0
202.0
289.0
266.0
210.0
218.0
266.0
233.0
275.0
273.0
246.0
229.0
208.0
298.0
266.0
285.0
270.0
264.0
234.0
303.0
272.0
276.0
308.0
310.0
274.0
308.0
284.0
296.0
286.0
234.0
269.0
212.0
268.0
210.0
230.0
215.0
296.0
294.0
218.0
252.0
237.0
327.0
234.0
207.0
309.0
230.0
248.0
265.0
270.0
213.0
221.0
300.0
203.0
259.0
220.0
273.0
361.0
258.0
221.0
258.0
276.0
287.0
266.0
305.0
253.0
260.0
280.0
239.0
252.0
222.0
284.0
287.0
211.0
268.0
296.0
243.0
249.0
342.0
273.0
270.0
257.0
280.0
281.0
270.0
214.0
241.0
283.0
214.0
200.0
268.0
294.0
272.0
221.0
247.0
325.0
207.0
203.0
322.0
269.0
309.0
252.0
289.0
209.0
205.0
246.0
329.0
287.0
268.0
306.0
282.0
218.0
219.0
259.0
260.0
269.0
249.0
217.0
271.0
261.0
220.0
199.0
279.0
254.0
214.0
310.0
284.0
271.0
293.0
323.0
270.0
251.0
254.0
264.0
285.0
293.0
316.0
272.0
224.0
197.0
312.0
258.0
281.0
325.0
230.0
274.0
290.0
215.0
284.0
273.0
274.0
267.0
248.0
205.0
241.0
323.0
241.0
205.0
271.0
278.0
245.0
282.0
183.0
267.0
225.0
292.0
254.0
273.0
277.0
204.0
286.0
256.0
283.0
254.0
299.0
215.0
251.0
253.0
262.0
290.0
269.0
260.0
235.0
305.0
261.0
305.0
267.0
263.0
274.0
282.0
258.0
289.0
292.0
279.0
249.0
272.0
293.0
295.0
280.0
247.0
266.0
258.0
266.0
228.0
213.0
299.0
314.0
221.0
272.0
212.0
269.0
272.0
231.0
222.0
219.0
261.0
262.0
246.0
270.0
229.0
265.0
219.0
261.0
243.0
249.0
239.0
253.0
270.0
259.0
266.0
233.0
283.0
304.0
298.0
290.0
288.0
265.0
216.0
202.0
247.0
269.0
305.0
325.0
284.0
292.0
305.0
283.0
263.0
295.0
259.0
371.0
239.0
222.0
203.0
281.0
212.0
266.0
252.0
255.0
304.0
269.0
