27.0
264.0
28.0
24.0
27.0
25.0
24.0
30.0
28.0
284.0
29.0
23.0
25.0
39.0
26.0
26.0
29.0
27.0
27.0
24.0
29.0
28.0
24.0
26.0
26.0
29.0
28.0
29.0
30.0
29.0
300.0
32.0
28.0
39.0
29.0
27.0
28.0
29.0
29.0
29.0
15.0
272.0
25.0
278.0
290.0
23.0
291.0
24.0
21.0
28.0
26.0
235.0
259.0
28.0
23.0
15.0
28.0
29.0
25.0
23.0
27.0
35.0
275.0
24.0
26.0
24.0
27.0
26.0
22.0
29.0
25.0
27.0
28.0
25.0
240.0
27.0
26.0
27.0
28.0
28.0
27.0
29.0
28.0
32.0
24.0
25.0
27.0
27.0
27.0
28.0
25.0
26.0
26.0
28.0
29.0
28.0
29.0
29.0
28.0
259.0
28.0
284.0
22.0
29.0
37.0
28.0
290.0
342.0
23.0
27.0
31.0
27.0
302.0
27.0
27.0
27.0
26.0
304.0
21.0
24.0
27.0
231.0
28.0
27.0
29.0
29.0
28.0
26.0
231.0
28.0
24.0
26.0
255.0
22.0
36.0
28.0
29.0
28.0
28.0
29.0
27.0
24.0
28.0
25.0
24.0
26.0
36.0
28.0
28.0
28.0
281.0
35.0
27.0
28.0
28.0
285.0
15.0
28.0
258.0
26.0
23.0
28.0
29.0
24.0
22.0
31.0
24.0
24.0
31.0
26.0
295.0
23.0
27.0
27.0
22.0
24.0
26.0
23.0
240.0
245.0
27.0
27.0
33.0
27.0
23.0
28.0
27.0
28.0
28.0
28.0
28.0
277.0
252.0
22.0
32.0
15.0
28.0
27.0
22.0
28.0
263.0
28.0
29.0
28.0
26.0
26.0
28.0
28.0
302.0
23.0
32.0
27.0
28.0
39.0
32.0
29.0
28.0
26.0
27.0
24.0
28.0
251.0
28.0
27.0
23.0
32.0
225.0
15.0
15.0
296.0
26.0
26.0
25.0
29.0
28.0
27.0
28.0
29.0
29.0
25.0
29.0
26.0
26.0
28.0
23.0
27.0
36.0
28.0
28.0
29.0
28.0
24.0
32.0
24.0
29.0
26.0
296.0
28.0
27.0
25.0
27.0
21.0
311.0
254.0
24.0
27.0
27.0
28.0
26.0
24.0
245.0
26.0
35.0
28.0
28.0
258.0
270.0
27.0
38.0
24.0
24.0
27.0
15.0
23.0
31.0
27.0
30.0
28.0
29.0
261.0
29.0
24.0
335.0
27.0
28.0
29.0
282.0
27.0
28.0
278.0
25.0
32.0
27.0
28.0
28.0
26.0
24.0
35.0
39.0
27.0
24.0
15.0
27.0
21.0
26.0
335.0
28.0
28.0
305.0
27.0
23.0
29.0
27.0
27.0
29.0
28.0
23.0
29.0
27.0
237.0
27.0
26.0
39.0
27.0
28.0
298.0
29.0
313.0
27.0
28.0
344.0
28.0
35.0
28.0
28.0
243.0
29.0
23.0
28.0
28.0
28.0
273.0
32.0
29.0
24.0
28.0
28.0
25.0
24.0
29.0
32.0
29.0
28.0
28.0
32.0
27.0
24.0
22.0
29.0
29.0
29.0
25.0
28.0
28.0
25.0
246.0
15.0
25.0
29.0
293.0
28.0
29.0
25.0
241.0
255.0
22.0
23.0
28.0
25.0
27.0
26.0
37.0
28.0
27.0
231.0
28.0
27.0
27.0
29.0
27.0
29.0
288.0
29.0
22.0
21.0
27.0
229.0
22.0
28.0
27.0
297.0
24.0
261.0
28.0
27.0
26.0
28.0
28.0
24.0
28.0
29.0
28.0
30.0
22.0
271.0
27.0
28.0
27.0
27.0
26.0
29.0
15.0
295.0
265.0
26.0
238.0
41.0
27.0
28.0
27.0
35.0
27.0
25.0
28.0
28.0
33.0
28.0
28.0
28.0
27.0
27.0
29.0
27.0
309.0
36.0
30.0
27.0
28.0
26.0
27.0
15.0
28.0
21.0
24.0
15.0
28.0
15.0
234.0
26.0
27.0
26.0
26.0
24.0
29.0
27.0
271.0
271.0
25.0
27.0
239.0
314.0
33.0
23.0
28.0
28.0
27.0
28.0
25.0
242.0
29.0
299.0
26.0
26.0
26.0
28.0
32.0
322.0
28.0
27.0
26.0
