239.0
192.0
191.0
217.0
191.0
223.0
221.0
213.0
226.0
211.0
267.0
224.0
210.0
181.0
213.0
318.0
252.0
189.0
238.0
213.0
243.0
243.0
240.0
223.0
223.0
241.0
237.0
187.0
263.0
187.0
248.0
216.0
358.0
217.0
213.0
210.0
229.0
201.0
222.0
239.0
230.0
181.0
229.0
219.0
246.0
244.0
208.0
199.0
257.0
230.0
238.0
253.0
249.0
245.0
184.0
250.0
200.0
258.0
235.0
234.0
184.0
215.0
210.0
222.0
197.0
217.0
215.0
252.0
230.0
232.0
194.0
191.0
214.0
240.0
204.0
229.0
204.0
236.0
235.0
233.0
218.0
197.0
190.0
251.0
208.0
220.0
223.0
262.0
241.0
249.0
229.0
252.0
186.0
191.0
214.0
227.0
236.0
196.0
217.0
239.0
242.0
200.0
224.0
204.0
209.0
249.0
197.0
298.0
252.0
231.0
241.0
188.0
189.0
205.0
215.0
202.0
223.0
209.0
222.0
213.0
235.0
207.0
237.0
210.0
222.0
237.0
202.0
201.0
228.0
206.0
270.0
213.0
247.0
225.0
225.0
244.0
220.0
195.0
245.0
219.0
256.0
220.0
213.0
215.0
208.0
203.0
261.0
213.0
220.0
290.0
232.0
234.0
184.0
234.0
226.0
214.0
254.0
222.0
235.0
261.0
193.0
222.0
209.0
248.0
213.0
216.0
256.0
201.0
214.0
224.0
204.0
214.0
217.0
207.0
235.0
238.0
240.0
223.0
234.0
213.0
218.0
241.0
329.0
234.0
208.0
230.0
203.0
317.0
241.0
249.0
243.0
187.0
231.0
218.0
190.0
234.0
216.0
196.0
225.0
224.0
192.0
246.0
205.0
226.0
227.0
222.0
232.0
239.0
230.0
215.0
193.0
197.0
215.0
249.0
189.0
218.0
240.0
196.0
287.0
203.0
234.0
213.0
227.0
227.0
229.0
226.0
239.0
228.0
229.0
225.0
222.0
223.0
212.0
235.0
227.0
191.0
214.0
251.0
234.0
213.0
235.0
238.0
223.0
213.0
228.0
239.0
225.0
235.0
220.0
235.0
196.0
198.0
233.0
221.0
194.0
227.0
189.0
185.0
214.0
233.0
195.0
206.0
213.0
224.0
229.0
233.0
230.0
228.0
221.0
184.0
240.0
231.0
235.0
181.0
225.0
181.0
183.0
201.0
247.0
237.0
223.0
222.0
256.0
206.0
184.0
206.0
209.0
196.0
218.0
233.0
222.0
198.0
204.0
287.0
176.0
212.0
232.0
227.0
285.0
226.0
219.0
212.0
234.0
206.0
273.0
250.0
211.0
239.0
224.0
231.0
266.0
244.0
177.0
216.0
224.0
242.0
197.0
216.0
247.0
245.0
220.0
236.0
220.0
231.0
176.0
180.0
245.0
213.0
224.0
197.0
212.0
221.0
248.0
223.0
255.0
214.0
223.0
228.0
228.0
231.0
226.0
222.0
216.0
184.0
215.0
182.0
243.0
270.0
239.0
211.0
205.0
241.0
242.0
221.0
260.0
198.0
238.0
188.0
218.0
234.0
238.0
191.0
184.0
234.0
227.0
220.0
247.0
214.0
190.0
234.0
190.0
206.0
226.0
218.0
210.0
201.0
229.0
191.0
183.0
249.0
181.0
216.0
204.0
257.0
222.0
225.0
229.0
214.0
189.0
189.0
222.0
217.0
225.0
226.0
228.0
194.0
203.0
237.0
220.0
232.0
207.0
222.0
220.0
220.0
217.0
192.0
193.0
216.0
233.0
216.0
224.0
218.0
234.0
218.0
213.0
237.0
243.0
242.0
245.0
236.0
226.0
224.0
223.0
219.0
215.0
197.0
221.0
184.0
198.0
198.0
215.0
211.0
234.0
235.0
240.0
240.0
250.0
223.0
212.0
204.0
230.0
220.0
215.0
237.0
239.0
224.0
181.0
239.0
195.0
248.0
193.0
185.0
223.0
209.0
189.0
243.0
227.0
258.0
223.0
214.0
190.0
238.0
234.0
221.0
214.0
206.0
210.0
227.0
239.0
244.0
189.0
188.0
200.0
239.0
212.0
188.0
194.0
214.0
226.0
184.0
224.0
236.0
231.0
227.0
228.0
188.0
272.0
201.0
220.0
206.0
226.0
226.0
201.0
227.0
190.0
203.0
229.0
230.0
198.0
226.0
