160.0
159.0
160.0
161.0
176.0
159.0
166.0
159.0
157.0
160.0
161.0
164.0
167.0
157.0
159.0
159.0
160.0
154.0
170.0
163.0
159.0
157.0
152.0
157.0
177.0
160.0
158.0
158.0
157.0
155.0
164.0
156.0
166.0
163.0
160.0
159.0
162.0
153.0
158.0
160.0
152.0
152.0
156.0
161.0
150.0
165.0
161.0
165.0
150.0
168.0
157.0
162.0
169.0
159.0
150.0
177.0
155.0
150.0
150.0
163.0
160.0
156.0
149.0
161.0
156.0
145.0
161.0
155.0
168.0
157.0
158.0
156.0
166.0
162.0
158.0
159.0
177.0
161.0
155.0
171.0
155.0
157.0
158.0
155.0
162.0
154.0
158.0
152.0
166.0
156.0
164.0
160.0
160.0
161.0
161.0
152.0
157.0
164.0
165.0
155.0
169.0
159.0
159.0
151.0
164.0
175.0
176.0
153.0
159.0
162.0
164.0
151.0
173.0
170.0
170.0
156.0
156.0
154.0
149.0
163.0
162.0
153.0
162.0
153.0
160.0
158.0
163.0
159.0
158.0
153.0
156.0
153.0
158.0
164.0
156.0
160.0
162.0
157.0
150.0
163.0
157.0
159.0
160.0
164.0
163.0
156.0
159.0
157.0
155.0
169.0
154.0
158.0
157.0
157.0
161.0
157.0
170.0
161.0
162.0
178.0
163.0
158.0
164.0
151.0
161.0
157.0
151.0
180.0
154.0
160.0
157.0
150.0
158.0
164.0
154.0
167.0
156.0
157.0
168.0
164.0
168.0
155.0
159.0
157.0
187.0
186.0
159.0
160.0
155.0
153.0
153.0
154.0
159.0
157.0
164.0
163.0
160.0
162.0
160.0
156.0
161.0
171.0
162.0
165.0
157.0
159.0
165.0
154.0
159.0
154.0
157.0
154.0
156.0
163.0
161.0
172.0
159.0
158.0
160.0
152.0
159.0
158.0
152.0
161.0
164.0
160.0
161.0
167.0
163.0
157.0
155.0
150.0
153.0
171.0
158.0
156.0
166.0
157.0
157.0
160.0
161.0
158.0
155.0
157.0
160.0
160.0
153.0
160.0
160.0
161.0
160.0
159.0
155.0
158.0
160.0
159.0
155.0
184.0
156.0
157.0
157.0
164.0
168.0
168.0
158.0
162.0
156.0
172.0
153.0
165.0
159.0
155.0
174.0
160.0
158.0
177.0
172.0
162.0
167.0
162.0
165.0
164.0
170.0
151.0
156.0
160.0
161.0
158.0
147.0
163.0
153.0
158.0
155.0
172.0
158.0
152.0
160.0
156.0
151.0
176.0
166.0
168.0
167.0
152.0
163.0
154.0
158.0
157.0
153.0
166.0
166.0
161.0
159.0
167.0
156.0
157.0
160.0
157.0
161.0
159.0
165.0
161.0
172.0
158.0
160.0
157.0
160.0
149.0
157.0
160.0
152.0
153.0
157.0
160.0
158.0
169.0
163.0
161.0
153.0
157.0
163.0
162.0
149.0
158.0
159.0
162.0
159.0
156.0
154.0
156.0
149.0
158.0
156.0
166.0
169.0
157.0
154.0
153.0
162.0
160.0
161.0
157.0
155.0
162.0
165.0
154.0
181.0
152.0
163.0
162.0
151.0
159.0
158.0
150.0
162.0
163.0
169.0
165.0
158.0
164.0
166.0
159.0
160.0
153.0
159.0
161.0
169.0
160.0
156.0
160.0
153.0
156.0
157.0
158.0
160.0
163.0
159.0
166.0
152.0
160.0
156.0
174.0
155.0
166.0
167.0
168.0
176.0
163.0
161.0
160.0
158.0
155.0
155.0
171.0
168.0
178.0
163.0
155.0
160.0
160.0
161.0
153.0
167.0
156.0
156.0
153.0
177.0
163.0
159.0
169.0
160.0
163.0
160.0
158.0
158.0
162.0
179.0
155.0
160.0
159.0
158.0
150.0
178.0
152.0
158.0
166.0
156.0
159.0
159.0
168.0
158.0
152.0
153.0
160.0
170.0
161.0
157.0
167.0
156.0
150.0
170.0
164.0
164.0
156.0
159.0
165.0
163.0
159.0
173.0
156.0
162.0
158.0
166.0
160.0
160.0
162.0
156.0
171.0
154.0
173.0
153.0
156.0
161.0
152.0
160.0
158.0
179.0
157.0
155.0
157.0
195.0
154.0
154.0
161.0
158.0
181.0
165.0
159.0
156.0
171.0
