158.0
151.0
154.0
144.0
147.0
161.0
158.0
152.0
159.0
143.0
155.0
152.0
149.0
148.0
152.0
150.0
150.0
145.0
149.0
148.0
151.0
144.0
149.0
157.0
152.0
152.0
148.0
150.0
151.0
147.0
144.0
148.0
151.0
143.0
150.0
144.0
146.0
154.0
152.0
150.0
154.0
146.0
146.0
143.0
146.0
144.0
145.0
148.0
157.0
152.0
150.0
149.0
151.0
154.0
153.0
160.0
145.0
150.0
147.0
149.0
154.0
144.0
154.0
147.0
153.0
143.0
145.0
150.0
172.0
146.0
166.0
149.0
149.0
154.0
148.0
149.0
146.0
150.0
155.0
156.0
143.0
145.0
144.0
144.0
152.0
144.0
147.0
155.0
152.0
152.0
154.0
144.0
151.0
151.0
150.0
161.0
153.0
141.0
148.0
155.0
147.0
150.0
151.0
143.0
147.0
148.0
144.0
142.0
146.0
157.0
147.0
155.0
143.0
151.0
149.0
144.0
170.0
148.0
148.0
145.0
142.0
143.0
147.0
150.0
149.0
161.0
144.0
159.0
149.0
160.0
149.0
155.0
148.0
148.0
145.0
143.0
147.0
153.0
150.0
147.0
148.0
151.0
152.0
152.0
145.0
153.0
147.0
149.0
152.0
149.0
137.0
158.0
162.0
149.0
149.0
148.0
157.0
157.0
156.0
145.0
158.0
147.0
150.0
158.0
146.0
160.0
165.0
158.0
147.0
152.0
156.0
148.0
148.0
151.0
147.0
150.0
142.0
150.0
149.0
157.0
166.0
148.0
151.0
148.0
144.0
145.0
141.0
143.0
143.0
157.0
149.0
146.0
167.0
147.0
148.0
153.0
145.0
162.0
146.0
152.0
152.0
154.0
147.0
146.0
145.0
151.0
153.0
146.0
158.0
147.0
147.0
151.0
169.0
149.0
156.0
150.0
152.0
143.0
152.0
146.0
142.0
146.0
145.0
155.0
149.0
152.0
157.0
159.0
145.0
151.0
155.0
166.0
161.0
147.0
152.0
151.0
152.0
153.0
151.0
142.0
142.0
152.0
145.0
145.0
146.0
151.0
156.0
154.0
151.0
160.0
146.0
142.0
151.0
167.0
160.0
150.0
166.0
151.0
155.0
148.0
143.0
152.0
146.0
148.0
146.0
146.0
148.0
148.0
147.0
153.0
159.0
156.0
142.0
153.0
143.0
153.0
152.0
147.0
171.0
148.0
151.0
145.0
149.0
144.0
150.0
153.0
151.0
152.0
151.0
149.0
147.0
147.0
147.0
152.0
150.0
148.0
147.0
146.0
146.0
150.0
157.0
149.0
145.0
164.0
148.0
158.0
175.0
146.0
146.0
159.0
148.0
142.0
159.0
147.0
156.0
146.0
151.0
154.0
160.0
139.0
148.0
150.0
144.0
152.0
144.0
144.0
150.0
160.0
155.0
145.0
155.0
146.0
145.0
154.0
161.0
152.0
158.0
146.0
147.0
152.0
147.0
145.0
156.0
154.0
144.0
151.0
150.0
140.0
141.0
149.0
147.0
147.0
149.0
146.0
159.0
151.0
150.0
152.0
148.0
149.0
153.0
144.0
153.0
139.0
142.0
147.0
152.0
153.0
147.0
145.0
145.0
150.0
144.0
146.0
155.0
149.0
150.0
159.0
148.0
152.0
148.0
141.0
144.0
150.0
155.0
153.0
148.0
143.0
157.0
154.0
144.0
144.0
156.0
157.0
156.0
154.0
164.0
150.0
148.0
147.0
147.0
145.0
159.0
160.0
148.0
148.0
148.0
152.0
147.0
153.0
148.0
147.0
153.0
156.0
148.0
147.0
151.0
153.0
146.0
150.0
154.0
147.0
161.0
148.0
157.0
154.0
152.0
155.0
145.0
148.0
155.0
150.0
145.0
149.0
151.0
156.0
151.0
143.0
147.0
162.0
156.0
151.0
147.0
140.0
143.0
150.0
152.0
149.0
147.0
144.0
151.0
152.0
147.0
150.0
146.0
151.0
147.0
146.0
144.0
155.0
143.0
153.0
157.0
149.0
144.0
151.0
147.0
150.0
142.0
160.0
146.0
147.0
149.0
153.0
152.0
151.0
149.0
145.0
141.0
141.0
150.0
148.0
145.0
147.0
164.0
167.0
147.0
146.0
153.0
148.0
153.0
146.0
161.0
149.0
150.0
154.0
150.0
157.0
149.0
153.0
