201.0
147.0
174.0
197.0
165.0
165.0
159.0
141.0
166.0
164.0
107.0
137.0
165.0
157.0
200.0
165.0
160.0
130.0
144.0
159.0
194.0
144.0
150.0
155.0
163.0
162.0
154.0
182.0
156.0
150.0
155.0
135.0
171.0
147.0
161.0
181.0
158.0
154.0
160.0
156.0
161.0
209.0
152.0
190.0
120.0
183.0
158.0
144.0
163.0
160.0
164.0
141.0
144.0
159.0
158.0
161.0
160.0
140.0
165.0
164.0
202.0
163.0
120.0
155.0
179.0
158.0
174.0
142.0
147.0
152.0
139.0
148.0
160.0
152.0
170.0
162.0
156.0
116.0
149.0
164.0
163.0
155.0
159.0
165.0
175.0
161.0
144.0
139.0
160.0
167.0
148.0
157.0
161.0
172.0
161.0
162.0
161.0
150.0
160.0
165.0
152.0
152.0
151.0
155.0
150.0
154.0
120.0
182.0
167.0
150.0
152.0
206.0
157.0
170.0
150.0
157.0
170.0
162.0
107.0
158.0
200.0
171.0
161.0
162.0
155.0
157.0
154.0
164.0
155.0
133.0
175.0
184.0
162.0
168.0
163.0
168.0
126.0
159.0
162.0
165.0
157.0
138.0
173.0
163.0
157.0
155.0
158.0
122.0
159.0
164.0
142.0
166.0
161.0
156.0
163.0
171.0
162.0
145.0
159.0
153.0
161.0
160.0
157.0
164.0
160.0
138.0
158.0
117.0
148.0
163.0
158.0
154.0
161.0
159.0
152.0
169.0
148.0
122.0
172.0
149.0
155.0
146.0
154.0
156.0
141.0
162.0
156.0
169.0
188.0
141.0
149.0
172.0
177.0
171.0
148.0
169.0
166.0
148.0
138.0
157.0
173.0
160.0
151.0
154.0
138.0
156.0
162.0
140.0
168.0
154.0
136.0
159.0
165.0
146.0
161.0
156.0
140.0
160.0
145.0
148.0
155.0
115.0
165.0
158.0
161.0
170.0
153.0
142.0
166.0
150.0
144.0
179.0
170.0
197.0
152.0
150.0
172.0
176.0
150.0
157.0
162.0
155.0
151.0
156.0
157.0
169.0
124.0
159.0
153.0
118.0
148.0
170.0
150.0
160.0
143.0
160.0
146.0
128.0
183.0
147.0
124.0
150.0
139.0
165.0
141.0
153.0
140.0
148.0
159.0
166.0
159.0
161.0
158.0
157.0
160.0
198.0
166.0
174.0
156.0
146.0
155.0
151.0
140.0
141.0
153.0
183.0
170.0
159.0
151.0
160.0
175.0
155.0
148.0
145.0
148.0
150.0
164.0
150.0
170.0
167.0
175.0
171.0
161.0
168.0
168.0
163.0
160.0
143.0
164.0
140.0
154.0
170.0
153.0
148.0
149.0
140.0
166.0
155.0
164.0
151.0
151.0
146.0
171.0
157.0
170.0
167.0
160.0
201.0
165.0
140.0
154.0
156.0
160.0
173.0
171.0
142.0
157.0
150.0
163.0
145.0
152.0
149.0
163.0
170.0
162.0
162.0
161.0
155.0
145.0
164.0
161.0
166.0
169.0
161.0
160.0
155.0
161.0
156.0
127.0
155.0
161.0
157.0
145.0
159.0
173.0
152.0
165.0
165.0
143.0
149.0
158.0
162.0
134.0
140.0
121.0
146.0
165.0
146.0
162.0
163.0
162.0
175.0
155.0
137.0
161.0
169.0
157.0
156.0
161.0
136.0
138.0
179.0
169.0
148.0
175.0
151.0
166.0
157.0
122.0
167.0
145.0
142.0
124.0
158.0
160.0
171.0
163.0
143.0
170.0
157.0
158.0
163.0
153.0
125.0
129.0
143.0
145.0
155.0
146.0
144.0
111.0
145.0
159.0
153.0
189.0
201.0
160.0
117.0
132.0
167.0
145.0
191.0
152.0
166.0
159.0
143.0
143.0
142.0
159.0
147.0
159.0
157.0
186.0
169.0
171.0
146.0
162.0
117.0
203.0
164.0
161.0
159.0
162.0
154.0
147.0
146.0
140.0
166.0
153.0
153.0
158.0
155.0
179.0
170.0
147.0
170.0
150.0
170.0
161.0
168.0
151.0
172.0
156.0
126.0
149.0
142.0
160.0
175.0
146.0
159.0
162.0
151.0
154.0
145.0
159.0
169.0
166.0
152.0
166.0
165.0
155.0
145.0
152.0
171.0
161.0
169.0
185.0
153.0
164.0
171.0
