178.0
159.0
169.0
197.0
207.0
161.0
200.0
193.0
191.0
155.0
158.0
198.0
201.0
195.0
193.0
197.0
162.0
172.0
199.0
168.0
197.0
190.0
167.0
187.0
181.0
199.0
154.0
167.0
208.0
172.0
205.0
164.0
207.0
164.0
178.0
195.0
200.0
196.0
199.0
192.0
198.0
210.0
198.0
155.0
157.0
168.0
207.0
153.0
198.0
166.0
159.0
202.0
174.0
166.0
202.0
196.0
191.0
166.0
160.0
158.0
193.0
193.0
191.0
207.0
198.0
159.0
191.0
191.0
195.0
188.0
200.0
199.0
164.0
208.0
190.0
195.0
206.0
193.0
168.0
192.0
162.0
194.0
203.0
205.0
158.0
196.0
195.0
203.0
162.0
159.0
195.0
200.0
164.0
164.0
198.0
194.0
173.0
200.0
160.0
198.0
176.0
196.0
208.0
196.0
196.0
201.0
203.0
157.0
191.0
206.0
201.0
153.0
188.0
199.0
163.0
202.0
189.0
161.0
172.0
207.0
198.0
168.0
203.0
172.0
160.0
191.0
192.0
198.0
201.0
174.0
190.0
159.0
195.0
155.0
193.0
204.0
208.0
201.0
160.0
206.0
174.0
206.0
169.0
205.0
182.0
205.0
189.0
208.0
169.0
160.0
171.0
196.0
206.0
201.0
200.0
158.0
199.0
163.0
160.0
195.0
207.0
195.0
200.0
158.0
190.0
163.0
198.0
191.0
165.0
197.0
157.0
188.0
199.0
189.0
154.0
195.0
205.0
168.0
191.0
196.0
203.0
196.0
191.0
161.0
188.0
203.0
154.0
194.0
196.0
200.0
162.0
192.0
193.0
200.0
199.0
200.0
184.0
162.0
169.0
162.0
202.0
194.0
190.0
190.0
195.0
206.0
189.0
200.0
190.0
187.0
174.0
161.0
199.0
191.0
166.0
201.0
196.0
198.0
164.0
197.0
159.0
170.0
160.0
157.0
156.0
208.0
163.0
192.0
156.0
188.0
204.0
192.0
198.0
162.0
193.0
202.0
188.0
170.0
185.0
155.0
195.0
192.0
158.0
203.0
206.0
203.0
196.0
192.0
186.0
156.0
207.0
160.0
156.0
168.0
208.0
205.0
195.0
158.0
163.0
200.0
208.0
168.0
195.0
203.0
155.0
162.0
162.0
208.0
192.0
202.0
196.0
207.0
199.0
160.0
189.0
192.0
157.0
163.0
159.0
165.0
202.0
187.0
211.0
189.0
165.0
197.0
160.0
204.0
198.0
191.0
159.0
160.0
186.0
207.0
201.0
158.0
203.0
197.0
172.0
182.0
206.0
203.0
159.0
171.0
168.0
160.0
163.0
195.0
187.0
203.0
158.0
197.0
180.0
186.0
195.0
194.0
162.0
196.0
192.0
201.0
161.0
195.0
201.0
205.0
152.0
201.0
186.0
198.0
166.0
202.0
205.0
192.0
197.0
193.0
207.0
203.0
200.0
202.0
159.0
200.0
195.0
193.0
197.0
205.0
198.0
189.0
160.0
169.0
193.0
160.0
194.0
207.0
197.0
167.0
199.0
154.0
165.0
158.0
165.0
166.0
191.0
196.0
200.0
183.0
194.0
193.0
195.0
193.0
198.0
158.0
185.0
161.0
204.0
197.0
196.0
206.0
185.0
207.0
161.0
198.0
194.0
160.0
202.0
167.0
197.0
163.0
195.0
157.0
192.0
164.0
193.0
164.0
153.0
187.0
162.0
196.0
204.0
162.0
202.0
159.0
207.0
201.0
187.0
180.0
167.0
203.0
203.0
163.0
201.0
197.0
192.0
200.0
190.0
195.0
174.0
202.0
165.0
156.0
172.0
154.0
160.0
190.0
199.0
194.0
162.0
200.0
200.0
187.0
160.0
199.0
165.0
197.0
162.0
201.0
160.0
195.0
191.0
198.0
195.0
199.0
161.0
198.0
205.0
154.0
198.0
195.0
204.0
166.0
154.0
201.0
187.0
208.0
193.0
167.0
165.0
195.0
156.0
202.0
183.0
209.0
196.0
197.0
157.0
194.0
159.0
190.0
204.0
194.0
168.0
161.0
197.0
191.0
188.0
191.0
195.0
195.0
193.0
186.0
197.0
197.0
208.0
200.0
196.0
202.0
198.0
157.0
202.0
190.0
154.0
184.0
199.0
162.0
158.0
165.0
205.0
203.0
192.0
169.0
194.0
158.0
