156.0
132.0
144.0
138.0
143.0
156.0
157.0
177.0
168.0
142.0
140.0
173.0
152.0
138.0
136.0
155.0
160.0
179.0
168.0
142.0
155.0
159.0
157.0
136.0
157.0
134.0
149.0
158.0
133.0
150.0
162.0
157.0
134.0
152.0
147.0
145.0
165.0
149.0
167.0
158.0
151.0
174.0
145.0
138.0
163.0
133.0
159.0
141.0
167.0
151.0
144.0
174.0
187.0
152.0
171.0
140.0
132.0
112.0
172.0
150.0
144.0
146.0
141.0
151.0
141.0
145.0
130.0
155.0
156.0
145.0
166.0
143.0
149.0
144.0
162.0
131.0
156.0
174.0
160.0
131.0
150.0
178.0
174.0
145.0
152.0
154.0
233.0
144.0
153.0
167.0
154.0
162.0
154.0
151.0
186.0
143.0
150.0
147.0
136.0
155.0
158.0
157.0
149.0
192.0
138.0
170.0
166.0
175.0
145.0
140.0
158.0
141.0
150.0
133.0
132.0
160.0
163.0
134.0
135.0
157.0
145.0
148.0
141.0
144.0
179.0
163.0
176.0
133.0
163.0
143.0
152.0
142.0
163.0
156.0
167.0
148.0
140.0
150.0
146.0
162.0
168.0
175.0
134.0
136.0
190.0
143.0
137.0
151.0
147.0
159.0
164.0
146.0
124.0
154.0
142.0
121.0
134.0
143.0
164.0
171.0
168.0
148.0
161.0
171.0
161.0
141.0
174.0
164.0
128.0
138.0
149.0
136.0
189.0
150.0
173.0
163.0
163.0
180.0
151.0
140.0
136.0
135.0
155.0
158.0
121.0
136.0
146.0
156.0
154.0
150.0
164.0
159.0
138.0
137.0
136.0
131.0
142.0
195.0
154.0
109.0
150.0
155.0
148.0
169.0
142.0
130.0
150.0
168.0
170.0
136.0
164.0
164.0
152.0
130.0
148.0
141.0
167.0
157.0
151.0
156.0
168.0
178.0
193.0
163.0
168.0
150.0
140.0
179.0
171.0
145.0
149.0
168.0
171.0
149.0
168.0
161.0
153.0
177.0
146.0
205.0
151.0
139.0
142.0
151.0
170.0
182.0
134.0
162.0
141.0
137.0
152.0
152.0
148.0
175.0
151.0
162.0
174.0
135.0
152.0
169.0
170.0
147.0
157.0
140.0
156.0
148.0
154.0
145.0
153.0
139.0
132.0
157.0
197.0
166.0
141.0
143.0
178.0
168.0
142.0
127.0
140.0
141.0
152.0
138.0
180.0
159.0
142.0
154.0
154.0
111.0
129.0
147.0
166.0
162.0
153.0
131.0
181.0
142.0
162.0
152.0
162.0
145.0
169.0
174.0
154.0
122.0
127.0
145.0
155.0
181.0
202.0
156.0
162.0
141.0
149.0
165.0
159.0
163.0
158.0
144.0
149.0
157.0
145.0
196.0
145.0
173.0
146.0
153.0
232.0
139.0
184.0
148.0
172.0
156.0
148.0
161.0
145.0
147.0
141.0
127.0
157.0
185.0
145.0
141.0
134.0
133.0
165.0
158.0
154.0
125.0
147.0
142.0
161.0
146.0
145.0
155.0
128.0
154.0
130.0
177.0
163.0
153.0
150.0
155.0
145.0
166.0
152.0
146.0
156.0
151.0
149.0
172.0
182.0
141.0
131.0
137.0
158.0
149.0
156.0
160.0
147.0
156.0
181.0
150.0
193.0
163.0
164.0
166.0
144.0
193.0
163.0
153.0
146.0
156.0
134.0
133.0
234.0
177.0
158.0
144.0
159.0
160.0
139.0
134.0
155.0
141.0
164.0
174.0
153.0
172.0
153.0
175.0
153.0
170.0
159.0
137.0
162.0
141.0
144.0
143.0
161.0
120.0
141.0
193.0
157.0
183.0
148.0
152.0
160.0
142.0
156.0
204.0
170.0
131.0
162.0
153.0
158.0
130.0
154.0
162.0
136.0
160.0
152.0
152.0
192.0
167.0
158.0
141.0
144.0
158.0
150.0
143.0
141.0
158.0
137.0
139.0
164.0
207.0
176.0
160.0
150.0
167.0
131.0
159.0
135.0
144.0
152.0
167.0
146.0
160.0
149.0
175.0
141.0
167.0
182.0
129.0
141.0
146.0
149.0
163.0
147.0
147.0
154.0
154.0
151.0
169.0
153.0
160.0
119.0
196.0
132.0
156.0
161.0
141.0
163.0
142.0
146.0
183.0
186.0
172.0
