155.0
139.0
154.0
172.0
147.0
194.0
160.0
180.0
137.0
153.0
164.0
208.0
179.0
150.0
160.0
179.0
152.0
159.0
197.0
180.0
139.0
146.0
169.0
176.0
182.0
177.0
174.0
189.0
157.0
141.0
148.0
166.0
146.0
152.0
150.0
147.0
177.0
144.0
167.0
179.0
183.0
178.0
134.0
155.0
190.0
189.0
181.0
174.0
151.0
135.0
159.0
153.0
142.0
190.0
148.0
141.0
156.0
249.0
151.0
190.0
166.0
137.0
174.0
153.0
171.0
169.0
139.0
179.0
137.0
169.0
138.0
169.0
203.0
171.0
146.0
146.0
167.0
186.0
160.0
186.0
168.0
169.0
165.0
161.0
140.0
152.0
142.0
242.0
130.0
162.0
167.0
182.0
182.0
161.0
168.0
165.0
145.0
167.0
150.0
173.0
141.0
133.0
169.0
149.0
157.0
183.0
163.0
194.0
150.0
171.0
146.0
174.0
137.0
135.0
186.0
192.0
209.0
135.0
146.0
191.0
148.0
192.0
151.0
180.0
233.0
160.0
168.0
147.0
130.0
177.0
173.0
128.0
151.0
140.0
181.0
188.0
145.0
165.0
169.0
212.0
145.0
181.0
178.0
168.0
172.0
143.0
131.0
183.0
154.0
153.0
134.0
185.0
136.0
184.0
140.0
162.0
170.0
193.0
176.0
149.0
151.0
177.0
173.0
132.0
139.0
143.0
178.0
141.0
206.0
171.0
165.0
201.0
165.0
191.0
142.0
159.0
129.0
165.0
160.0
158.0
278.0
162.0
172.0
160.0
178.0
148.0
171.0
213.0
183.0
166.0
177.0
146.0
168.0
193.0
152.0
144.0
147.0
180.0
160.0
168.0
193.0
148.0
169.0
170.0
201.0
226.0
166.0
149.0
149.0
139.0
157.0
143.0
196.0
290.0
174.0
142.0
199.0
164.0
171.0
128.0
179.0
154.0
157.0
171.0
175.0
187.0
147.0
162.0
159.0
168.0
174.0
159.0
225.0
166.0
167.0
138.0
155.0
173.0
178.0
190.0
187.0
234.0
142.0
163.0
150.0
159.0
151.0
168.0
151.0
185.0
169.0
162.0
169.0
154.0
201.0
143.0
181.0
150.0
182.0
181.0
146.0
134.0
136.0
264.0
145.0
200.0
159.0
162.0
160.0
159.0
173.0
160.0
130.0
174.0
161.0
150.0
162.0
189.0
165.0
178.0
173.0
139.0
137.0
180.0
173.0
180.0
153.0
144.0
155.0
148.0
187.0
157.0
165.0
236.0
149.0
163.0
155.0
137.0
198.0
167.0
177.0
156.0
145.0
187.0
179.0
226.0
141.0
182.0
140.0
175.0
136.0
168.0
159.0
137.0
183.0
164.0
171.0
167.0
196.0
159.0
182.0
166.0
178.0
164.0
212.0
160.0
149.0
192.0
160.0
142.0
173.0
138.0
142.0
149.0
137.0
152.0
179.0
186.0
175.0
245.0
142.0
203.0
172.0
159.0
148.0
162.0
163.0
220.0
177.0
150.0
155.0
143.0
169.0
155.0
156.0
132.0
178.0
170.0
154.0
183.0
144.0
169.0
150.0
173.0
164.0
176.0
174.0
136.0
154.0
155.0
164.0
169.0
156.0
168.0
198.0
138.0
159.0
142.0
188.0
153.0
177.0
175.0
169.0
147.0
188.0
165.0
172.0
175.0
149.0
160.0
171.0
186.0
192.0
165.0
156.0
179.0
148.0
146.0
159.0
199.0
188.0
157.0
161.0
155.0
163.0
145.0
188.0
156.0
156.0
150.0
132.0
225.0
134.0
177.0
190.0
187.0
141.0
135.0
172.0
166.0
161.0
173.0
155.0
147.0
149.0
169.0
209.0
163.0
179.0
188.0
167.0
185.0
164.0
175.0
171.0
144.0
169.0
162.0
180.0
162.0
141.0
186.0
151.0
188.0
166.0
189.0
150.0
187.0
166.0
189.0
142.0
167.0
155.0
165.0
171.0
142.0
152.0
146.0
147.0
132.0
141.0
133.0
182.0
181.0
165.0
142.0
170.0
154.0
137.0
183.0
172.0
141.0
135.0
150.0
180.0
142.0
189.0
155.0
143.0
211.0
142.0
151.0
165.0
160.0
173.0
138.0
141.0
151.0
167.0
195.0
174.0
155.0
135.0
200.0
157.0
154.0
164.0
144.0
172.0
199.0
