218.0
227.0
232.0
164.0
231.0
192.0
188.0
214.0
208.0
199.0
187.0
196.0
197.0
187.0
202.0
208.0
245.0
185.0
170.0
199.0
235.0
215.0
225.0
214.0
210.0
225.0
290.0
259.0
228.0
239.0
274.0
224.0
192.0
197.0
221.0
238.0
233.0
201.0
196.0
253.0
212.0
247.0
207.0
226.0
204.0
225.0
228.0
208.0
183.0
183.0
187.0
192.0
204.0
194.0
203.0
207.0
161.0
215.0
251.0
198.0
255.0
210.0
190.0
253.0
267.0
235.0
184.0
191.0
238.0
227.0
193.0
232.0
243.0
229.0
230.0
213.0
205.0
215.0
261.0
284.0
231.0
194.0
188.0
212.0
242.0
208.0
189.0
193.0
224.0
260.0
245.0
229.0
260.0
266.0
198.0
202.0
198.0
232.0
174.0
249.0
208.0
222.0
205.0
162.0
205.0
209.0
203.0
208.0
204.0
239.0
229.0
327.0
258.0
233.0
212.0
202.0
211.0
203.0
201.0
192.0
231.0
217.0
202.0
215.0
258.0
256.0
193.0
194.0
174.0
245.0
233.0
237.0
225.0
197.0
273.0
173.0
197.0
222.0
283.0
232.0
218.0
196.0
253.0
216.0
213.0
249.0
205.0
304.0
200.0
206.0
219.0
251.0
216.0
231.0
193.0
232.0
218.0
193.0
250.0
260.0
263.0
227.0
249.0
196.0
167.0
214.0
228.0
210.0
267.0
227.0
204.0
205.0
199.0
244.0
255.0
225.0
216.0
248.0
211.0
227.0
194.0
215.0
233.0
209.0
215.0
278.0
213.0
228.0
169.0
221.0
212.0
267.0
286.0
245.0
195.0
188.0
232.0
214.0
223.0
223.0
228.0
235.0
286.0
192.0
206.0
299.0
255.0
251.0
255.0
180.0
221.0
186.0
225.0
220.0
223.0
189.0
206.0
207.0
191.0
231.0
203.0
240.0
164.0
262.0
227.0
300.0
201.0
206.0
246.0
222.0
230.0
223.0
213.0
214.0
267.0
196.0
241.0
246.0
220.0
240.0
221.0
194.0
237.0
201.0
194.0
245.0
259.0
249.0
191.0
165.0
232.0
214.0
200.0
261.0
227.0
193.0
228.0
197.0
287.0
223.0
270.0
190.0
166.0
164.0
218.0
284.0
211.0
195.0
194.0
248.0
208.0
208.0
191.0
215.0
290.0
218.0
261.0
220.0
251.0
181.0
238.0
238.0
221.0
202.0
217.0
249.0
265.0
216.0
173.0
217.0
208.0
280.0
208.0
210.0
223.0
205.0
233.0
224.0
207.0
200.0
192.0
236.0
200.0
167.0
205.0
219.0
190.0
216.0
236.0
206.0
201.0
203.0
172.0
240.0
220.0
189.0
237.0
210.0
218.0
196.0
202.0
204.0
166.0
200.0
193.0
189.0
306.0
207.0
213.0
199.0
213.0
234.0
199.0
266.0
228.0
233.0
163.0
214.0
273.0
201.0
209.0
236.0
201.0
193.0
257.0
175.0
213.0
273.0
216.0
231.0
192.0
184.0
196.0
220.0
192.0
211.0
206.0
217.0
254.0
172.0
201.0
250.0
253.0
189.0
276.0
229.0
205.0
236.0
263.0
201.0
214.0
207.0
216.0
223.0
264.0
202.0
226.0
195.0
197.0
209.0
242.0
199.0
230.0
181.0
189.0
198.0
317.0
222.0
248.0
209.0
227.0
233.0
182.0
231.0
244.0
171.0
202.0
193.0
216.0
206.0
206.0
209.0
214.0
218.0
235.0
218.0
191.0
218.0
191.0
196.0
194.0
213.0
166.0
176.0
169.0
215.0
226.0
247.0
213.0
232.0
251.0
229.0
262.0
265.0
259.0
212.0
219.0
207.0
224.0
247.0
195.0
257.0
192.0
255.0
233.0
219.0
197.0
231.0
237.0
242.0
207.0
212.0
166.0
168.0
251.0
206.0
188.0
286.0
195.0
207.0
193.0
267.0
303.0
210.0
232.0
207.0
245.0
227.0
234.0
205.0
215.0
193.0
187.0
213.0
208.0
276.0
284.0
231.0
217.0
242.0
254.0
232.0
237.0
167.0
161.0
233.0
224.0
257.0
269.0
269.0
212.0
199.0
241.0
278.0
265.0
183.0
215.0
206.0
202.0
230.0
302.0
230.0
187.0
268.0
199.0
237.0
237.0
213.0
205.0
180.0
