139.0
133.0
123.0
135.0
126.0
134.0
139.0
132.0
133.0
126.0
123.0
116.0
132.0
131.0
126.0
143.0
121.0
134.0
129.0
120.0
123.0
142.0
131.0
145.0
125.0
140.0
139.0
117.0
127.0
139.0
126.0
122.0
133.0
133.0
129.0
131.0
127.0
143.0
126.0
133.0
125.0
136.0
124.0
128.0
122.0
127.0
127.0
127.0
138.0
134.0
134.0
140.0
133.0
139.0
142.0
128.0
141.0
129.0
144.0
126.0
131.0
129.0
126.0
125.0
134.0
127.0
125.0
142.0
126.0
129.0
129.0
128.0
116.0
140.0
123.0
137.0
128.0
131.0
128.0
126.0
137.0
134.0
144.0
120.0
124.0
123.0
122.0
133.0
123.0
139.0
131.0
121.0
130.0
132.0
125.0
143.0
122.0
135.0
119.0
128.0
121.0
127.0
129.0
127.0
124.0
136.0
149.0
126.0
126.0
127.0
125.0
138.0
126.0
142.0
126.0
126.0
130.0
125.0
129.0
136.0
124.0
123.0
131.0
145.0
118.0
124.0
133.0
122.0
126.0
131.0
132.0
134.0
129.0
124.0
130.0
125.0
133.0
132.0
142.0
123.0
137.0
123.0
135.0
126.0
123.0
126.0
121.0
134.0
125.0
132.0
128.0
128.0
126.0
126.0
142.0
124.0
122.0
134.0
126.0
119.0
119.0
127.0
124.0
141.0
130.0
122.0
123.0
126.0
124.0
128.0
127.0
128.0
139.0
123.0
122.0
122.0
130.0
124.0
120.0
123.0
131.0
135.0
127.0
132.0
126.0
123.0
127.0
126.0
124.0
126.0
148.0
127.0
131.0
122.0
132.0
137.0
138.0
123.0
125.0
126.0
126.0
145.0
131.0
132.0
132.0
124.0
131.0
125.0
120.0
122.0
134.0
137.0
129.0
127.0
126.0
128.0
130.0
136.0
122.0
148.0
122.0
134.0
127.0
144.0
132.0
124.0
127.0
130.0
142.0
150.0
128.0
121.0
139.0
128.0
120.0
126.0
129.0
127.0
129.0
126.0
130.0
140.0
144.0
134.0
126.0
119.0
122.0
127.0
127.0
128.0
124.0
135.0
122.0
125.0
132.0
122.0
125.0
123.0
125.0
127.0
133.0
120.0
145.0
137.0
132.0
126.0
126.0
133.0
143.0
124.0
123.0
124.0
131.0
134.0
131.0
144.0
122.0
134.0
121.0
122.0
134.0
130.0
128.0
132.0
141.0
131.0
129.0
144.0
132.0
125.0
121.0
123.0
136.0
132.0
119.0
139.0
129.0
131.0
147.0
131.0
126.0
141.0
127.0
127.0
140.0
125.0
118.0
124.0
116.0
131.0
127.0
131.0
126.0
129.0
124.0
140.0
132.0
126.0
135.0
114.0
125.0
127.0
144.0
133.0
137.0
133.0
146.0
147.0
130.0
128.0
124.0
127.0
128.0
127.0
135.0
135.0
133.0
124.0
130.0
142.0
139.0
128.0
128.0
129.0
133.0
120.0
128.0
125.0
136.0
129.0
124.0
125.0
128.0
141.0
133.0
133.0
121.0
122.0
135.0
121.0
126.0
124.0
143.0
129.0
121.0
142.0
122.0
136.0
132.0
147.0
138.0
125.0
131.0
131.0
120.0
123.0
135.0
125.0
140.0
123.0
126.0
121.0
122.0
129.0
130.0
135.0
123.0
129.0
146.0
121.0
137.0
131.0
124.0
147.0
132.0
132.0
141.0
132.0
128.0
120.0
130.0
147.0
121.0
117.0
131.0
124.0
118.0
126.0
123.0
130.0
126.0
127.0
141.0
128.0
127.0
119.0
122.0
130.0
126.0
138.0
125.0
135.0
126.0
134.0
133.0
142.0
140.0
130.0
142.0
140.0
126.0
134.0
137.0
135.0
136.0
123.0
134.0
130.0
126.0
124.0
132.0
145.0
135.0
128.0
130.0
124.0
127.0
118.0
126.0
121.0
126.0
130.0
133.0
123.0
140.0
141.0
142.0
122.0
127.0
123.0
131.0
134.0
123.0
135.0
118.0
125.0
123.0
127.0
136.0
128.0
125.0
128.0
130.0
125.0
124.0
122.0
128.0
121.0
132.0
120.0
133.0
130.0
117.0
139.0
129.0
129.0
123.0
133.0
139.0
129.0
129.0
136.0
126.0
133.0
133.0
125.0
122.0
135.0
124.0
127.0
