199.0
60.0
211.0
172.0
191.0
196.0
194.0
151.0
218.0
213.0
216.0
188.0
181.0
199.0
192.0
213.0
191.0
104.0
202.0
207.0
201.0
177.0
138.0
215.0
113.0
189.0
216.0
169.0
193.0
180.0
203.0
185.0
204.0
222.0
163.0
159.0
72.0
193.0
154.0
193.0
168.0
184.0
192.0
196.0
203.0
92.0
112.0
211.0
196.0
187.0
197.0
208.0
104.0
192.0
188.0
86.0
162.0
189.0
204.0
193.0
56.0
174.0
193.0
211.0
188.0
213.0
197.0
208.0
194.0
55.0
189.0
205.0
92.0
53.0
198.0
208.0
178.0
199.0
88.0
202.0
225.0
214.0
199.0
105.0
197.0
205.0
195.0
102.0
232.0
209.0
213.0
212.0
177.0
236.0
185.0
187.0
174.0
214.0
204.0
199.0
208.0
142.0
142.0
174.0
199.0
183.0
177.0
53.0
140.0
219.0
206.0
184.0
83.0
218.0
189.0
189.0
183.0
190.0
183.0
216.0
70.0
193.0
202.0
192.0
208.0
218.0
209.0
207.0
203.0
206.0
181.0
165.0
211.0
147.0
162.0
151.0
203.0
53.0
170.0
229.0
210.0
204.0
198.0
57.0
218.0
210.0
199.0
198.0
97.0
207.0
192.0
190.0
54.0
86.0
193.0
199.0
201.0
187.0
98.0
228.0
210.0
216.0
229.0
209.0
58.0
192.0
247.0
211.0
185.0
103.0
202.0
219.0
93.0
182.0
62.0
178.0
209.0
204.0
86.0
182.0
195.0
48.0
208.0
228.0
196.0
216.0
197.0
194.0
217.0
84.0
135.0
192.0
65.0
63.0
218.0
224.0
235.0
213.0
209.0
190.0
146.0
189.0
168.0
192.0
100.0
228.0
176.0
206.0
201.0
208.0
186.0
192.0
67.0
238.0
193.0
193.0
202.0
179.0
187.0
203.0
198.0
218.0
154.0
183.0
171.0
53.0
215.0
203.0
180.0
180.0
211.0
211.0
198.0
192.0
211.0
89.0
95.0
113.0
192.0
154.0
204.0
178.0
191.0
208.0
177.0
172.0
193.0
200.0
187.0
166.0
121.0
210.0
57.0
213.0
84.0
209.0
192.0
217.0
201.0
236.0
129.0
207.0
67.0
199.0
105.0
52.0
206.0
197.0
188.0
211.0
220.0
124.0
185.0
210.0
201.0
209.0
92.0
192.0
133.0
189.0
190.0
147.0
82.0
146.0
213.0
204.0
139.0
208.0
193.0
189.0
138.0
236.0
216.0
200.0
195.0
238.0
167.0
210.0
170.0
176.0
215.0
57.0
88.0
209.0
89.0
211.0
150.0
201.0
178.0
147.0
205.0
202.0
210.0
230.0
183.0
56.0
196.0
207.0
208.0
213.0
121.0
174.0
203.0
180.0
257.0
89.0
191.0
212.0
206.0
176.0
116.0
219.0
237.0
216.0
199.0
127.0
177.0
210.0
175.0
208.0
58.0
55.0
150.0
180.0
155.0
203.0
197.0
220.0
203.0
212.0
182.0
187.0
103.0
195.0
196.0
195.0
177.0
198.0
205.0
193.0
72.0
193.0
89.0
200.0
219.0
158.0
100.0
198.0
202.0
196.0
105.0
167.0
177.0
202.0
172.0
205.0
197.0
235.0
202.0
202.0
174.0
206.0
163.0
173.0
191.0
87.0
199.0
88.0
214.0
183.0
177.0
205.0
207.0
191.0
203.0
209.0
196.0
106.0
184.0
187.0
158.0
208.0
126.0
215.0
241.0
207.0
210.0
96.0
204.0
158.0
199.0
158.0
245.0
204.0
181.0
178.0
203.0
207.0
208.0
171.0
186.0
113.0
81.0
154.0
102.0
175.0
201.0
164.0
191.0
184.0
207.0
210.0
181.0
217.0
93.0
161.0
210.0
208.0
188.0
200.0
94.0
208.0
206.0
190.0
147.0
194.0
200.0
196.0
143.0
207.0
187.0
73.0
188.0
80.0
223.0
213.0
196.0
209.0
191.0
210.0
204.0
245.0
194.0
230.0
186.0
133.0
207.0
232.0
101.0
182.0
185.0
210.0
195.0
201.0
211.0
207.0
84.0
204.0
227.0
195.0
100.0
114.0
46.0
111.0
205.0
104.0
214.0
163.0
88.0
102.0
99.0
153.0
192.0
155.0
197.0
228.0
223.0
238.0
194.0
205.0
