170.0
201.0
222.0
209.0
264.0
237.0
213.0
194.0
226.0
285.0
263.0
216.0
171.0
251.0
171.0
182.0
196.0
224.0
188.0
289.0
245.0
239.0
247.0
216.0
202.0
207.0
203.0
223.0
173.0
209.0
241.0
234.0
161.0
215.0
205.0
165.0
259.0
210.0
196.0
210.0
267.0
222.0
165.0
195.0
242.0
164.0
231.0
182.0
259.0
245.0
214.0
194.0
249.0
191.0
201.0
231.0
254.0
176.0
219.0
221.0
155.0
220.0
237.0
195.0
255.0
242.0
186.0
206.0
217.0
196.0
201.0
186.0
218.0
216.0
222.0
215.0
168.0
292.0
204.0
226.0
177.0
187.0
175.0
241.0
193.0
218.0
234.0
201.0
198.0
211.0
224.0
184.0
178.0
259.0
200.0
238.0
280.0
191.0
245.0
165.0
219.0
167.0
173.0
207.0
234.0
234.0
212.0
173.0
228.0
216.0
154.0
179.0
248.0
174.0
263.0
228.0
258.0
171.0
189.0
240.0
253.0
224.0
170.0
202.0
290.0
220.0
216.0
197.0
181.0
183.0
170.0
237.0
166.0
188.0
216.0
201.0
185.0
219.0
211.0
312.0
170.0
241.0
202.0
260.0
225.0
160.0
213.0
186.0
231.0
180.0
163.0
196.0
196.0
169.0
236.0
281.0
163.0
246.0
212.0
215.0
245.0
202.0
196.0
156.0
256.0
245.0
220.0
188.0
195.0
257.0
199.0
162.0
184.0
211.0
175.0
174.0
247.0
197.0
190.0
185.0
233.0
224.0
246.0
206.0
201.0
181.0
208.0
185.0
268.0
266.0
245.0
205.0
296.0
187.0
188.0
241.0
236.0
199.0
198.0
224.0
209.0
173.0
226.0
211.0
159.0
232.0
204.0
271.0
197.0
214.0
204.0
165.0
226.0
241.0
256.0
202.0
248.0
173.0
224.0
217.0
160.0
167.0
176.0
252.0
216.0
219.0
206.0
175.0
254.0
264.0
233.0
257.0
227.0
174.0
267.0
197.0
184.0
243.0
204.0
179.0
183.0
174.0
210.0
198.0
226.0
242.0
243.0
242.0
203.0
183.0
230.0
242.0
240.0
216.0
234.0
243.0
209.0
208.0
226.0
242.0
234.0
206.0
233.0
204.0
172.0
248.0
165.0
227.0
235.0
177.0
196.0
210.0
199.0
180.0
232.0
170.0
188.0
200.0
203.0
216.0
173.0
176.0
232.0
228.0
204.0
240.0
165.0
170.0
222.0
179.0
163.0
223.0
217.0
236.0
179.0
170.0
170.0
170.0
164.0
236.0
242.0
203.0
208.0
183.0
228.0
190.0
215.0
205.0
269.0
169.0
250.0
179.0
163.0
227.0
206.0
199.0
193.0
257.0
236.0
232.0
180.0
231.0
235.0
245.0
218.0
215.0
193.0
223.0
222.0
228.0
244.0
170.0
151.0
235.0
213.0
183.0
244.0
168.0
263.0
224.0
274.0
194.0
223.0
269.0
166.0
196.0
240.0
169.0
181.0
247.0
228.0
204.0
244.0
219.0
177.0
205.0
224.0
330.0
248.0
247.0
211.0
230.0
205.0
239.0
189.0
189.0
198.0
201.0
233.0
180.0
175.0
172.0
212.0
175.0
245.0
247.0
237.0
170.0
248.0
217.0
200.0
171.0
213.0
181.0
175.0
220.0
273.0
203.0
226.0
264.0
258.0
188.0
180.0
179.0
216.0
198.0
241.0
195.0
226.0
171.0
240.0
170.0
168.0
193.0
283.0
224.0
191.0
207.0
184.0
238.0
220.0
213.0
205.0
230.0
203.0
203.0
206.0
222.0
252.0
222.0
246.0
214.0
223.0
258.0
211.0
165.0
242.0
233.0
214.0
191.0
286.0
331.0
177.0
231.0
286.0
181.0
248.0
198.0
219.0
177.0
288.0
208.0
221.0
240.0
227.0
302.0
259.0
249.0
229.0
170.0
215.0
161.0
223.0
224.0
268.0
219.0
238.0
279.0
232.0
238.0
251.0
171.0
188.0
292.0
208.0
239.0
224.0
226.0
210.0
256.0
252.0
238.0
255.0
222.0
211.0
281.0
188.0
215.0
224.0
187.0
219.0
178.0
251.0
212.0
224.0
192.0
161.0
232.0
207.0
280.0
190.0
240.0
209.0
221.0
202.0
261.0
257.0
236.0
289.0
289.0
