309.0
307.0
312.0
291.0
275.0
272.0
302.0
255.0
269.0
271.0
268.0
268.0
246.0
252.0
269.0
302.0
320.0
253.0
254.0
299.0
310.0
239.0
286.0
246.0
267.0
318.0
337.0
299.0
280.0
270.0
247.0
313.0
301.0
250.0
308.0
263.0
242.0
258.0
259.0
284.0
356.0
243.0
285.0
250.0
260.0
301.0
274.0
291.0
299.0
324.0
276.0
279.0
254.0
292.0
273.0
242.0
306.0
235.0
263.0
250.0
276.0
307.0
312.0
264.0
304.0
307.0
309.0
252.0
278.0
316.0
268.0
253.0
307.0
382.0
242.0
280.0
314.0
253.0
270.0
288.0
249.0
307.0
254.0
339.0
268.0
253.0
270.0
336.0
310.0
328.0
299.0
331.0
262.0
295.0
254.0
259.0
254.0
339.0
273.0
254.0
223.0
359.0
280.0
275.0
271.0
240.0
295.0
280.0
255.0
327.0
292.0
302.0
253.0
275.0
277.0
316.0
297.0
258.0
299.0
294.0
253.0
289.0
308.0
297.0
277.0
266.0
274.0
267.0
293.0
283.0
264.0
248.0
307.0
271.0
276.0
298.0
259.0
297.0
333.0
302.0
272.0
338.0
281.0
311.0
283.0
276.0
253.0
246.0
256.0
257.0
295.0
259.0
269.0
322.0
341.0
231.0
293.0
250.0
288.0
279.0
255.0
280.0
281.0
298.0
304.0
302.0
278.0
296.0
297.0
247.0
280.0
249.0
259.0
291.0
271.0
249.0
279.0
258.0
243.0
263.0
258.0
273.0
310.0
282.0
305.0
241.0
290.0
286.0
299.0
306.0
251.0
257.0
256.0
302.0
304.0
245.0
269.0
297.0
285.0
266.0
232.0
282.0
290.0
234.0
288.0
237.0
302.0
283.0
265.0
276.0
292.0
290.0
294.0
315.0
275.0
280.0
242.0
284.0
312.0
304.0
251.0
300.0
298.0
291.0
279.0
327.0
266.0
281.0
277.0
337.0
300.0
246.0
250.0
278.0
316.0
256.0
271.0
254.0
302.0
276.0
264.0
289.0
288.0
313.0
258.0
320.0
270.0
264.0
363.0
262.0
312.0
242.0
259.0
302.0
244.0
284.0
260.0
304.0
253.0
295.0
250.0
255.0
318.0
245.0
269.0
247.0
330.0
283.0
303.0
288.0
253.0
246.0
272.0
258.0
236.0
267.0
279.0
262.0
290.0
222.0
307.0
293.0
247.0
311.0
293.0
255.0
242.0
289.0
262.0
304.0
251.0
296.0
235.0
318.0
291.0
318.0
248.0
305.0
315.0
276.0
283.0
245.0
309.0
302.0
332.0
281.0
292.0
299.0
313.0
285.0
340.0
265.0
317.0
253.0
294.0
270.0
305.0
287.0
260.0
255.0
248.0
322.0
249.0
246.0
255.0
253.0
274.0
293.0
314.0
247.0
243.0
262.0
228.0
309.0
282.0
286.0
267.0
219.0
265.0
301.0
306.0
263.0
289.0
287.0
246.0
310.0
282.0
331.0
252.0
249.0
241.0
277.0
275.0
276.0
281.0
279.0
369.0
312.0
297.0
294.0
293.0
283.0
276.0
294.0
263.0
250.0
294.0
296.0
260.0
252.0
284.0
229.0
335.0
269.0
288.0
289.0
290.0
282.0
325.0
278.0
287.0
302.0
253.0
282.0
315.0
260.0
263.0
232.0
293.0
281.0
250.0
282.0
263.0
284.0
283.0
260.0
252.0
315.0
306.0
262.0
245.0
322.0
296.0
277.0
262.0
285.0
254.0
331.0
257.0
281.0
320.0
288.0
279.0
298.0
243.0
338.0
271.0
285.0
317.0
278.0
273.0
251.0
267.0
306.0
248.0
280.0
258.0
304.0
270.0
263.0
296.0
260.0
303.0
323.0
302.0
253.0
293.0
278.0
248.0
317.0
303.0
303.0
251.0
266.0
255.0
301.0
283.0
238.0
264.0
299.0
296.0
304.0
306.0
276.0
261.0
295.0
271.0
294.0
308.0
266.0
266.0
270.0
257.0
250.0
288.0
244.0
266.0
261.0
270.0
292.0
298.0
309.0
230.0
253.0
300.0
277.0
297.0
256.0
259.0
296.0
252.0
292.0
247.0
309.0
290.0
245.0
304.0
264.0
247.0
282.0
305.0
263.0
239.0
247.0
294.0
276.0
287.0
290.0
309.0
278.0
