165.0
119.0
147.0
117.0
147.0
151.0
149.0
116.0
153.0
145.0
152.0
149.0
143.0
152.0
135.0
158.0
152.0
116.0
146.0
150.0
147.0
156.0
150.0
152.0
152.0
143.0
152.0
150.0
147.0
114.0
153.0
157.0
114.0
114.0
125.0
152.0
145.0
114.0
120.0
146.0
162.0
117.0
127.0
147.0
113.0
144.0
149.0
115.0
113.0
150.0
114.0
150.0
154.0
154.0
149.0
155.0
148.0
158.0
146.0
149.0
152.0
115.0
123.0
152.0
154.0
116.0
123.0
144.0
115.0
119.0
152.0
151.0
147.0
144.0
122.0
158.0
153.0
154.0
151.0
117.0
150.0
158.0
145.0
155.0
143.0
156.0
134.0
153.0
109.0
123.0
143.0
150.0
149.0
116.0
149.0
146.0
134.0
148.0
113.0
151.0
160.0
158.0
121.0
146.0
149.0
153.0
121.0
146.0
151.0
158.0
117.0
145.0
111.0
110.0
155.0
145.0
110.0
158.0
147.0
159.0
134.0
151.0
154.0
115.0
148.0
115.0
149.0
115.0
116.0
113.0
123.0
161.0
147.0
147.0
158.0
149.0
149.0
165.0
147.0
148.0
153.0
133.0
146.0
141.0
118.0
147.0
146.0
145.0
155.0
152.0
122.0
155.0
162.0
119.0
143.0
145.0
123.0
114.0
154.0
117.0
156.0
154.0
117.0
148.0
147.0
147.0
109.0
108.0
148.0
143.0
152.0
153.0
156.0
154.0
155.0
115.0
116.0
110.0
172.0
146.0
150.0
153.0
153.0
154.0
148.0
165.0
144.0
119.0
147.0
154.0
160.0
112.0
141.0
147.0
145.0
160.0
155.0
112.0
157.0
158.0
124.0
115.0
151.0
153.0
142.0
127.0
155.0
113.0
154.0
150.0
160.0
150.0
111.0
148.0
146.0
114.0
152.0
109.0
153.0
149.0
154.0
130.0
121.0
157.0
148.0
147.0
151.0
150.0
159.0
148.0
147.0
152.0
157.0
151.0
149.0
144.0
148.0
150.0
150.0
160.0
111.0
145.0
153.0
159.0
151.0
114.0
155.0
153.0
148.0
155.0
159.0
149.0
145.0
148.0
147.0
159.0
143.0
124.0
156.0
152.0
150.0
145.0
150.0
117.0
154.0
152.0
156.0
155.0
150.0
153.0
135.0
112.0
153.0
148.0
146.0
154.0
153.0
117.0
148.0
156.0
144.0
155.0
145.0
117.0
150.0
150.0
144.0
118.0
147.0
153.0
119.0
116.0
144.0
113.0
151.0
113.0
157.0
157.0
113.0
150.0
157.0
108.0
155.0
153.0
118.0
155.0
155.0
150.0
147.0
150.0
151.0
145.0
149.0
112.0
155.0
150.0
123.0
153.0
123.0
148.0
114.0
115.0
115.0
150.0
117.0
119.0
109.0
117.0
148.0
153.0
116.0
113.0
160.0
153.0
155.0
145.0
145.0
158.0
150.0
113.0
149.0
149.0
124.0
144.0
153.0
154.0
145.0
112.0
148.0
145.0
116.0
148.0
150.0
157.0
132.0
156.0
148.0
154.0
148.0
112.0
115.0
109.0
157.0
147.0
157.0
156.0
166.0
110.0
126.0
150.0
152.0
153.0
129.0
155.0
176.0
149.0
159.0
152.0
110.0
155.0
153.0
145.0
151.0
147.0
161.0
156.0
155.0
144.0
145.0
121.0
152.0
125.0
116.0
156.0
149.0
146.0
114.0
142.0
113.0
141.0
151.0
152.0
151.0
152.0
113.0
142.0
161.0
156.0
112.0
154.0
112.0
143.0
146.0
153.0
169.0
150.0
152.0
152.0
154.0
154.0
149.0
110.0
123.0
143.0
146.0
113.0
147.0
111.0
149.0
155.0
151.0
152.0
144.0
151.0
148.0
161.0
155.0
146.0
153.0
146.0
118.0
150.0
154.0
147.0
150.0
153.0
148.0
162.0
151.0
122.0
153.0
155.0
148.0
153.0
112.0
119.0
143.0
149.0
146.0
114.0
154.0
143.0
164.0
130.0
150.0
149.0
156.0
150.0
115.0
152.0
147.0
153.0
154.0
118.0
113.0
107.0
151.0
155.0
148.0
148.0
113.0
146.0
147.0
146.0
150.0
145.0
155.0
117.0
144.0
145.0
141.0
116.0
153.0
150.0
115.0
151.0
162.0
144.0
152.0
153.0
