192.0
157.0
255.0
251.0
262.0
183.0
208.0
186.0
227.0
221.0
207.0
188.0
231.0
210.0
251.0
196.0
226.0
192.0
203.0
229.0
235.0
256.0
203.0
189.0
190.0
244.0
250.0
184.0
233.0
226.0
190.0
196.0
206.0
247.0
214.0
214.0
169.0
201.0
227.0
269.0
184.0
165.0
228.0
171.0
253.0
173.0
169.0
188.0
253.0
246.0
171.0
184.0
325.0
164.0
266.0
195.0
233.0
227.0
189.0
292.0
201.0
231.0
173.0
231.0
245.0
192.0
215.0
179.0
237.0
210.0
217.0
210.0
168.0
217.0
228.0
197.0
222.0
231.0
233.0
170.0
169.0
226.0
229.0
237.0
207.0
181.0
171.0
159.0
214.0
232.0
227.0
195.0
251.0
222.0
212.0
229.0
224.0
246.0
205.0
240.0
197.0
213.0
208.0
155.0
177.0
203.0
228.0
187.0
228.0
225.0
209.0
211.0
206.0
181.0
222.0
222.0
169.0
232.0
181.0
183.0
226.0
177.0
241.0
207.0
186.0
161.0
209.0
253.0
165.0
222.0
202.0
169.0
218.0
246.0
233.0
256.0
208.0
191.0
203.0
257.0
202.0
223.0
209.0
211.0
177.0
182.0
199.0
230.0
223.0
255.0
228.0
227.0
204.0
177.0
220.0
246.0
227.0
181.0
264.0
208.0
215.0
233.0
265.0
201.0
178.0
160.0
211.0
223.0
158.0
201.0
180.0
217.0
250.0
229.0
259.0
263.0
227.0
171.0
204.0
219.0
187.0
223.0
269.0
182.0
261.0
190.0
187.0
156.0
243.0
183.0
182.0
243.0
227.0
198.0
227.0
162.0
179.0
165.0
182.0
182.0
199.0
241.0
234.0
248.0
234.0
195.0
216.0
229.0
248.0
238.0
164.0
251.0
191.0
231.0
240.0
163.0
201.0
219.0
205.0
257.0
211.0
232.0
209.0
200.0
215.0
168.0
255.0
197.0
218.0
202.0
225.0
218.0
188.0
208.0
236.0
219.0
232.0
205.0
180.0
279.0
167.0
240.0
229.0
198.0
206.0
255.0
224.0
246.0
255.0
230.0
189.0
192.0
213.0
171.0
205.0
166.0
185.0
262.0
252.0
209.0
235.0
197.0
222.0
241.0
238.0
221.0
251.0
206.0
233.0
290.0
249.0
223.0
265.0
164.0
295.0
266.0
219.0
167.0
216.0
227.0
232.0
204.0
228.0
214.0
169.0
156.0
179.0
190.0
242.0
219.0
201.0
234.0
214.0
233.0
201.0
189.0
246.0
238.0
177.0
237.0
234.0
175.0
193.0
231.0
195.0
181.0
183.0
169.0
218.0
216.0
180.0
223.0
229.0
180.0
235.0
242.0
195.0
284.0
173.0
195.0
170.0
261.0
233.0
225.0
232.0
160.0
174.0
241.0
222.0
175.0
179.0
211.0
232.0
222.0
199.0
164.0
219.0
211.0
194.0
175.0
181.0
164.0
172.0
260.0
211.0
217.0
182.0
182.0
186.0
253.0
258.0
169.0
164.0
229.0
237.0
248.0
235.0
184.0
169.0
247.0
219.0
239.0
280.0
204.0
183.0
225.0
188.0
164.0
209.0
172.0
212.0
231.0
213.0
181.0
213.0
175.0
177.0
231.0
181.0
335.0
218.0
236.0
184.0
161.0
205.0
167.0
214.0
217.0
182.0
254.0
183.0
265.0
157.0
298.0
192.0
224.0
255.0
267.0
166.0
256.0
226.0
161.0
201.0
272.0
246.0
201.0
205.0
255.0
243.0
206.0
227.0
183.0
190.0
194.0
222.0
227.0
217.0
160.0
244.0
191.0
181.0
223.0
214.0
178.0
175.0
186.0
206.0
185.0
180.0
237.0
188.0
180.0
175.0
255.0
238.0
239.0
224.0
233.0
161.0
230.0
181.0
165.0
169.0
179.0
186.0
175.0
172.0
223.0
219.0
171.0
233.0
158.0
235.0
218.0
226.0
233.0
261.0
276.0
189.0
170.0
172.0
184.0
168.0
228.0
191.0
169.0
180.0
237.0
175.0
225.0
184.0
214.0
205.0
202.0
198.0
179.0
239.0
220.0
185.0
241.0
257.0
224.0
176.0
215.0
212.0
217.0
209.0
220.0
161.0
175.0
233.0
222.0
227.0
218.0
239.0
204.0
208.0
161.0
193.0
241.0
