151.0
145.0
175.0
188.0
143.0
205.0
182.0
142.0
140.0
190.0
213.0
128.0
179.0
152.0
136.0
193.0
144.0
155.0
157.0
156.0
138.0
198.0
198.0
193.0
162.0
173.0
176.0
174.0
215.0
147.0
158.0
196.0
241.0
174.0
147.0
155.0
179.0
134.0
184.0
172.0
212.0
144.0
165.0
186.0
151.0
196.0
215.0
199.0
221.0
216.0
145.0
188.0
199.0
187.0
198.0
153.0
170.0
159.0
232.0
135.0
175.0
168.0
187.0
198.0
168.0
214.0
177.0
194.0
231.0
173.0
213.0
187.0
170.0
178.0
195.0
195.0
182.0
218.0
222.0
177.0
138.0
153.0
205.0
209.0
228.0
143.0
146.0
138.0
205.0
184.0
219.0
171.0
148.0
181.0
153.0
214.0
151.0
158.0
172.0
200.0
223.0
218.0
211.0
177.0
182.0
138.0
231.0
173.0
161.0
144.0
204.0
176.0
145.0
146.0
246.0
151.0
194.0
144.0
181.0
198.0
133.0
192.0
193.0
215.0
166.0
180.0
219.0
183.0
138.0
141.0
191.0
225.0
170.0
198.0
185.0
136.0
185.0
236.0
178.0
192.0
172.0
140.0
209.0
192.0
192.0
199.0
139.0
188.0
213.0
177.0
187.0
175.0
165.0
163.0
181.0
172.0
167.0
147.0
150.0
188.0
144.0
142.0
145.0
165.0
179.0
169.0
194.0
206.0
168.0
196.0
145.0
198.0
207.0
191.0
254.0
152.0
200.0
178.0
181.0
144.0
178.0
195.0
128.0
186.0
131.0
166.0
180.0
183.0
200.0
200.0
196.0
205.0
139.0
142.0
165.0
171.0
204.0
194.0
219.0
192.0
141.0
150.0
147.0
203.0
154.0
192.0
150.0
136.0
199.0
198.0
143.0
190.0
149.0
180.0
220.0
183.0
188.0
136.0
156.0
191.0
227.0
191.0
237.0
221.0
180.0
195.0
151.0
170.0
202.0
183.0
192.0
178.0
201.0
168.0
194.0
192.0
259.0
154.0
153.0
138.0
148.0
187.0
175.0
195.0
191.0
156.0
146.0
136.0
245.0
186.0
175.0
173.0
136.0
136.0
127.0
136.0
186.0
166.0
187.0
190.0
150.0
193.0
202.0
173.0
151.0
171.0
187.0
224.0
187.0
181.0
200.0
176.0
153.0
198.0
167.0
182.0
179.0
189.0
206.0
259.0
250.0
194.0
208.0
178.0
198.0
194.0
171.0
132.0
196.0
128.0
181.0
187.0
174.0
227.0
190.0
188.0
174.0
199.0
209.0
190.0
134.0
211.0
209.0
242.0
193.0
143.0
139.0
215.0
222.0
199.0
222.0
215.0
224.0
164.0
168.0
141.0
181.0
203.0
155.0
192.0
253.0
151.0
197.0
178.0
230.0
211.0
174.0
148.0
142.0
193.0
212.0
195.0
176.0
197.0
207.0
192.0
177.0
162.0
177.0
256.0
216.0
131.0
192.0
142.0
180.0
214.0
245.0
188.0
243.0
172.0
148.0
181.0
253.0
209.0
169.0
220.0
225.0
223.0
187.0
168.0
178.0
155.0
206.0
157.0
136.0
138.0
141.0
185.0
248.0
206.0
172.0
165.0
173.0
217.0
190.0
147.0
196.0
140.0
139.0
164.0
204.0
175.0
168.0
203.0
186.0
190.0
150.0
181.0
164.0
183.0
142.0
139.0
182.0
177.0
215.0
140.0
188.0
250.0
193.0
142.0
172.0
149.0
146.0
167.0
194.0
165.0
199.0
226.0
153.0
162.0
168.0
174.0
186.0
196.0
217.0
187.0
186.0
134.0
202.0
221.0
138.0
161.0
163.0
187.0
189.0
199.0
179.0
203.0
143.0
182.0
139.0
140.0
160.0
158.0
227.0
178.0
144.0
179.0
162.0
150.0
176.0
134.0
152.0
234.0
157.0
195.0
156.0
189.0
166.0
133.0
169.0
134.0
226.0
219.0
142.0
188.0
171.0
220.0
145.0
168.0
148.0
214.0
147.0
163.0
181.0
212.0
157.0
153.0
208.0
205.0
173.0
211.0
171.0
209.0
154.0
147.0
159.0
225.0
189.0
154.0
186.0
199.0
181.0
187.0
147.0
172.0
256.0
141.0
153.0
179.0
180.0
218.0
178.0
179.0
197.0
178.0
153.0
192.0
226.0
137.0
