187.0
207.0
168.0
184.0
166.0
162.0
182.0
175.0
197.0
164.0
175.0
170.0
156.0
174.0
185.0
186.0
179.0
191.0
188.0
157.0
161.0
175.0
168.0
186.0
174.0
158.0
156.0
171.0
174.0
176.0
177.0
176.0
160.0
168.0
159.0
177.0
154.0
166.0
178.0
168.0
200.0
167.0
162.0
170.0
171.0
168.0
171.0
183.0
178.0
151.0
165.0
163.0
167.0
188.0
176.0
159.0
158.0
160.0
165.0
170.0
189.0
173.0
201.0
175.0
197.0
176.0
172.0
166.0
176.0
168.0
192.0
176.0
188.0
184.0
167.0
184.0
156.0
161.0
165.0
181.0
207.0
187.0
168.0
146.0
163.0
171.0
215.0
162.0
157.0
194.0
174.0
159.0
197.0
177.0
192.0
197.0
173.0
182.0
156.0
189.0
194.0
164.0
191.0
184.0
166.0
171.0
171.0
168.0
185.0
187.0
172.0
170.0
197.0
204.0
177.0
173.0
157.0
178.0
183.0
166.0
178.0
176.0
155.0
156.0
160.0
195.0
186.0
184.0
180.0
178.0
164.0
170.0
182.0
164.0
189.0
163.0
177.0
177.0
167.0
177.0
157.0
184.0
163.0
163.0
176.0
191.0
177.0
184.0
157.0
160.0
181.0
156.0
163.0
175.0
176.0
214.0
164.0
179.0
159.0
198.0
176.0
182.0
161.0
161.0
219.0
170.0
179.0
168.0
166.0
169.0
164.0
162.0
182.0
156.0
184.0
162.0
174.0
178.0
166.0
169.0
199.0
165.0
172.0
164.0
171.0
158.0
166.0
170.0
160.0
172.0
162.0
160.0
188.0
224.0
159.0
161.0
173.0
172.0
172.0
155.0
157.0
177.0
169.0
167.0
192.0
203.0
165.0
177.0
165.0
162.0
171.0
159.0
175.0
181.0
160.0
169.0
167.0
184.0
151.0
175.0
161.0
174.0
164.0
168.0
174.0
176.0
184.0
160.0
168.0
158.0
195.0
154.0
202.0
179.0
163.0
168.0
186.0
183.0
191.0
178.0
168.0
165.0
160.0
172.0
189.0
173.0
163.0
157.0
172.0
165.0
182.0
167.0
164.0
172.0
170.0
170.0
162.0
194.0
214.0
164.0
190.0
182.0
180.0
176.0
187.0
191.0
168.0
188.0
172.0
164.0
169.0
156.0
168.0
151.0
177.0
155.0
192.0
170.0
164.0
153.0
183.0
156.0
171.0
176.0
171.0
166.0
169.0
179.0
151.0
176.0
160.0
190.0
162.0
170.0
182.0
151.0
192.0
189.0
209.0
182.0
175.0
178.0
166.0
178.0
159.0
164.0
170.0
169.0
250.0
167.0
168.0
158.0
168.0
170.0
249.0
166.0
201.0
180.0
171.0
158.0
165.0
211.0
168.0
184.0
167.0
173.0
171.0
156.0
173.0
162.0
173.0
189.0
194.0
176.0
168.0
192.0
177.0
162.0
153.0
166.0
177.0
161.0
173.0
172.0
179.0
159.0
186.0
169.0
175.0
176.0
179.0
166.0
175.0
182.0
172.0
168.0
193.0
170.0
180.0
166.0
168.0
165.0
190.0
167.0
170.0
168.0
186.0
158.0
170.0
180.0
176.0
160.0
167.0
150.0
172.0
168.0
181.0
163.0
170.0
219.0
172.0
185.0
162.0
158.0
149.0
185.0
168.0
170.0
187.0
183.0
167.0
177.0
192.0
155.0
167.0
181.0
176.0
158.0
183.0
157.0
215.0
161.0
157.0
160.0
174.0
195.0
178.0
168.0
168.0
188.0
162.0
185.0
184.0
168.0
161.0
182.0
181.0
179.0
157.0
152.0
179.0
187.0
178.0
178.0
225.0
183.0
172.0
174.0
168.0
156.0
179.0
160.0
165.0
181.0
189.0
177.0
212.0
161.0
169.0
185.0
162.0
172.0
175.0
169.0
180.0
184.0
217.0
166.0
164.0
171.0
155.0
162.0
196.0
170.0
178.0
175.0
189.0
179.0
172.0
175.0
179.0
154.0
175.0
175.0
170.0
181.0
196.0
178.0
178.0
191.0
166.0
195.0
206.0
183.0
169.0
191.0
228.0
152.0
203.0
167.0
198.0
180.0
195.0
176.0
176.0
177.0
210.0
173.0
215.0
181.0
171.0
180.0
176.0
160.0
150.0
156.0
175.0
161.0
166.0
166.0
