154.0
171.0
168.0
170.0
167.0
168.0
154.0
172.0
183.0
172.0
163.0
164.0
157.0
161.0
170.0
165.0
163.0
160.0
166.0
164.0
163.0
164.0
165.0
161.0
163.0
168.0
160.0
161.0
165.0
164.0
163.0
166.0
182.0
163.0
164.0
167.0
170.0
164.0
164.0
156.0
172.0
163.0
163.0
174.0
167.0
156.0
168.0
163.0
169.0
160.0
162.0
159.0
176.0
161.0
175.0
171.0
167.0
166.0
160.0
165.0
182.0
164.0
168.0
151.0
178.0
159.0
166.0
173.0
164.0
172.0
165.0
169.0
159.0
171.0
169.0
175.0
165.0
155.0
173.0
164.0
177.0
171.0
160.0
155.0
159.0
167.0
170.0
165.0
161.0
173.0
167.0
165.0
168.0
168.0
168.0
166.0
176.0
167.0
160.0
169.0
177.0
177.0
169.0
172.0
163.0
168.0
166.0
166.0
161.0
171.0
176.0
170.0
172.0
163.0
166.0
164.0
165.0
165.0
157.0
175.0
160.0
162.0
166.0
163.0
178.0
172.0
175.0
157.0
186.0
159.0
161.0
160.0
168.0
179.0
170.0
166.0
166.0
173.0
160.0
170.0
159.0
177.0
167.0
161.0
167.0
158.0
165.0
169.0
170.0
164.0
152.0
176.0
156.0
161.0
163.0
173.0
173.0
162.0
165.0
165.0
182.0
164.0
166.0
162.0
167.0
178.0
168.0
159.0
174.0
158.0
170.0
171.0
169.0
176.0
167.0
167.0
165.0
172.0
175.0
170.0
154.0
163.0
161.0
163.0
162.0
161.0
168.0
167.0
167.0
162.0
165.0
170.0
165.0
168.0
170.0
163.0
163.0
175.0
159.0
162.0
169.0
168.0
163.0
164.0
164.0
158.0
173.0
187.0
156.0
161.0
165.0
162.0
174.0
175.0
159.0
156.0
170.0
155.0
178.0
164.0
166.0
165.0
168.0
167.0
172.0
173.0
163.0
195.0
169.0
164.0
159.0
167.0
179.0
161.0
159.0
158.0
160.0
163.0
170.0
158.0
162.0
170.0
160.0
158.0
175.0
164.0
166.0
164.0
164.0
162.0
154.0
168.0
161.0
173.0
165.0
155.0
168.0
165.0
181.0
161.0
165.0
160.0
161.0
159.0
159.0
163.0
162.0
157.0
156.0
158.0
168.0
177.0
173.0
173.0
157.0
165.0
161.0
175.0
158.0
155.0
169.0
168.0
156.0
178.0
163.0
204.0
164.0
160.0
161.0
173.0
161.0
167.0
161.0
165.0
168.0
165.0
163.0
184.0
172.0
177.0
176.0
187.0
162.0
163.0
159.0
163.0
162.0
162.0
161.0
181.0
158.0
168.0
171.0
179.0
173.0
162.0
168.0
158.0
162.0
162.0
184.0
159.0
183.0
175.0
166.0
173.0
162.0
161.0
205.0
169.0
169.0
169.0
161.0
166.0
165.0
164.0
161.0
157.0
171.0
156.0
171.0
176.0
166.0
161.0
175.0
161.0
171.0
162.0
166.0
156.0
163.0
165.0
170.0
160.0
177.0
167.0
176.0
158.0
175.0
166.0
186.0
164.0
171.0
176.0
164.0
165.0
166.0
164.0
162.0
163.0
166.0
164.0
164.0
165.0
159.0
172.0
166.0
168.0
161.0
161.0
167.0
158.0
165.0
180.0
175.0
165.0
161.0
171.0
163.0
160.0
161.0
168.0
163.0
169.0
165.0
165.0
164.0
180.0
162.0
168.0
164.0
172.0
167.0
161.0
162.0
164.0
166.0
158.0
164.0
174.0
158.0
170.0
182.0
165.0
159.0
158.0
170.0
162.0
171.0
191.0
178.0
203.0
155.0
164.0
161.0
158.0
171.0
165.0
153.0
168.0
166.0
169.0
160.0
179.0
159.0
162.0
175.0
162.0
155.0
161.0
176.0
166.0
151.0
159.0
164.0
163.0
166.0
166.0
163.0
166.0
170.0
162.0
165.0
164.0
161.0
165.0
199.0
159.0
169.0
152.0
164.0
158.0
175.0
167.0
169.0
163.0
171.0
163.0
158.0
165.0
163.0
178.0
163.0
174.0
176.0
165.0
170.0
173.0
165.0
157.0
169.0
165.0
163.0
158.0
159.0
172.0
177.0
176.0
168.0
169.0
161.0
164.0
170.0
169.0
159.0
170.0
169.0
179.0
169.0
167.0
