158.0
147.0
135.0
132.0
133.0
133.0
148.0
137.0
131.0
135.0
140.0
135.0
133.0
132.0
134.0
144.0
130.0
133.0
140.0
138.0
136.0
144.0
136.0
145.0
149.0
130.0
133.0
131.0
143.0
146.0
140.0
134.0
150.0
140.0
136.0
135.0
141.0
139.0
139.0
130.0
142.0
133.0
144.0
151.0
131.0
137.0
135.0
135.0
136.0
148.0
129.0
133.0
137.0
137.0
138.0
141.0
131.0
137.0
133.0
152.0
138.0
135.0
134.0
152.0
132.0
134.0
135.0
140.0
133.0
136.0
138.0
129.0
141.0
137.0
134.0
131.0
145.0
131.0
133.0
133.0
140.0
131.0
143.0
139.0
132.0
140.0
145.0
139.0
135.0
129.0
133.0
135.0
147.0
131.0
131.0
143.0
135.0
144.0
156.0
133.0
135.0
133.0
140.0
135.0
138.0
134.0
140.0
135.0
135.0
136.0
134.0
151.0
137.0
133.0
131.0
133.0
132.0
128.0
130.0
139.0
147.0
131.0
146.0
134.0
134.0
141.0
133.0
134.0
128.0
130.0
130.0
132.0
132.0
152.0
147.0
151.0
139.0
138.0
135.0
139.0
143.0
134.0
151.0
136.0
150.0
134.0
132.0
134.0
137.0
134.0
134.0
132.0
135.0
131.0
135.0
131.0
139.0
134.0
130.0
147.0
134.0
138.0
134.0
133.0
150.0
147.0
137.0
135.0
135.0
134.0
137.0
151.0
133.0
147.0
144.0
133.0
145.0
140.0
142.0
136.0
138.0
135.0
132.0
133.0
158.0
142.0
133.0
147.0
133.0
146.0
137.0
141.0
132.0
142.0
132.0
140.0
136.0
141.0
145.0
146.0
140.0
144.0
149.0
145.0
139.0
152.0
135.0
134.0
134.0
136.0
133.0
131.0
133.0
140.0
129.0
143.0
138.0
138.0
131.0
135.0
131.0
135.0
150.0
138.0
130.0
147.0
140.0
131.0
137.0
132.0
132.0
134.0
140.0
131.0
134.0
146.0
139.0
131.0
132.0
145.0
132.0
137.0
156.0
138.0
132.0
149.0
132.0
135.0
131.0
130.0
130.0
132.0
144.0
134.0
143.0
141.0
129.0
131.0
130.0
132.0
134.0
140.0
132.0
153.0
139.0
141.0
140.0
148.0
130.0
139.0
131.0
138.0
132.0
133.0
134.0
132.0
131.0
130.0
132.0
132.0
150.0
135.0
146.0
136.0
133.0
139.0
140.0
143.0
139.0
135.0
132.0
131.0
146.0
141.0
151.0
151.0
130.0
127.0
135.0
146.0
134.0
147.0
128.0
139.0
137.0
131.0
132.0
134.0
142.0
137.0
130.0
133.0
135.0
135.0
131.0
148.0
146.0
134.0
132.0
135.0
136.0
135.0
133.0
139.0
150.0
133.0
131.0
128.0
132.0
144.0
144.0
135.0
132.0
142.0
132.0
141.0
141.0
135.0
151.0
134.0
140.0
149.0
129.0
136.0
138.0
136.0
131.0
141.0
132.0
132.0
146.0
142.0
133.0
141.0
143.0
147.0
143.0
134.0
149.0
138.0
131.0
138.0
131.0
147.0
133.0
139.0
140.0
133.0
155.0
156.0
129.0
150.0
138.0
153.0
133.0
132.0
137.0
135.0
135.0
136.0
135.0
131.0
132.0
131.0
138.0
151.0
135.0
139.0
134.0
150.0
133.0
132.0
133.0
137.0
134.0
133.0
144.0
131.0
140.0
131.0
150.0
145.0
154.0
133.0
143.0
136.0
147.0
138.0
148.0
136.0
132.0
133.0
154.0
144.0
147.0
138.0
128.0
136.0
152.0
150.0
134.0
133.0
148.0
149.0
133.0
141.0
138.0
148.0
146.0
127.0
133.0
133.0
133.0
139.0
141.0
147.0
132.0
146.0
131.0
135.0
148.0
139.0
130.0
145.0
131.0
133.0
130.0
136.0
135.0
137.0
143.0
143.0
139.0
141.0
133.0
137.0
134.0
133.0
141.0
152.0
131.0
133.0
135.0
130.0
140.0
133.0
136.0
143.0
151.0
140.0
132.0
133.0
135.0
133.0
135.0
133.0
151.0
148.0
139.0
135.0
134.0
140.0
134.0
149.0
133.0
135.0
133.0
139.0
133.0
139.0
136.0
137.0
127.0
156.0
137.0
129.0
148.0
132.0
137.0
142.0
