148.0
150.0
145.0
144.0
148.0
161.0
149.0
142.0
153.0
145.0
146.0
143.0
152.0
150.0
142.0
141.0
151.0
146.0
144.0
145.0
148.0
149.0
145.0
144.0
150.0
144.0
142.0
154.0
154.0
147.0
148.0
155.0
148.0
146.0
141.0
142.0
156.0
147.0
156.0
143.0
156.0
148.0
149.0
150.0
147.0
150.0
147.0
148.0
149.0
146.0
188.0
156.0
142.0
154.0
154.0
146.0
149.0
149.0
147.0
152.0
143.0
143.0
146.0
142.0
155.0
149.0
156.0
144.0
147.0
142.0
141.0
152.0
147.0
153.0
149.0
142.0
149.0
147.0
144.0
143.0
152.0
148.0
144.0
149.0
148.0
148.0
147.0
144.0
156.0
162.0
148.0
144.0
148.0
154.0
143.0
144.0
151.0
150.0
143.0
150.0
152.0
161.0
151.0
138.0
147.0
164.0
160.0
156.0
142.0
152.0
153.0
148.0
165.0
148.0
156.0
141.0
155.0
147.0
147.0
151.0
150.0
155.0
161.0
146.0
149.0
152.0
149.0
141.0
147.0
141.0
144.0
151.0
146.0
151.0
151.0
146.0
146.0
140.0
143.0
150.0
159.0
145.0
143.0
155.0
154.0
150.0
156.0
157.0
145.0
150.0
143.0
148.0
153.0
152.0
144.0
150.0
147.0
146.0
146.0
146.0
143.0
162.0
144.0
140.0
154.0
148.0
154.0
145.0
143.0
153.0
159.0
144.0
149.0
147.0
148.0
147.0
144.0
146.0
151.0
148.0
143.0
146.0
146.0
146.0
145.0
157.0
163.0
147.0
162.0
146.0
157.0
151.0
139.0
152.0
151.0
152.0
142.0
147.0
150.0
149.0
153.0
147.0
141.0
150.0
143.0
146.0
150.0
149.0
145.0
149.0
147.0
148.0
141.0
146.0
149.0
150.0
145.0
156.0
148.0
143.0
152.0
152.0
150.0
144.0
151.0
145.0
149.0
148.0
150.0
150.0
151.0
161.0
147.0
144.0
152.0
154.0
150.0
147.0
155.0
152.0
152.0
146.0
151.0
151.0
148.0
149.0
152.0
153.0
158.0
149.0
158.0
144.0
155.0
145.0
144.0
144.0
147.0
139.0
149.0
167.0
144.0
138.0
147.0
164.0
142.0
147.0
149.0
158.0
157.0
151.0
162.0
163.0
154.0
140.0
145.0
149.0
148.0
154.0
150.0
152.0
145.0
149.0
142.0
139.0
165.0
146.0
163.0
150.0
147.0
150.0
145.0
151.0
153.0
169.0
145.0
150.0
151.0
149.0
140.0
148.0
146.0
150.0
146.0
157.0
145.0
151.0
150.0
142.0
149.0
154.0
153.0
146.0
141.0
151.0
142.0
147.0
159.0
151.0
151.0
148.0
149.0
156.0
160.0
144.0
147.0
150.0
162.0
146.0
143.0
147.0
151.0
148.0
148.0
145.0
149.0
146.0
147.0
147.0
142.0
159.0
149.0
148.0
144.0
156.0
154.0
138.0
150.0
158.0
144.0
141.0
157.0
138.0
150.0
150.0
148.0
199.0
151.0
151.0
145.0
142.0
153.0
148.0
149.0
150.0
140.0
163.0
151.0
157.0
149.0
140.0
147.0
149.0
157.0
142.0
149.0
153.0
143.0
149.0
149.0
145.0
143.0
149.0
141.0
157.0
154.0
145.0
159.0
143.0
148.0
149.0
157.0
154.0
152.0
162.0
158.0
155.0
146.0
164.0
152.0
147.0
169.0
141.0
152.0
153.0
149.0
143.0
146.0
149.0
149.0
142.0
152.0
148.0
155.0
154.0
148.0
159.0
149.0
150.0
153.0
147.0
150.0
149.0
156.0
148.0
149.0
150.0
149.0
149.0
151.0
155.0
153.0
143.0
141.0
158.0
142.0
156.0
150.0
149.0
156.0
148.0
146.0
151.0
148.0
147.0
148.0
152.0
151.0
155.0
159.0
154.0
145.0
149.0
145.0
160.0
147.0
144.0
148.0
149.0
143.0
153.0
156.0
147.0
158.0
154.0
152.0
155.0
153.0
153.0
148.0
151.0
149.0
150.0
148.0
142.0
144.0
146.0
152.0
141.0
148.0
151.0
148.0
145.0
149.0
149.0
151.0
143.0
151.0
155.0
142.0
149.0
151.0
144.0
144.0
140.0
153.0
148.0
150.0
149.0
139.0
148.0
