136.0
136.0
124.0
139.0
131.0
144.0
139.0
147.0
135.0
127.0
138.0
135.0
138.0
126.0
127.0
134.0
122.0
132.0
133.0
133.0
140.0
123.0
124.0
157.0
130.0
133.0
129.0
129.0
130.0
143.0
136.0
138.0
141.0
136.0
121.0
128.0
149.0
137.0
145.0
132.0
158.0
143.0
128.0
128.0
151.0
135.0
136.0
154.0
136.0
123.0
128.0
141.0
130.0
125.0
140.0
125.0
139.0
123.0
129.0
139.0
132.0
126.0
150.0
123.0
132.0
131.0
138.0
123.0
145.0
135.0
136.0
130.0
137.0
139.0
161.0
132.0
123.0
124.0
133.0
121.0
119.0
133.0
142.0
136.0
128.0
137.0
133.0
130.0
130.0
146.0
139.0
141.0
143.0
142.0
142.0
126.0
145.0
130.0
130.0
121.0
129.0
153.0
149.0
131.0
129.0
143.0
133.0
141.0
134.0
128.0
141.0
129.0
121.0
123.0
145.0
131.0
152.0
127.0
128.0
137.0
150.0
133.0
141.0
127.0
144.0
141.0
175.0
146.0
145.0
138.0
128.0
125.0
123.0
127.0
151.0
128.0
139.0
126.0
132.0
138.0
128.0
132.0
124.0
130.0
122.0
131.0
137.0
128.0
128.0
141.0
130.0
139.0
128.0
131.0
130.0
154.0
139.0
125.0
131.0
141.0
141.0
132.0
141.0
129.0
132.0
132.0
140.0
124.0
127.0
139.0
131.0
139.0
135.0
134.0
130.0
142.0
126.0
127.0
123.0
139.0
125.0
130.0
139.0
132.0
128.0
137.0
142.0
124.0
128.0
128.0
141.0
133.0
124.0
156.0
135.0
137.0
128.0
136.0
131.0
131.0
133.0
148.0
138.0
142.0
142.0
134.0
129.0
129.0
142.0
136.0
127.0
128.0
128.0
145.0
141.0
126.0
129.0
122.0
142.0
135.0
133.0
136.0
140.0
137.0
138.0
138.0
142.0
156.0
154.0
130.0
131.0
130.0
133.0
133.0
137.0
143.0
140.0
149.0
142.0
139.0
143.0
135.0
135.0
137.0
125.0
131.0
149.0
148.0
132.0
133.0
133.0
132.0
142.0
138.0
138.0
131.0
134.0
133.0
140.0
130.0
123.0
133.0
133.0
137.0
127.0
136.0
140.0
136.0
135.0
135.0
141.0
153.0
144.0
125.0
133.0
126.0
128.0
123.0
130.0
163.0
128.0
147.0
122.0
125.0
139.0
128.0
136.0
142.0
127.0
136.0
123.0
139.0
141.0
129.0
137.0
144.0
141.0
131.0
125.0
124.0
132.0
145.0
131.0
125.0
133.0
140.0
129.0
129.0
134.0
141.0
131.0
152.0
144.0
141.0
138.0
147.0
133.0
138.0
142.0
177.0
120.0
142.0
139.0
123.0
129.0
142.0
132.0
135.0
146.0
132.0
157.0
135.0
125.0
128.0
140.0
128.0
128.0
147.0
125.0
127.0
132.0
137.0
128.0
124.0
127.0
151.0
130.0
131.0
144.0
137.0
159.0
129.0
131.0
140.0
130.0
126.0
142.0
141.0
126.0
144.0
138.0
135.0
122.0
134.0
128.0
129.0
132.0
143.0
121.0
131.0
128.0
136.0
137.0
131.0
150.0
145.0
134.0
138.0
134.0
152.0
127.0
158.0
126.0
129.0
134.0
139.0
141.0
123.0
123.0
129.0
133.0
121.0
152.0
134.0
146.0
134.0
133.0
147.0
145.0
127.0
127.0
132.0
149.0
143.0
144.0
142.0
120.0
134.0
124.0
132.0
133.0
141.0
137.0
147.0
136.0
133.0
142.0
133.0
143.0
149.0
128.0
131.0
134.0
133.0
130.0
141.0
145.0
137.0
151.0
139.0
146.0
120.0
136.0
140.0
134.0
141.0
135.0
134.0
140.0
152.0
142.0
126.0
134.0
129.0
133.0
125.0
127.0
150.0
155.0
137.0
137.0
152.0
127.0
131.0
137.0
135.0
132.0
134.0
131.0
128.0
137.0
154.0
134.0
132.0
141.0
133.0
137.0
143.0
147.0
133.0
120.0
128.0
138.0
133.0
137.0
127.0
136.0
127.0
124.0
130.0
133.0
131.0
130.0
132.0
143.0
127.0
127.0
129.0
129.0
130.0
130.0
128.0
140.0
130.0
140.0
129.0
146.0
141.0
133.0
127.0
