159.0
134.0
159.0
161.0
156.0
142.0
161.0
152.0
163.0
161.0
145.0
155.0
157.0
144.0
136.0
154.0
146.0
163.0
145.0
162.0
158.0
160.0
141.0
161.0
151.0
139.0
160.0
164.0
159.0
144.0
153.0
157.0
155.0
148.0
149.0
161.0
159.0
148.0
174.0
170.0
147.0
154.0
148.0
169.0
151.0
148.0
151.0
167.0
145.0
150.0
132.0
149.0
149.0
193.0
148.0
152.0
155.0
118.0
159.0
141.0
159.0
147.0
141.0
175.0
173.0
148.0
155.0
139.0
156.0
152.0
176.0
158.0
154.0
152.0
143.0
147.0
133.0
150.0
153.0
148.0
159.0
157.0
158.0
130.0
153.0
154.0
151.0
161.0
157.0
161.0
164.0
149.0
154.0
154.0
153.0
155.0
156.0
162.0
143.0
195.0
145.0
167.0
148.0
140.0
148.0
148.0
158.0
158.0
150.0
154.0
163.0
155.0
126.0
146.0
157.0
165.0
159.0
169.0
149.0
150.0
137.0
138.0
165.0
149.0
176.0
156.0
148.0
155.0
169.0
135.0
149.0
147.0
150.0
156.0
153.0
161.0
153.0
135.0
139.0
153.0
146.0
152.0
157.0
156.0
162.0
161.0
152.0
162.0
148.0
159.0
149.0
136.0
161.0
156.0
155.0
155.0
145.0
157.0
159.0
157.0
136.0
146.0
134.0
142.0
159.0
134.0
158.0
157.0
156.0
155.0
149.0
158.0
158.0
142.0
124.0
158.0
146.0
147.0
161.0
155.0
155.0
155.0
151.0
148.0
155.0
155.0
154.0
166.0
152.0
148.0
139.0
144.0
162.0
143.0
159.0
153.0
155.0
158.0
156.0
162.0
167.0
152.0
135.0
167.0
142.0
156.0
164.0
142.0
159.0
139.0
149.0
155.0
160.0
164.0
146.0
135.0
147.0
149.0
158.0
150.0
157.0
148.0
156.0
157.0
156.0
153.0
143.0
155.0
153.0
149.0
148.0
161.0
158.0
147.0
149.0
142.0
143.0
157.0
157.0
157.0
183.0
139.0
160.0
135.0
148.0
151.0
159.0
140.0
136.0
154.0
161.0
143.0
155.0
161.0
156.0
165.0
144.0
154.0
159.0
151.0
125.0
136.0
140.0
165.0
142.0
155.0
166.0
152.0
160.0
156.0
169.0
162.0
166.0
139.0
159.0
163.0
157.0
153.0
153.0
158.0
166.0
148.0
144.0
152.0
148.0
138.0
155.0
144.0
157.0
152.0
153.0
159.0
155.0
159.0
159.0
162.0
134.0
147.0
153.0
131.0
141.0
150.0
152.0
135.0
159.0
154.0
146.0
147.0
139.0
146.0
139.0
147.0
144.0
138.0
150.0
165.0
140.0
153.0
164.0
159.0
150.0
152.0
151.0
148.0
142.0
159.0
141.0
154.0
150.0
145.0
161.0
152.0
172.0
149.0
135.0
146.0
158.0
186.0
157.0
147.0
148.0
152.0
149.0
146.0
138.0
155.0
148.0
147.0
156.0
152.0
149.0
156.0
132.0
156.0
191.0
150.0
151.0
155.0
157.0
164.0
155.0
147.0
155.0
134.0
113.0
160.0
170.0
150.0
153.0
165.0
156.0
167.0
143.0
136.0
145.0
147.0
157.0
156.0
147.0
158.0
153.0
150.0
152.0
134.0
163.0
156.0
158.0
152.0
164.0
137.0
154.0
156.0
161.0
151.0
164.0
160.0
148.0
151.0
157.0
144.0
169.0
155.0
156.0
149.0
151.0
147.0
155.0
144.0
151.0
147.0
143.0
155.0
156.0
160.0
150.0
157.0
136.0
148.0
146.0
148.0
150.0
148.0
153.0
157.0
154.0
177.0
151.0
162.0
137.0
160.0
165.0
158.0
138.0
152.0
157.0
164.0
155.0
150.0
150.0
153.0
139.0
161.0
157.0
148.0
160.0
155.0
150.0
150.0
156.0
155.0
154.0
154.0
156.0
164.0
147.0
148.0
154.0
157.0
169.0
143.0
156.0
148.0
155.0
152.0
138.0
151.0
154.0
153.0
165.0
164.0
153.0
154.0
152.0
151.0
169.0
152.0
167.0
149.0
147.0
146.0
133.0
157.0
153.0
169.0
162.0
150.0
147.0
149.0
149.0
152.0
146.0
156.0
194.0
156.0
156.0
138.0
167.0
182.0
154.0
153.0
