192.0
189.0
47.0
211.0
40.0
193.0
182.0
41.0
222.0
180.0
47.0
186.0
203.0
195.0
200.0
197.0
233.0
210.0
198.0
53.0
189.0
49.0
192.0
188.0
47.0
183.0
41.0
211.0
197.0
178.0
199.0
232.0
197.0
233.0
246.0
38.0
181.0
202.0
193.0
192.0
151.0
184.0
183.0
187.0
190.0
190.0
171.0
174.0
43.0
180.0
43.0
187.0
37.0
176.0
188.0
200.0
205.0
190.0
176.0
262.0
194.0
197.0
199.0
206.0
168.0
36.0
187.0
173.0
192.0
199.0
181.0
202.0
196.0
206.0
171.0
183.0
199.0
38.0
186.0
37.0
36.0
230.0
175.0
211.0
179.0
200.0
179.0
183.0
188.0
46.0
46.0
186.0
176.0
265.0
226.0
59.0
47.0
178.0
204.0
172.0
174.0
186.0
205.0
189.0
193.0
191.0
52.0
207.0
201.0
194.0
192.0
181.0
187.0
191.0
156.0
182.0
199.0
201.0
215.0
188.0
248.0
214.0
195.0
193.0
181.0
187.0
203.0
165.0
172.0
36.0
248.0
193.0
200.0
45.0
44.0
208.0
200.0
230.0
210.0
191.0
180.0
209.0
183.0
176.0
195.0
188.0
202.0
38.0
189.0
45.0
185.0
171.0
194.0
182.0
204.0
42.0
241.0
195.0
174.0
43.0
192.0
53.0
244.0
42.0
191.0
42.0
212.0
47.0
258.0
217.0
168.0
224.0
183.0
179.0
174.0
185.0
191.0
185.0
160.0
203.0
196.0
38.0
48.0
197.0
183.0
207.0
188.0
212.0
41.0
204.0
210.0
212.0
206.0
174.0
33.0
180.0
40.0
199.0
210.0
50.0
41.0
37.0
191.0
203.0
185.0
170.0
39.0
193.0
170.0
207.0
205.0
214.0
204.0
191.0
194.0
252.0
216.0
194.0
189.0
165.0
45.0
40.0
196.0
170.0
190.0
196.0
184.0
253.0
185.0
213.0
37.0
192.0
210.0
184.0
201.0
203.0
257.0
186.0
201.0
181.0
213.0
202.0
182.0
42.0
192.0
195.0
180.0
189.0
42.0
40.0
199.0
214.0
177.0
206.0
170.0
56.0
183.0
214.0
191.0
196.0
208.0
229.0
50.0
37.0
199.0
47.0
193.0
211.0
169.0
243.0
171.0
187.0
178.0
35.0
189.0
42.0
171.0
42.0
186.0
189.0
35.0
192.0
187.0
36.0
206.0
196.0
37.0
36.0
189.0
176.0
243.0
68.0
190.0
179.0
42.0
201.0
207.0
187.0
186.0
187.0
49.0
172.0
173.0
179.0
166.0
181.0
202.0
198.0
205.0
181.0
192.0
50.0
190.0
196.0
182.0
209.0
47.0
198.0
171.0
174.0
41.0
37.0
207.0
197.0
180.0
197.0
45.0
35.0
201.0
200.0
206.0
55.0
193.0
206.0
165.0
220.0
189.0
38.0
174.0
198.0
35.0
186.0
199.0
186.0
196.0
175.0
189.0
198.0
179.0
38.0
237.0
49.0
192.0
211.0
180.0
226.0
186.0
36.0
202.0
35.0
176.0
42.0
193.0
184.0
191.0
184.0
43.0
199.0
45.0
173.0
202.0
167.0
183.0
183.0
203.0
187.0
208.0
202.0
52.0
201.0
189.0
190.0
177.0
189.0
165.0
172.0
182.0
188.0
37.0
45.0
187.0
44.0
179.0
38.0
188.0
195.0
212.0
209.0
189.0
48.0
194.0
188.0
173.0
177.0
45.0
198.0
200.0
195.0
204.0
194.0
199.0
47.0
195.0
205.0
37.0
179.0
172.0
200.0
192.0
180.0
219.0
182.0
197.0
197.0
240.0
197.0
188.0
65.0
177.0
190.0
195.0
206.0
188.0
46.0
193.0
196.0
198.0
194.0
171.0
219.0
41.0
180.0
204.0
197.0
219.0
185.0
179.0
211.0
177.0
187.0
170.0
183.0
258.0
194.0
218.0
40.0
190.0
195.0
215.0
76.0
46.0
182.0
168.0
196.0
42.0
41.0
192.0
198.0
170.0
179.0
55.0
194.0
189.0
183.0
193.0
190.0
162.0
189.0
190.0
39.0
40.0
193.0
215.0
176.0
180.0
215.0
43.0
190.0
193.0
181.0
178.0
51.0
48.0
44.0
195.0
183.0
182.0
183.0
39.0
168.0
