170.0
249.0
201.0
236.0
195.0
188.0
220.0
196.0
171.0
180.0
223.0
214.0
240.0
209.0
211.0
213.0
230.0
153.0
155.0
177.0
205.0
174.0
260.0
167.0
168.0
204.0
239.0
170.0
228.0
223.0
167.0
278.0
226.0
162.0
213.0
164.0
175.0
173.0
169.0
213.0
172.0
164.0
204.0
198.0
209.0
219.0
207.0
218.0
212.0
235.0
198.0
196.0
253.0
228.0
185.0
194.0
165.0
188.0
182.0
212.0
222.0
232.0
248.0
224.0
180.0
167.0
173.0
168.0
229.0
188.0
177.0
219.0
219.0
218.0
218.0
243.0
232.0
244.0
236.0
153.0
162.0
181.0
219.0
168.0
218.0
179.0
246.0
174.0
177.0
259.0
223.0
160.0
197.0
162.0
259.0
247.0
195.0
252.0
242.0
182.0
170.0
176.0
228.0
210.0
221.0
215.0
199.0
172.0
217.0
204.0
159.0
163.0
178.0
219.0
226.0
181.0
156.0
160.0
207.0
213.0
169.0
211.0
230.0
209.0
220.0
218.0
226.0
216.0
157.0
191.0
243.0
218.0
209.0
267.0
146.0
240.0
191.0
174.0
230.0
206.0
164.0
222.0
217.0
164.0
254.0
251.0
204.0
201.0
233.0
212.0
212.0
159.0
200.0
226.0
252.0
203.0
230.0
168.0
213.0
166.0
195.0
245.0
176.0
185.0
222.0
216.0
270.0
238.0
225.0
167.0
217.0
241.0
198.0
240.0
190.0
162.0
227.0
196.0
182.0
181.0
159.0
156.0
205.0
186.0
229.0
167.0
191.0
239.0
218.0
195.0
230.0
211.0
165.0
214.0
209.0
181.0
192.0
175.0
214.0
151.0
232.0
191.0
235.0
222.0
165.0
171.0
211.0
161.0
306.0
214.0
180.0
236.0
205.0
184.0
219.0
226.0
243.0
164.0
206.0
240.0
214.0
204.0
269.0
175.0
201.0
202.0
196.0
213.0
175.0
223.0
222.0
231.0
215.0
216.0
213.0
202.0
218.0
167.0
171.0
244.0
164.0
197.0
221.0
216.0
233.0
177.0
191.0
204.0
264.0
217.0
197.0
183.0
213.0
159.0
166.0
172.0
178.0
167.0
239.0
274.0
246.0
245.0
245.0
174.0
177.0
233.0
207.0
208.0
222.0
277.0
195.0
213.0
171.0
226.0
202.0
204.0
176.0
296.0
235.0
220.0
233.0
212.0
170.0
239.0
194.0
159.0
187.0
211.0
218.0
255.0
163.0
193.0
164.0
210.0
236.0
220.0
210.0
176.0
177.0
152.0
269.0
159.0
240.0
281.0
223.0
162.0
171.0
267.0
197.0
237.0
186.0
226.0
246.0
151.0
211.0
207.0
200.0
209.0
200.0
159.0
268.0
209.0
199.0
219.0
225.0
268.0
228.0
198.0
206.0
163.0
219.0
217.0
158.0
214.0
152.0
192.0
181.0
263.0
185.0
228.0
151.0
200.0
246.0
207.0
219.0
208.0
185.0
256.0
198.0
253.0
211.0
254.0
170.0
222.0
240.0
157.0
174.0
170.0
248.0
207.0
202.0
206.0
218.0
281.0
232.0
232.0
217.0
157.0
194.0
189.0
211.0
185.0
233.0
161.0
213.0
213.0
229.0
199.0
179.0
205.0
168.0
190.0
220.0
212.0
202.0
162.0
203.0
199.0
218.0
234.0
234.0
222.0
207.0
195.0
201.0
242.0
174.0
227.0
226.0
177.0
237.0
178.0
168.0
226.0
167.0
209.0
231.0
249.0
206.0
200.0
163.0
241.0
229.0
221.0
258.0
188.0
232.0
174.0
238.0
199.0
250.0
212.0
197.0
180.0
220.0
228.0
214.0
275.0
162.0
205.0
171.0
172.0
205.0
166.0
177.0
208.0
208.0
210.0
207.0
231.0
223.0
166.0
161.0
219.0
163.0
176.0
166.0
226.0
244.0
176.0
163.0
174.0
227.0
216.0
170.0
175.0
210.0
159.0
220.0
166.0
202.0
164.0
219.0
205.0
160.0
207.0
207.0
145.0
159.0
238.0
236.0
211.0
206.0
254.0
248.0
228.0
205.0
175.0
188.0
161.0
245.0
210.0
162.0
213.0
200.0
213.0
212.0
228.0
196.0
174.0
207.0
189.0
175.0
233.0
214.0
217.0
168.0
233.0
169.0
162.0
