263.0
228.0
191.0
228.0
334.0
207.0
192.0
217.0
250.0
185.0
230.0
246.0
201.0
250.0
264.0
249.0
234.0
226.0
281.0
178.0
256.0
236.0
282.0
244.0
209.0
219.0
286.0
274.0
217.0
250.0
255.0
227.0
247.0
239.0
296.0
220.0
280.0
213.0
243.0
237.0
250.0
244.0
297.0
248.0
199.0
256.0
211.0
242.0
189.0
240.0
189.0
262.0
272.0
201.0
239.0
279.0
263.0
244.0
229.0
256.0
202.0
255.0
298.0
200.0
280.0
230.0
233.0
243.0
250.0
196.0
226.0
225.0
228.0
295.0
266.0
195.0
275.0
293.0
232.0
221.0
241.0
221.0
287.0
302.0
240.0
266.0
236.0
191.0
209.0
231.0
266.0
276.0
293.0
266.0
283.0
233.0
240.0
219.0
226.0
323.0
277.0
300.0
247.0
204.0
197.0
224.0
240.0
244.0
221.0
219.0
277.0
207.0
298.0
220.0
252.0
254.0
321.0
225.0
276.0
293.0
234.0
223.0
241.0
240.0
188.0
216.0
296.0
192.0
211.0
234.0
263.0
177.0
226.0
294.0
231.0
281.0
203.0
197.0
276.0
183.0
296.0
312.0
221.0
223.0
255.0
279.0
329.0
244.0
245.0
234.0
226.0
201.0
218.0
265.0
192.0
255.0
206.0
225.0
238.0
191.0
253.0
212.0
252.0
230.0
215.0
184.0
186.0
212.0
248.0
267.0
257.0
234.0
318.0
238.0
246.0
195.0
243.0
182.0
207.0
263.0
256.0
247.0
216.0
247.0
250.0
218.0
227.0
261.0
253.0
254.0
235.0
258.0
253.0
265.0
205.0
235.0
278.0
275.0
222.0
233.0
251.0
286.0
282.0
254.0
203.0
181.0
234.0
173.0
239.0
241.0
254.0
191.0
263.0
313.0
244.0
246.0
243.0
326.0
251.0
260.0
247.0
220.0
250.0
220.0
326.0
245.0
283.0
282.0
273.0
216.0
213.0
172.0
265.0
185.0
268.0
185.0
198.0
284.0
209.0
227.0
270.0
249.0
260.0
298.0
249.0
237.0
249.0
261.0
232.0
217.0
189.0
197.0
276.0
176.0
252.0
197.0
178.0
271.0
268.0
253.0
203.0
195.0
238.0
305.0
193.0
222.0
285.0
232.0
225.0
188.0
228.0
168.0
219.0
246.0
286.0
250.0
234.0
238.0
234.0
229.0
190.0
202.0
219.0
248.0
201.0
207.0
227.0
225.0
236.0
266.0
265.0
233.0
243.0
234.0
255.0
200.0
242.0
263.0
221.0
253.0
187.0
259.0
259.0
206.0
250.0
225.0
228.0
258.0
275.0
272.0
277.0
213.0
239.0
271.0
191.0
286.0
197.0
228.0
268.0
227.0
253.0
279.0
245.0
230.0
218.0
196.0
200.0
228.0
205.0
183.0
238.0
261.0
239.0
253.0
259.0
285.0
242.0
245.0
271.0
227.0
195.0
290.0
288.0
256.0
236.0
236.0
262.0
203.0
209.0
277.0
241.0
185.0
188.0
232.0
238.0
254.0
200.0
254.0
182.0
241.0
214.0
248.0
231.0
261.0
270.0
193.0
233.0
230.0
199.0
232.0
196.0
231.0
279.0
235.0
222.0
196.0
253.0
184.0
192.0
254.0
171.0
279.0
264.0
256.0
219.0
246.0
186.0
191.0
293.0
259.0
190.0
272.0
291.0
245.0
272.0
293.0
243.0
258.0
176.0
189.0
202.0
240.0
191.0
276.0
183.0
247.0
182.0
252.0
203.0
238.0
205.0
245.0
184.0
296.0
262.0
299.0
270.0
236.0
193.0
235.0
270.0
254.0
290.0
243.0
243.0
212.0
252.0
186.0
182.0
268.0
289.0
273.0
187.0
272.0
239.0
283.0
295.0
247.0
236.0
236.0
166.0
200.0
280.0
194.0
212.0
243.0
277.0
201.0
302.0
233.0
265.0
189.0
206.0
226.0
257.0
277.0
218.0
255.0
167.0
246.0
197.0
261.0
258.0
188.0
239.0
265.0
198.0
211.0
211.0
274.0
247.0
245.0
197.0
259.0
286.0
273.0
236.0
277.0
225.0
246.0
233.0
271.0
179.0
254.0
211.0
185.0
265.0
196.0
225.0
234.0
251.0
230.0
253.0
221.0
206.0
246.0
207.0
250.0
224.0
259.0
