187.0
165.0
156.0
198.0
224.0
201.0
181.0
200.0
189.0
166.0
193.0
190.0
163.0
158.0
180.0
214.0
167.0
207.0
216.0
157.0
157.0
171.0
190.0
167.0
150.0
194.0
193.0
183.0
191.0
192.0
193.0
210.0
184.0
173.0
216.0
163.0
177.0
154.0
201.0
158.0
205.0
156.0
165.0
205.0
186.0
225.0
178.0
188.0
177.0
154.0
160.0
151.0
212.0
204.0
160.0
183.0
194.0
186.0
184.0
198.0
164.0
162.0
201.0
167.0
215.0
167.0
204.0
200.0
214.0
206.0
169.0
155.0
175.0
158.0
153.0
167.0
171.0
172.0
179.0
234.0
165.0
181.0
161.0
176.0
161.0
160.0
167.0
178.0
158.0
208.0
206.0
204.0
179.0
163.0
194.0
164.0
186.0
184.0
159.0
192.0
220.0
190.0
159.0
164.0
189.0
151.0
175.0
172.0
168.0
191.0
174.0
215.0
159.0
172.0
181.0
152.0
163.0
204.0
173.0
155.0
171.0
293.0
182.0
160.0
213.0
189.0
186.0
173.0
161.0
184.0
191.0
164.0
210.0
158.0
220.0
166.0
222.0
201.0
170.0
194.0
165.0
169.0
166.0
165.0
197.0
186.0
207.0
161.0
173.0
153.0
186.0
171.0
220.0
164.0
225.0
156.0
292.0
238.0
160.0
177.0
157.0
156.0
180.0
174.0
171.0
211.0
217.0
241.0
161.0
180.0
185.0
171.0
186.0
197.0
174.0
216.0
154.0
185.0
206.0
167.0
184.0
178.0
214.0
182.0
160.0
216.0
199.0
160.0
210.0
168.0
158.0
172.0
185.0
176.0
201.0
188.0
228.0
158.0
191.0
171.0
204.0
219.0
191.0
199.0
181.0
164.0
180.0
160.0
161.0
168.0
175.0
197.0
187.0
189.0
169.0
165.0
260.0
208.0
219.0
160.0
170.0
186.0
205.0
185.0
181.0
165.0
179.0
162.0
156.0
176.0
162.0
201.0
170.0
189.0
150.0
157.0
188.0
236.0
151.0
179.0
192.0
220.0
199.0
190.0
226.0
212.0
214.0
209.0
169.0
198.0
203.0
184.0
195.0
197.0
204.0
160.0
206.0
157.0
212.0
222.0
203.0
185.0
175.0
167.0
159.0
199.0
156.0
201.0
174.0
218.0
185.0
193.0
213.0
199.0
190.0
155.0
159.0
186.0
186.0
141.0
194.0
196.0
197.0
158.0
193.0
148.0
159.0
185.0
196.0
271.0
205.0
174.0
157.0
165.0
238.0
170.0
148.0
162.0
156.0
202.0
201.0
160.0
186.0
189.0
171.0
162.0
161.0
162.0
181.0
212.0
211.0
167.0
209.0
153.0
186.0
165.0
171.0
176.0
188.0
207.0
179.0
217.0
212.0
167.0
165.0
210.0
174.0
155.0
193.0
165.0
182.0
191.0
186.0
169.0
179.0
169.0
174.0
155.0
210.0
162.0
180.0
235.0
193.0
187.0
261.0
219.0
245.0
195.0
205.0
186.0
162.0
160.0
180.0
192.0
164.0
162.0
205.0
164.0
183.0
151.0
163.0
162.0
190.0
162.0
202.0
180.0
185.0
166.0
161.0
176.0
190.0
150.0
171.0
161.0
213.0
178.0
190.0
174.0
168.0
209.0
163.0
167.0
203.0
161.0
229.0
222.0
220.0
163.0
275.0
202.0
192.0
172.0
183.0
184.0
167.0
159.0
201.0
224.0
189.0
177.0
153.0
161.0
177.0
146.0
195.0
195.0
164.0
179.0
171.0
192.0
214.0
189.0
164.0
161.0
194.0
182.0
242.0
155.0
197.0
166.0
169.0
177.0
175.0
159.0
174.0
184.0
169.0
185.0
170.0
220.0
332.0
216.0
191.0
156.0
190.0
168.0
185.0
161.0
157.0
149.0
180.0
186.0
177.0
165.0
189.0
164.0
169.0
166.0
166.0
192.0
194.0
213.0
169.0
187.0
183.0
170.0
169.0
158.0
156.0
217.0
201.0
191.0
155.0
181.0
163.0
164.0
158.0
204.0
200.0
209.0
155.0
244.0
176.0
158.0
154.0
216.0
153.0
166.0
155.0
197.0
160.0
184.0
175.0
190.0
181.0
213.0
209.0
179.0
163.0
157.0
267.0
171.0
160.0
197.0
162.0
197.0
182.0
177.0
164.0
156.0
