158.0
217.0
179.0
161.0
194.0
173.0
183.0
159.0
160.0
172.0
165.0
257.0
175.0
175.0
176.0
174.0
177.0
191.0
188.0
171.0
171.0
190.0
167.0
192.0
161.0
209.0
170.0
165.0
160.0
157.0
177.0
194.0
171.0
167.0
183.0
171.0
153.0
184.0
173.0
184.0
203.0
187.0
179.0
167.0
165.0
177.0
193.0
175.0
160.0
185.0
184.0
184.0
180.0
191.0
197.0
198.0
174.0
182.0
168.0
168.0
180.0
184.0
188.0
216.0
197.0
204.0
185.0
174.0
184.0
178.0
185.0
190.0
171.0
196.0
176.0
171.0
167.0
188.0
177.0
183.0
172.0
247.0
194.0
177.0
179.0
181.0
188.0
183.0
193.0
173.0
198.0
179.0
185.0
190.0
158.0
174.0
176.0
186.0
212.0
186.0
164.0
188.0
166.0
201.0
187.0
196.0
158.0
161.0
192.0
173.0
197.0
186.0
184.0
170.0
176.0
163.0
185.0
187.0
177.0
170.0
232.0
179.0
184.0
187.0
195.0
173.0
180.0
171.0
175.0
165.0
184.0
197.0
182.0
196.0
175.0
170.0
176.0
181.0
184.0
182.0
202.0
174.0
184.0
176.0
205.0
205.0
157.0
171.0
183.0
177.0
188.0
167.0
166.0
193.0
191.0
170.0
151.0
168.0
208.0
165.0
158.0
181.0
183.0
180.0
186.0
167.0
193.0
162.0
174.0
170.0
179.0
192.0
149.0
177.0
168.0
180.0
169.0
177.0
185.0
202.0
159.0
184.0
179.0
183.0
194.0
181.0
182.0
179.0
166.0
193.0
205.0
197.0
166.0
181.0
169.0
182.0
163.0
224.0
182.0
178.0
199.0
183.0
181.0
238.0
190.0
218.0
204.0
167.0
178.0
172.0
186.0
165.0
193.0
168.0
214.0
191.0
169.0
202.0
217.0
164.0
172.0
189.0
174.0
199.0
184.0
174.0
154.0
177.0
171.0
159.0
165.0
177.0
154.0
177.0
184.0
197.0
165.0
177.0
176.0
182.0
177.0
180.0
204.0
173.0
160.0
165.0
211.0
161.0
168.0
178.0
187.0
177.0
174.0
177.0
176.0
152.0
196.0
161.0
193.0
169.0
194.0
178.0
210.0
172.0
175.0
187.0
175.0
177.0
182.0
185.0
190.0
181.0
189.0
180.0
170.0
159.0
194.0
169.0
181.0
175.0
192.0
184.0
183.0
186.0
180.0
182.0
196.0
176.0
194.0
175.0
175.0
183.0
168.0
177.0
218.0
159.0
185.0
182.0
192.0
181.0
199.0
173.0
215.0
175.0
186.0
179.0
173.0
177.0
164.0
176.0
192.0
165.0
217.0
166.0
163.0
178.0
184.0
198.0
176.0
181.0
168.0
180.0
167.0
164.0
179.0
180.0
177.0
182.0
181.0
180.0
171.0
196.0
216.0
221.0
178.0
178.0
184.0
155.0
213.0
196.0
162.0
169.0
177.0
179.0
216.0
167.0
190.0
173.0
190.0
184.0
182.0
177.0
175.0
176.0
182.0
184.0
127.0
159.0
181.0
176.0
263.0
173.0
180.0
193.0
181.0
182.0
174.0
244.0
156.0
169.0
227.0
188.0
156.0
170.0
194.0
172.0
179.0
172.0
165.0
187.0
192.0
187.0
174.0
180.0
190.0
164.0
211.0
188.0
187.0
165.0
184.0
163.0
173.0
201.0
178.0
202.0
170.0
175.0
171.0
201.0
156.0
176.0
173.0
180.0
184.0
167.0
172.0
143.0
195.0
194.0
171.0
179.0
188.0
188.0
172.0
187.0
195.0
182.0
193.0
198.0
175.0
181.0
165.0
160.0
180.0
182.0
168.0
192.0
170.0
202.0
160.0
177.0
211.0
173.0
188.0
198.0
182.0
169.0
203.0
176.0
185.0
156.0
190.0
179.0
172.0
172.0
178.0
203.0
185.0
180.0
154.0
170.0
182.0
172.0
151.0
179.0
174.0
173.0
187.0
173.0
183.0
186.0
187.0
170.0
181.0
179.0
177.0
174.0
206.0
180.0
170.0
155.0
182.0
185.0
159.0
196.0
173.0
189.0
191.0
174.0
186.0
170.0
167.0
201.0
170.0
161.0
175.0
180.0
205.0
170.0
176.0
187.0
208.0
216.0
167.0
195.0
184.0
186.0
183.0
171.0
