315.0
296.0
258.0
254.0
320.0
227.0
228.0
260.0
255.0
295.0
249.0
249.0
202.0
213.0
265.0
322.0
248.0
257.0
218.0
309.0
216.0
237.0
260.0
257.0
314.0
207.0
277.0
284.0
321.0
260.0
260.0
213.0
217.0
285.0
301.0
215.0
236.0
287.0
228.0
306.0
278.0
226.0
255.0
231.0
330.0
241.0
287.0
296.0
254.0
214.0
255.0
227.0
244.0
311.0
206.0
233.0
276.0
233.0
261.0
259.0
249.0
216.0
225.0
259.0
262.0
261.0
277.0
267.0
271.0
279.0
214.0
246.0
282.0
233.0
215.0
259.0
235.0
325.0
263.0
262.0
196.0
302.0
275.0
270.0
246.0
247.0
320.0
262.0
325.0
252.0
304.0
274.0
321.0
241.0
249.0
320.0
215.0
262.0
297.0
228.0
227.0
209.0
278.0
248.0
275.0
195.0
223.0
225.0
246.0
299.0
206.0
289.0
221.0
252.0
211.0
273.0
257.0
245.0
238.0
218.0
241.0
265.0
233.0
249.0
270.0
238.0
218.0
238.0
279.0
292.0
290.0
260.0
275.0
252.0
320.0
221.0
256.0
241.0
266.0
269.0
220.0
300.0
296.0
253.0
200.0
287.0
273.0
259.0
265.0
285.0
290.0
253.0
217.0
300.0
227.0
274.0
213.0
252.0
244.0
265.0
242.0
336.0
302.0
291.0
266.0
249.0
234.0
298.0
274.0
263.0
220.0
275.0
312.0
307.0
265.0
312.0
288.0
291.0
228.0
217.0
194.0
306.0
249.0
303.0
276.0
238.0
277.0
308.0
243.0
210.0
285.0
325.0
255.0
293.0
302.0
207.0
281.0
251.0
265.0
266.0
213.0
218.0
265.0
278.0
305.0
217.0
252.0
230.0
233.0
271.0
193.0
204.0
199.0
334.0
291.0
257.0
269.0
302.0
309.0
246.0
256.0
275.0
266.0
270.0
337.0
263.0
199.0
237.0
207.0
214.0
242.0
249.0
313.0
221.0
261.0
297.0
277.0
267.0
270.0
249.0
258.0
233.0
269.0
271.0
233.0
274.0
215.0
274.0
285.0
219.0
245.0
240.0
300.0
322.0
271.0
302.0
260.0
223.0
212.0
243.0
269.0
253.0
257.0
234.0
269.0
247.0
255.0
287.0
228.0
252.0
324.0
246.0
247.0
208.0
273.0
301.0
259.0
259.0
265.0
211.0
301.0
278.0
233.0
227.0
227.0
230.0
284.0
246.0
286.0
283.0
260.0
267.0
283.0
319.0
260.0
243.0
269.0
209.0
220.0
270.0
277.0
284.0
290.0
244.0
219.0
303.0
236.0
254.0
255.0
228.0
237.0
302.0
209.0
246.0
246.0
226.0
225.0
258.0
199.0
320.0
248.0
289.0
288.0
244.0
214.0
237.0
239.0
264.0
238.0
252.0
310.0
248.0
222.0
237.0
253.0
255.0
251.0
207.0
299.0
209.0
214.0
275.0
291.0
273.0
206.0
285.0
273.0
262.0
228.0
249.0
281.0
297.0
273.0
247.0
213.0
228.0
302.0
248.0
262.0
262.0
202.0
277.0
306.0
261.0
261.0
279.0
297.0
307.0
243.0
243.0
212.0
272.0
263.0
252.0
287.0
270.0
296.0
211.0
306.0
240.0
236.0
303.0
284.0
262.0
260.0
225.0
265.0
304.0
204.0
267.0
204.0
273.0
216.0
288.0
198.0
244.0
281.0
295.0
269.0
236.0
273.0
236.0
274.0
254.0
276.0
202.0
325.0
282.0
247.0
270.0
268.0
272.0
291.0
305.0
296.0
291.0
258.0
210.0
262.0
220.0
303.0
253.0
260.0
244.0
301.0
290.0
305.0
267.0
212.0
253.0
203.0
265.0
237.0
263.0
292.0
246.0
235.0
195.0
287.0
216.0
243.0
263.0
281.0
237.0
244.0
267.0
274.0
243.0
263.0
292.0
273.0
221.0
223.0
311.0
243.0
248.0
217.0
268.0
307.0
251.0
269.0
247.0
265.0
249.0
293.0
218.0
263.0
232.0
292.0
267.0
218.0
327.0
208.0
218.0
307.0
202.0
251.0
297.0
263.0
282.0
207.0
230.0
277.0
295.0
269.0
226.0
277.0
216.0
302.0
289.0
256.0
284.0
242.0
241.0
276.0
290.0
264.0
272.0
258.0
283.0
