207.0
200.0
221.0
205.0
189.0
211.0
241.0
187.0
139.0
179.0
211.0
222.0
216.0
202.0
188.0
186.0
198.0
197.0
206.0
197.0
216.0
213.0
192.0
196.0
183.0
203.0
199.0
231.0
194.0
200.0
209.0
200.0
206.0
210.0
187.0
194.0
174.0
205.0
172.0
203.0
192.0
182.0
215.0
177.0
255.0
202.0
192.0
181.0
223.0
224.0
192.0
181.0
184.0
202.0
193.0
257.0
212.0
215.0
205.0
186.0
69.0
176.0
179.0
177.0
249.0
197.0
189.0
167.0
198.0
184.0
236.0
55.0
193.0
223.0
191.0
216.0
202.0
30.0
170.0
198.0
191.0
190.0
205.0
200.0
231.0
246.0
250.0
228.0
216.0
181.0
186.0
174.0
199.0
184.0
189.0
218.0
225.0
174.0
213.0
211.0
175.0
199.0
199.0
191.0
169.0
188.0
195.0
187.0
216.0
181.0
195.0
191.0
199.0
199.0
225.0
181.0
181.0
200.0
202.0
225.0
195.0
179.0
184.0
204.0
176.0
202.0
186.0
180.0
194.0
168.0
213.0
219.0
207.0
172.0
198.0
198.0
206.0
188.0
170.0
185.0
214.0
250.0
215.0
193.0
204.0
197.0
196.0
179.0
188.0
221.0
212.0
189.0
189.0
183.0
208.0
168.0
172.0
230.0
183.0
173.0
241.0
196.0
238.0
190.0
217.0
206.0
209.0
227.0
189.0
230.0
186.0
242.0
220.0
207.0
240.0
180.0
186.0
209.0
185.0
172.0
197.0
206.0
197.0
202.0
205.0
178.0
121.0
191.0
180.0
183.0
207.0
175.0
181.0
203.0
173.0
209.0
188.0
200.0
202.0
183.0
172.0
200.0
182.0
182.0
216.0
223.0
186.0
208.0
172.0
199.0
27.0
196.0
170.0
226.0
181.0
183.0
203.0
194.0
200.0
202.0
200.0
207.0
189.0
191.0
180.0
192.0
215.0
183.0
180.0
216.0
212.0
185.0
185.0
197.0
228.0
190.0
216.0
164.0
179.0
203.0
195.0
193.0
204.0
259.0
196.0
194.0
186.0
180.0
185.0
188.0
227.0
202.0
189.0
26.0
198.0
215.0
198.0
192.0
85.0
200.0
210.0
159.0
54.0
163.0
171.0
205.0
259.0
220.0
196.0
181.0
179.0
195.0
179.0
193.0
218.0
250.0
189.0
247.0
222.0
222.0
220.0
194.0
204.0
256.0
231.0
195.0
194.0
200.0
200.0
203.0
202.0
223.0
232.0
226.0
202.0
168.0
177.0
198.0
163.0
218.0
235.0
206.0
203.0
204.0
188.0
202.0
219.0
183.0
226.0
173.0
204.0
194.0
213.0
184.0
215.0
220.0
248.0
220.0
181.0
260.0
259.0
195.0
235.0
181.0
198.0
203.0
189.0
199.0
223.0
190.0
236.0
200.0
215.0
242.0
203.0
202.0
208.0
193.0
200.0
218.0
204.0
187.0
187.0
216.0
190.0
174.0
257.0
174.0
185.0
182.0
222.0
182.0
195.0
271.0
213.0
211.0
208.0
180.0
71.0
190.0
199.0
200.0
208.0
197.0
207.0
172.0
233.0
191.0
205.0
234.0
187.0
200.0
180.0
188.0
278.0
197.0
219.0
251.0
213.0
181.0
186.0
235.0
196.0
203.0
228.0
177.0
186.0
185.0
170.0
214.0
216.0
206.0
222.0
195.0
207.0
200.0
218.0
239.0
202.0
203.0
202.0
209.0
209.0
147.0
187.0
199.0
201.0
205.0
196.0
194.0
178.0
187.0
182.0
203.0
172.0
255.0
59.0
207.0
226.0
62.0
199.0
179.0
192.0
198.0
191.0
179.0
192.0
233.0
183.0
228.0
193.0
218.0
185.0
213.0
208.0
195.0
225.0
209.0
178.0
203.0
179.0
252.0
209.0
193.0
210.0
210.0
199.0
216.0
61.0
217.0
193.0
177.0
221.0
184.0
218.0
76.0
196.0
191.0
192.0
32.0
177.0
218.0
205.0
206.0
209.0
205.0
184.0
197.0
234.0
189.0
207.0
195.0
173.0
190.0
191.0
212.0
191.0
236.0
205.0
178.0
200.0
222.0
211.0
180.0
256.0
216.0
196.0
186.0
179.0
193.0
228.0
197.0
190.0
199.0
204.0
186.0
198.0
204.0
191.0
229.0
