138.0
127.0
106.0
114.0
148.0
157.0
152.0
119.0
222.0
97.0
150.0
171.0
221.0
207.0
172.0
177.0
123.0
141.0
137.0
107.0
156.0
164.0
114.0
172.0
123.0
208.0
155.0
157.0
164.0
153.0
146.0
135.0
165.0
112.0
173.0
171.0
131.0
106.0
185.0
162.0
181.0
117.0
147.0
109.0
166.0
183.0
226.0
188.0
152.0
192.0
138.0
125.0
165.0
100.0
173.0
162.0
207.0
138.0
212.0
146.0
120.0
161.0
127.0
154.0
162.0
198.0
157.0
181.0
155.0
151.0
145.0
180.0
164.0
163.0
97.0
149.0
200.0
92.0
187.0
163.0
138.0
187.0
109.0
162.0
185.0
88.0
201.0
150.0
182.0
137.0
95.0
143.0
169.0
183.0
212.0
101.0
169.0
179.0
179.0
137.0
157.0
172.0
159.0
141.0
154.0
158.0
216.0
149.0
188.0
111.0
190.0
135.0
178.0
197.0
158.0
137.0
160.0
186.0
173.0
130.0
177.0
170.0
173.0
117.0
156.0
136.0
154.0
144.0
122.0
127.0
103.0
189.0
150.0
178.0
176.0
174.0
136.0
103.0
153.0
144.0
156.0
131.0
150.0
144.0
194.0
92.0
155.0
193.0
207.0
171.0
156.0
176.0
149.0
181.0
151.0
124.0
90.0
143.0
144.0
176.0
163.0
186.0
166.0
160.0
111.0
165.0
167.0
133.0
151.0
152.0
149.0
159.0
169.0
188.0
140.0
196.0
154.0
149.0
189.0
145.0
154.0
176.0
160.0
149.0
160.0
99.0
148.0
188.0
169.0
220.0
168.0
184.0
147.0
104.0
156.0
142.0
176.0
233.0
158.0
128.0
148.0
149.0
114.0
174.0
165.0
120.0
214.0
169.0
204.0
130.0
186.0
144.0
244.0
156.0
159.0
95.0
175.0
135.0
141.0
125.0
165.0
61.0
180.0
165.0
147.0
184.0
94.0
182.0
127.0
101.0
152.0
136.0
209.0
165.0
172.0
168.0
117.0
189.0
146.0
186.0
171.0
153.0
127.0
190.0
249.0
123.0
151.0
138.0
142.0
157.0
181.0
159.0
177.0
137.0
159.0
168.0
160.0
156.0
167.0
168.0
157.0
168.0
168.0
199.0
175.0
162.0
174.0
163.0
149.0
153.0
160.0
201.0
243.0
91.0
178.0
129.0
205.0
156.0
160.0
117.0
130.0
173.0
165.0
141.0
146.0
155.0
151.0
151.0
162.0
193.0
137.0
137.0
138.0
134.0
169.0
176.0
151.0
157.0
177.0
91.0
163.0
109.0
174.0
185.0
192.0
126.0
165.0
163.0
182.0
138.0
168.0
140.0
181.0
170.0
147.0
161.0
70.0
123.0
191.0
152.0
153.0
196.0
135.0
162.0
165.0
154.0
94.0
115.0
148.0
149.0
93.0
116.0
170.0
156.0
174.0
110.0
174.0
183.0
167.0
113.0
141.0
189.0
113.0
70.0
164.0
141.0
148.0
145.0
130.0
150.0
165.0
191.0
149.0
167.0
112.0
180.0
169.0
98.0
155.0
167.0
104.0
190.0
75.0
174.0
171.0
103.0
173.0
174.0
162.0
166.0
158.0
151.0
193.0
156.0
151.0
191.0
144.0
201.0
116.0
144.0
148.0
170.0
124.0
148.0
166.0
149.0
224.0
150.0
117.0
195.0
171.0
177.0
187.0
148.0
195.0
99.0
164.0
147.0
92.0
181.0
239.0
153.0
142.0
209.0
177.0
178.0
145.0
172.0
73.0
179.0
164.0
166.0
147.0
217.0
144.0
182.0
196.0
146.0
157.0
157.0
239.0
161.0
149.0
187.0
108.0
82.0
75.0
161.0
155.0
65.0
111.0
173.0
161.0
168.0
151.0
205.0
180.0
147.0
165.0
186.0
200.0
145.0
116.0
184.0
158.0
168.0
153.0
143.0
113.0
166.0
215.0
155.0
135.0
205.0
124.0
159.0
210.0
149.0
157.0
174.0
195.0
166.0
212.0
128.0
151.0
174.0
166.0
167.0
172.0
188.0
179.0
152.0
127.0
118.0
108.0
159.0
145.0
111.0
187.0
197.0
153.0
155.0
174.0
105.0
149.0
156.0
148.0
114.0
94.0
141.0
120.0
166.0
153.0
183.0
152.0
201.0
158.0
155.0
80.0
160.0
