180.0
166.0
160.0
184.0
176.0
171.0
171.0
163.0
176.0
170.0
179.0
172.0
162.0
125.0
177.0
169.0
185.0
185.0
178.0
176.0
184.0
167.0
153.0
227.0
171.0
185.0
174.0
172.0
180.0
179.0
168.0
178.0
158.0
174.0
193.0
172.0
180.0
158.0
172.0
173.0
178.0
172.0
179.0
174.0
176.0
170.0
172.0
159.0
168.0
170.0
176.0
176.0
174.0
165.0
170.0
156.0
167.0
167.0
164.0
187.0
179.0
164.0
161.0
170.0
213.0
177.0
156.0
178.0
179.0
167.0
171.0
172.0
172.0
158.0
172.0
159.0
160.0
172.0
176.0
182.0
182.0
164.0
175.0
168.0
182.0
163.0
181.0
155.0
176.0
187.0
171.0
177.0
167.0
175.0
165.0
171.0
165.0
161.0
166.0
178.0
159.0
168.0
184.0
226.0
164.0
161.0
188.0
173.0
170.0
166.0
192.0
166.0
157.0
182.0
168.0
170.0
160.0
163.0
191.0
162.0
153.0
173.0
183.0
156.0
148.0
171.0
162.0
177.0
178.0
175.0
175.0
171.0
163.0
173.0
179.0
165.0
172.0
160.0
170.0
167.0
170.0
154.0
171.0
188.0
158.0
173.0
177.0
179.0
158.0
167.0
168.0
159.0
207.0
165.0
152.0
183.0
181.0
168.0
175.0
159.0
172.0
164.0
175.0
164.0
183.0
156.0
166.0
183.0
175.0
181.0
167.0
181.0
166.0
163.0
173.0
174.0
170.0
185.0
170.0
171.0
176.0
159.0
170.0
177.0
176.0
173.0
160.0
177.0
175.0
162.0
184.0
181.0
173.0
166.0
174.0
173.0
162.0
161.0
168.0
179.0
155.0
167.0
168.0
179.0
174.0
172.0
165.0
172.0
171.0
165.0
168.0
175.0
174.0
169.0
169.0
151.0
186.0
160.0
173.0
173.0
214.0
170.0
170.0
177.0
168.0
174.0
173.0
181.0
180.0
172.0
168.0
181.0
173.0
155.0
174.0
171.0
170.0
178.0
189.0
169.0
178.0
161.0
162.0
160.0
173.0
158.0
153.0
173.0
160.0
174.0
166.0
174.0
173.0
160.0
158.0
173.0
178.0
162.0
169.0
152.0
185.0
173.0
171.0
172.0
180.0
178.0
167.0
180.0
189.0
178.0
154.0
189.0
163.0
154.0
164.0
172.0
166.0
174.0
171.0
181.0
176.0
144.0
166.0
146.0
148.0
163.0
171.0
172.0
170.0
174.0
167.0
182.0
175.0
175.0
180.0
175.0
184.0
175.0
173.0
169.0
164.0
168.0
163.0
218.0
183.0
176.0
194.0
177.0
172.0
167.0
173.0
177.0
176.0
166.0
169.0
185.0
167.0
169.0
176.0
169.0
168.0
176.0
150.0
177.0
175.0
151.0
181.0
166.0
175.0
171.0
162.0
172.0
153.0
170.0
156.0
160.0
177.0
185.0
157.0
164.0
175.0
171.0
173.0
170.0
168.0
174.0
176.0
167.0
164.0
162.0
179.0
179.0
169.0
169.0
177.0
161.0
176.0
181.0
152.0
164.0
180.0
179.0
168.0
169.0
164.0
172.0
181.0
181.0
165.0
172.0
163.0
181.0
163.0
184.0
152.0
167.0
157.0
186.0
173.0
184.0
176.0
174.0
171.0
176.0
171.0
179.0
161.0
153.0
166.0
179.0
192.0
154.0
183.0
156.0
171.0
176.0
158.0
182.0
159.0
177.0
165.0
174.0
170.0
180.0
173.0
169.0
171.0
174.0
161.0
195.0
182.0
183.0
178.0
171.0
162.0
175.0
159.0
182.0
151.0
154.0
166.0
174.0
172.0
176.0
170.0
164.0
171.0
179.0
176.0
141.0
182.0
167.0
176.0
171.0
171.0
172.0
182.0
152.0
148.0
172.0
163.0
202.0
157.0
173.0
177.0
173.0
173.0
165.0
171.0
174.0
169.0
157.0
188.0
181.0
162.0
172.0
170.0
180.0
170.0
158.0
160.0
162.0
179.0
126.0
170.0
184.0
175.0
167.0
169.0
171.0
173.0
160.0
183.0
168.0
166.0
166.0
173.0
170.0
167.0
165.0
183.0
167.0
169.0
171.0
171.0
187.0
170.0
159.0
169.0
151.0
175.0
176.0
169.0
166.0
159.0
165.0
171.0
165.0
180.0
214.0
