139.0
145.0
164.0
149.0
144.0
141.0
146.0
161.0
150.0
152.0
152.0
137.0
150.0
145.0
146.0
140.0
166.0
101.0
154.0
141.0
144.0
155.0
141.0
159.0
136.0
148.0
154.0
159.0
162.0
168.0
145.0
141.0
150.0
141.0
155.0
151.0
150.0
135.0
173.0
150.0
148.0
151.0
141.0
165.0
142.0
156.0
143.0
150.0
157.0
134.0
165.0
153.0
146.0
126.0
149.0
141.0
157.0
134.0
148.0
140.0
140.0
136.0
151.0
154.0
140.0
137.0
148.0
157.0
156.0
151.0
132.0
140.0
153.0
151.0
150.0
144.0
143.0
160.0
149.0
157.0
149.0
150.0
132.0
152.0
150.0
147.0
132.0
159.0
147.0
127.0
159.0
168.0
157.0
143.0
150.0
163.0
151.0
146.0
150.0
158.0
138.0
149.0
161.0
156.0
147.0
158.0
147.0
147.0
145.0
145.0
148.0
131.0
129.0
137.0
194.0
146.0
156.0
157.0
151.0
155.0
153.0
159.0
136.0
160.0
163.0
147.0
160.0
149.0
151.0
143.0
135.0
144.0
153.0
147.0
147.0
155.0
146.0
144.0
160.0
145.0
155.0
183.0
147.0
154.0
155.0
151.0
151.0
173.0
148.0
141.0
143.0
148.0
157.0
151.0
149.0
154.0
178.0
145.0
160.0
153.0
145.0
130.0
147.0
150.0
158.0
143.0
156.0
159.0
151.0
155.0
147.0
148.0
159.0
154.0
142.0
188.0
150.0
147.0
152.0
156.0
141.0
147.0
141.0
154.0
132.0
159.0
158.0
130.0
137.0
144.0
139.0
159.0
140.0
152.0
154.0
145.0
143.0
146.0
131.0
155.0
153.0
149.0
155.0
178.0
152.0
147.0
145.0
151.0
142.0
140.0
148.0
130.0
152.0
142.0
152.0
148.0
144.0
164.0
142.0
154.0
148.0
148.0
143.0
135.0
145.0
127.0
147.0
146.0
154.0
156.0
146.0
163.0
136.0
136.0
153.0
143.0
154.0
144.0
148.0
157.0
147.0
147.0
162.0
161.0
164.0
149.0
139.0
148.0
152.0
149.0
137.0
148.0
140.0
144.0
144.0
147.0
165.0
133.0
153.0
158.0
154.0
163.0
150.0
155.0
130.0
144.0
140.0
158.0
176.0
149.0
154.0
148.0
146.0
146.0
149.0
129.0
148.0
205.0
148.0
153.0
164.0
146.0
145.0
142.0
136.0
150.0
134.0
138.0
147.0
145.0
164.0
151.0
149.0
157.0
149.0
157.0
136.0
131.0
141.0
145.0
149.0
147.0
151.0
143.0
141.0
162.0
147.0
141.0
145.0
152.0
136.0
160.0
138.0
155.0
162.0
144.0
151.0
153.0
151.0
144.0
138.0
155.0
134.0
157.0
142.0
131.0
161.0
149.0
154.0
130.0
159.0
154.0
150.0
150.0
149.0
149.0
150.0
150.0
158.0
146.0
143.0
148.0
145.0
133.0
141.0
140.0
154.0
148.0
146.0
161.0
136.0
142.0
147.0
136.0
153.0
153.0
160.0
151.0
104.0
138.0
140.0
139.0
161.0
137.0
152.0
155.0
138.0
136.0
133.0
161.0
151.0
154.0
139.0
151.0
140.0
159.0
161.0
141.0
159.0
147.0
150.0
130.0
167.0
151.0
156.0
153.0
137.0
143.0
141.0
150.0
163.0
147.0
109.0
149.0
157.0
148.0
150.0
161.0
185.0
147.0
148.0
181.0
143.0
150.0
149.0
146.0
162.0
163.0
154.0
152.0
147.0
142.0
159.0
146.0
197.0
167.0
148.0
146.0
155.0
153.0
154.0
148.0
148.0
135.0
143.0
143.0
149.0
162.0
135.0
150.0
144.0
154.0
159.0
153.0
161.0
153.0
147.0
145.0
148.0
160.0
153.0
140.0
151.0
134.0
153.0
152.0
146.0
170.0
146.0
163.0
140.0
155.0
146.0
143.0
155.0
138.0
159.0
156.0
144.0
134.0
145.0
156.0
164.0
154.0
129.0
151.0
197.0
161.0
159.0
157.0
151.0
155.0
155.0
144.0
150.0
145.0
160.0
147.0
139.0
146.0
149.0
158.0
147.0
147.0
148.0
144.0
151.0
171.0
150.0
158.0
150.0
147.0
147.0
153.0
144.0
152.0
153.0
139.0
137.0
204.0
