200.0
175.0
199.0
180.0
179.0
199.0
228.0
212.0
234.0
138.0
150.0
191.0
207.0
174.0
216.0
183.0
149.0
203.0
189.0
219.0
176.0
142.0
202.0
197.0
185.0
149.0
201.0
166.0
193.0
170.0
193.0
198.0
176.0
196.0
187.0
181.0
196.0
182.0
229.0
172.0
167.0
186.0
149.0
140.0
182.0
186.0
157.0
185.0
186.0
188.0
162.0
140.0
199.0
172.0
183.0
224.0
189.0
190.0
178.0
145.0
204.0
190.0
187.0
182.0
178.0
180.0
170.0
174.0
176.0
162.0
164.0
173.0
278.0
159.0
185.0
209.0
189.0
228.0
122.0
230.0
137.0
217.0
141.0
178.0
200.0
172.0
212.0
165.0
204.0
196.0
232.0
125.0
165.0
170.0
140.0
176.0
164.0
139.0
159.0
137.0
129.0
144.0
184.0
130.0
190.0
198.0
160.0
227.0
205.0
226.0
212.0
204.0
183.0
208.0
213.0
205.0
137.0
186.0
137.0
141.0
188.0
167.0
144.0
141.0
226.0
132.0
186.0
177.0
190.0
199.0
148.0
185.0
183.0
184.0
185.0
184.0
175.0
146.0
143.0
189.0
136.0
179.0
141.0
201.0
173.0
216.0
197.0
193.0
218.0
173.0
157.0
154.0
186.0
174.0
200.0
171.0
178.0
137.0
221.0
175.0
156.0
191.0
196.0
178.0
133.0
209.0
139.0
174.0
185.0
183.0
143.0
180.0
188.0
172.0
141.0
164.0
187.0
183.0
202.0
137.0
172.0
187.0
132.0
180.0
188.0
150.0
137.0
153.0
191.0
138.0
157.0
153.0
177.0
190.0
173.0
188.0
184.0
187.0
269.0
157.0
131.0
171.0
175.0
193.0
146.0
165.0
133.0
139.0
182.0
198.0
163.0
207.0
141.0
156.0
148.0
195.0
200.0
204.0
199.0
200.0
202.0
192.0
172.0
162.0
196.0
181.0
140.0
225.0
173.0
132.0
181.0
196.0
192.0
146.0
135.0
211.0
156.0
175.0
171.0
170.0
155.0
230.0
172.0
174.0
139.0
181.0
143.0
180.0
188.0
144.0
175.0
165.0
143.0
189.0
193.0
151.0
147.0
200.0
172.0
200.0
155.0
142.0
185.0
202.0
173.0
171.0
218.0
138.0
163.0
180.0
206.0
230.0
213.0
136.0
197.0
180.0
229.0
131.0
239.0
131.0
163.0
217.0
193.0
148.0
179.0
183.0
219.0
182.0
154.0
194.0
200.0
154.0
186.0
213.0
175.0
154.0
183.0
147.0
264.0
193.0
165.0
180.0
197.0
180.0
159.0
209.0
163.0
207.0
176.0
140.0
263.0
174.0
166.0
173.0
170.0
164.0
180.0
263.0
128.0
171.0
189.0
197.0
132.0
143.0
195.0
168.0
168.0
195.0
165.0
160.0
135.0
141.0
219.0
142.0
173.0
147.0
169.0
191.0
188.0
170.0
168.0
206.0
195.0
175.0
174.0
146.0
181.0
202.0
135.0
199.0
215.0
188.0
202.0
163.0
218.0
194.0
172.0
139.0
200.0
199.0
160.0
207.0
139.0
199.0
167.0
173.0
193.0
164.0
153.0
180.0
186.0
165.0
208.0
146.0
163.0
178.0
204.0
166.0
166.0
156.0
200.0
179.0
203.0
142.0
168.0
171.0
192.0
150.0
197.0
157.0
183.0
148.0
145.0
208.0
174.0
186.0
189.0
182.0
170.0
124.0
154.0
215.0
181.0
173.0
163.0
162.0
169.0
166.0
163.0
142.0
145.0
148.0
143.0
196.0
217.0
166.0
176.0
202.0
168.0
169.0
188.0
175.0
201.0
185.0
126.0
185.0
165.0
161.0
195.0
184.0
135.0
210.0
183.0
187.0
132.0
173.0
207.0
214.0
139.0
165.0
231.0
177.0
183.0
197.0
195.0
195.0
142.0
176.0
183.0
214.0
179.0
225.0
180.0
209.0
182.0
184.0
138.0
134.0
221.0
188.0
184.0
196.0
207.0
199.0
176.0
200.0
208.0
175.0
224.0
203.0
158.0
164.0
162.0
136.0
172.0
176.0
147.0
193.0
149.0
186.0
167.0
188.0
209.0
183.0
179.0
150.0
169.0
208.0
214.0
185.0
232.0
155.0
210.0
198.0
123.0
145.0
169.0
137.0
148.0
162.0
