138.0
135.0
152.0
143.0
150.0
137.0
143.0
151.0
146.0
143.0
143.0
144.0
144.0
143.0
138.0
148.0
142.0
137.0
149.0
143.0
152.0
154.0
138.0
144.0
143.0
157.0
144.0
147.0
144.0
143.0
139.0
143.0
142.0
145.0
143.0
133.0
143.0
138.0
148.0
140.0
141.0
153.0
144.0
146.0
139.0
152.0
150.0
148.0
140.0
136.0
141.0
136.0
141.0
152.0
147.0
140.0
140.0
134.0
137.0
144.0
147.0
152.0
136.0
139.0
141.0
144.0
137.0
139.0
141.0
143.0
139.0
152.0
145.0
145.0
141.0
143.0
141.0
139.0
152.0
137.0
144.0
143.0
143.0
143.0
142.0
140.0
139.0
147.0
142.0
146.0
151.0
145.0
147.0
151.0
149.0
142.0
148.0
145.0
145.0
139.0
138.0
140.0
149.0
140.0
151.0
146.0
141.0
138.0
146.0
151.0
139.0
148.0
144.0
141.0
144.0
144.0
148.0
132.0
151.0
147.0
140.0
140.0
139.0
145.0
142.0
147.0
138.0
147.0
150.0
140.0
135.0
142.0
133.0
141.0
148.0
136.0
140.0
145.0
139.0
144.0
139.0
139.0
156.0
136.0
145.0
140.0
141.0
139.0
149.0
142.0
140.0
148.0
143.0
142.0
133.0
145.0
148.0
142.0
142.0
146.0
143.0
145.0
156.0
135.0
141.0
146.0
143.0
143.0
145.0
140.0
140.0
145.0
141.0
150.0
142.0
140.0
141.0
141.0
142.0
149.0
142.0
139.0
140.0
139.0
150.0
145.0
151.0
136.0
150.0
143.0
144.0
140.0
140.0
138.0
140.0
143.0
134.0
139.0
132.0
144.0
146.0
139.0
151.0
145.0
142.0
142.0
156.0
141.0
144.0
158.0
140.0
144.0
141.0
144.0
149.0
142.0
151.0
134.0
169.0
145.0
146.0
144.0
131.0
147.0
144.0
146.0
142.0
138.0
142.0
142.0
145.0
141.0
141.0
134.0
147.0
141.0
143.0
147.0
146.0
151.0
143.0
143.0
143.0
148.0
136.0
142.0
142.0
145.0
137.0
140.0
141.0
140.0
141.0
148.0
146.0
150.0
146.0
145.0
147.0
141.0
143.0
138.0
145.0
152.0
142.0
140.0
145.0
138.0
144.0
144.0
143.0
147.0
153.0
136.0
140.0
138.0
140.0
140.0
141.0
143.0
176.0
139.0
141.0
138.0
138.0
145.0
142.0
140.0
132.0
141.0
138.0
149.0
142.0
145.0
138.0
135.0
158.0
138.0
136.0
139.0
146.0
147.0
145.0
141.0
141.0
145.0
143.0
149.0
146.0
149.0
151.0
152.0
150.0
142.0
146.0
153.0
138.0
140.0
147.0
142.0
135.0
153.0
148.0
137.0
146.0
139.0
137.0
148.0
141.0
142.0
139.0
147.0
144.0
145.0
153.0
164.0
147.0
147.0
140.0
148.0
142.0
142.0
138.0
153.0
139.0
148.0
147.0
149.0
154.0
134.0
144.0
136.0
138.0
135.0
147.0
151.0
164.0
139.0
139.0
150.0
148.0
152.0
140.0
152.0
142.0
157.0
138.0
148.0
142.0
140.0
134.0
146.0
142.0
137.0
152.0
144.0
145.0
144.0
164.0
146.0
141.0
145.0
155.0
136.0
141.0
148.0
146.0
136.0
139.0
141.0
137.0
141.0
146.0
135.0
155.0
140.0
151.0
156.0
142.0
146.0
142.0
137.0
154.0
160.0
145.0
143.0
142.0
139.0
140.0
136.0
144.0
143.0
138.0
153.0
139.0
137.0
143.0
139.0
145.0
135.0
138.0
135.0
131.0
143.0
139.0
134.0
140.0
150.0
150.0
144.0
144.0
146.0
149.0
146.0
142.0
139.0
148.0
144.0
147.0
146.0
147.0
140.0
142.0
142.0
150.0
143.0
143.0
157.0
134.0
151.0
143.0
141.0
140.0
153.0
130.0
138.0
142.0
146.0
142.0
137.0
145.0
143.0
145.0
136.0
141.0
148.0
143.0
146.0
137.0
150.0
151.0
152.0
143.0
143.0
140.0
144.0
143.0
144.0
149.0
136.0
146.0
136.0
144.0
139.0
148.0
141.0
157.0
138.0
148.0
136.0
162.0
138.0
162.0
145.0
154.0
146.0
143.0
141.0
137.0
150.0
