221.0
225.0
234.0
196.0
215.0
182.0
234.0
223.0
187.0
192.0
212.0
222.0
217.0
215.0
180.0
241.0
204.0
191.0
180.0
207.0
181.0
172.0
216.0
217.0
185.0
188.0
216.0
225.0
255.0
220.0
229.0
229.0
238.0
205.0
200.0
197.0
253.0
186.0
215.0
230.0
260.0
217.0
192.0
231.0
250.0
247.0
236.0
181.0
177.0
202.0
202.0
218.0
214.0
226.0
224.0
402.0
188.0
211.0
205.0
229.0
225.0
184.0
235.0
186.0
234.0
207.0
239.0
206.0
217.0
220.0
215.0
219.0
222.0
222.0
214.0
248.0
234.0
186.0
252.0
214.0
237.0
234.0
245.0
215.0
243.0
202.0
189.0
249.0
226.0
261.0
186.0
213.0
213.0
205.0
183.0
182.0
203.0
169.0
218.0
272.0
221.0
210.0
231.0
220.0
231.0
220.0
178.0
169.0
181.0
229.0
213.0
191.0
228.0
251.0
218.0
249.0
207.0
186.0
205.0
194.0
232.0
224.0
185.0
184.0
209.0
208.0
180.0
193.0
199.0
207.0
224.0
205.0
238.0
217.0
198.0
225.0
218.0
210.0
222.0
227.0
196.0
208.0
222.0
226.0
220.0
210.0
181.0
214.0
187.0
255.0
197.0
230.0
192.0
213.0
240.0
232.0
227.0
174.0
195.0
226.0
182.0
231.0
221.0
172.0
221.0
237.0
218.0
207.0
270.0
212.0
227.0
217.0
222.0
271.0
187.0
173.0
207.0
208.0
186.0
187.0
229.0
218.0
213.0
217.0
226.0
222.0
221.0
234.0
215.0
271.0
218.0
177.0
224.0
223.0
174.0
187.0
241.0
242.0
199.0
181.0
194.0
211.0
199.0
226.0
219.0
227.0
229.0
206.0
213.0
192.0
218.0
225.0
240.0
206.0
193.0
174.0
203.0
226.0
195.0
167.0
182.0
190.0
196.0
178.0
224.0
186.0
230.0
195.0
180.0
257.0
183.0
218.0
222.0
242.0
221.0
218.0
182.0
226.0
239.0
224.0
172.0
234.0
176.0
204.0
214.0
194.0
235.0
175.0
233.0
220.0
234.0
189.0
220.0
200.0
206.0
176.0
231.0
251.0
202.0
213.0
217.0
198.0
222.0
174.0
204.0
198.0
212.0
212.0
206.0
231.0
223.0
235.0
218.0
183.0
203.0
191.0
208.0
217.0
236.0
187.0
215.0
224.0
235.0
213.0
185.0
273.0
223.0
201.0
217.0
211.0
190.0
212.0
202.0
200.0
232.0
186.0
221.0
195.0
214.0
286.0
228.0
231.0
204.0
182.0
209.0
327.0
247.0
200.0
179.0
213.0
211.0
218.0
208.0
261.0
216.0
236.0
224.0
193.0
367.0
202.0
246.0
216.0
218.0
195.0
181.0
216.0
205.0
202.0
166.0
217.0
218.0
231.0
206.0
253.0
203.0
228.0
224.0
248.0
230.0
230.0
205.0
211.0
229.0
226.0
189.0
243.0
204.0
212.0
210.0
228.0
207.0
227.0
220.0
224.0
244.0
173.0
187.0
235.0
181.0
210.0
184.0
221.0
261.0
210.0
288.0
252.0
221.0
284.0
221.0
236.0
214.0
209.0
220.0
218.0
208.0
188.0
232.0
233.0
229.0
240.0
240.0
178.0
199.0
245.0
233.0
294.0
221.0
206.0
240.0
188.0
172.0
204.0
183.0
185.0
201.0
222.0
179.0
193.0
231.0
223.0
247.0
185.0
227.0
268.0
197.0
224.0
264.0
191.0
234.0
204.0
224.0
196.0
175.0
206.0
216.0
213.0
189.0
213.0
238.0
185.0
232.0
194.0
207.0
182.0
225.0
223.0
196.0
244.0
230.0
219.0
213.0
231.0
260.0
262.0
212.0
225.0
231.0
228.0
222.0
225.0
247.0
215.0
233.0
227.0
269.0
240.0
227.0
184.0
183.0
225.0
183.0
185.0
216.0
184.0
224.0
203.0
184.0
209.0
193.0
227.0
198.0
217.0
174.0
302.0
217.0
204.0
224.0
239.0
209.0
252.0
225.0
175.0
185.0
186.0
165.0
233.0
223.0
230.0
225.0
215.0
187.0
186.0
206.0
214.0
221.0
180.0
209.0
189.0
181.0
176.0
217.0
180.0
209.0
241.0
199.0
220.0
188.0
207.0
172.0
191.0
