150.0
160.0
180.0
181.0
153.0
156.0
185.0
190.0
156.0
153.0
158.0
168.0
162.0
153.0
162.0
184.0
161.0
167.0
175.0
155.0
216.0
195.0
155.0
165.0
185.0
177.0
156.0
167.0
167.0
158.0
171.0
163.0
164.0
166.0
168.0
157.0
164.0
154.0
189.0
160.0
174.0
163.0
156.0
157.0
155.0
158.0
158.0
151.0
189.0
181.0
159.0
156.0
157.0
159.0
160.0
158.0
153.0
153.0
158.0
188.0
166.0
175.0
159.0
154.0
189.0
161.0
173.0
174.0
160.0
167.0
168.0
161.0
150.0
160.0
168.0
153.0
165.0
156.0
160.0
157.0
162.0
160.0
158.0
175.0
165.0
162.0
185.0
198.0
156.0
162.0
151.0
167.0
156.0
165.0
163.0
165.0
164.0
159.0
192.0
152.0
162.0
179.0
159.0
157.0
171.0
160.0
168.0
167.0
174.0
160.0
164.0
163.0
147.0
166.0
158.0
150.0
156.0
162.0
160.0
159.0
186.0
174.0
166.0
190.0
220.0
156.0
163.0
164.0
171.0
151.0
170.0
156.0
166.0
156.0
161.0
154.0
164.0
157.0
156.0
163.0
163.0
159.0
156.0
167.0
155.0
197.0
176.0
165.0
172.0
160.0
153.0
174.0
153.0
163.0
157.0
163.0
147.0
149.0
156.0
183.0
152.0
177.0
168.0
164.0
154.0
155.0
155.0
164.0
145.0
156.0
178.0
159.0
151.0
162.0
152.0
153.0
173.0
146.0
159.0
163.0
152.0
181.0
160.0
159.0
157.0
177.0
166.0
157.0
190.0
179.0
160.0
150.0
167.0
170.0
161.0
151.0
155.0
157.0
166.0
158.0
160.0
164.0
162.0
148.0
160.0
177.0
159.0
173.0
152.0
159.0
145.0
211.0
158.0
165.0
157.0
151.0
155.0
157.0
164.0
166.0
192.0
177.0
159.0
155.0
156.0
178.0
156.0
201.0
165.0
168.0
171.0
161.0
164.0
196.0
193.0
151.0
168.0
171.0
163.0
173.0
167.0
165.0
194.0
179.0
161.0
185.0
159.0
170.0
182.0
160.0
160.0
163.0
166.0
189.0
158.0
176.0
173.0
158.0
147.0
179.0
156.0
153.0
163.0
285.0
152.0
165.0
166.0
169.0
156.0
167.0
171.0
173.0
163.0
160.0
155.0
154.0
152.0
161.0
175.0
156.0
166.0
164.0
167.0
158.0
153.0
158.0
152.0
182.0
156.0
149.0
158.0
163.0
170.0
173.0
172.0
156.0
163.0
166.0
149.0
170.0
176.0
160.0
192.0
158.0
155.0
178.0
149.0
174.0
155.0
186.0
170.0
164.0
169.0
244.0
156.0
154.0
173.0
156.0
156.0
154.0
162.0
169.0
170.0
164.0
154.0
148.0
173.0
193.0
162.0
158.0
164.0
164.0
162.0
156.0
166.0
175.0
160.0
169.0
152.0
155.0
156.0
155.0
154.0
168.0
160.0
154.0
172.0
155.0
169.0
165.0
181.0
154.0
153.0
154.0
158.0
157.0
154.0
157.0
167.0
161.0
171.0
152.0
161.0
160.0
157.0
155.0
168.0
156.0
156.0
154.0
153.0
163.0
157.0
186.0
183.0
147.0
167.0
169.0
162.0
178.0
170.0
164.0
180.0
214.0
150.0
152.0
183.0
156.0
149.0
219.0
146.0
159.0
158.0
158.0
173.0
164.0
157.0
177.0
172.0
160.0
168.0
159.0
156.0
168.0
161.0
156.0
168.0
158.0
168.0
155.0
157.0
170.0
166.0
157.0
170.0
167.0
155.0
171.0
164.0
157.0
164.0
155.0
159.0
162.0
155.0
155.0
157.0
199.0
162.0
142.0
161.0
157.0
163.0
159.0
160.0
165.0
183.0
181.0
192.0
157.0
165.0
174.0
154.0
161.0
152.0
153.0
177.0
177.0
165.0
162.0
166.0
162.0
178.0
160.0
162.0
154.0
164.0
174.0
162.0
161.0
165.0
176.0
171.0
170.0
173.0
186.0
159.0
160.0
161.0
167.0
161.0
166.0
160.0
170.0
159.0
178.0
152.0
162.0
153.0
161.0
156.0
159.0
153.0
155.0
168.0
172.0
153.0
159.0
151.0
161.0
173.0
162.0
163.0
152.0
165.0
155.0
154.0
152.0
215.0
175.0
