123.0
134.0
131.0
132.0
125.0
121.0
143.0
132.0
131.0
140.0
123.0
125.0
125.0
129.0
140.0
133.0
136.0
126.0
128.0
124.0
136.0
126.0
126.0
127.0
124.0
123.0
123.0
123.0
140.0
128.0
133.0
137.0
128.0
147.0
144.0
128.0
130.0
125.0
122.0
131.0
122.0
122.0
125.0
138.0
132.0
126.0
127.0
126.0
122.0
121.0
134.0
130.0
128.0
120.0
139.0
134.0
129.0
132.0
128.0
124.0
136.0
138.0
139.0
121.0
130.0
126.0
133.0
130.0
122.0
126.0
133.0
124.0
122.0
130.0
138.0
131.0
130.0
128.0
132.0
182.0
137.0
125.0
126.0
123.0
130.0
129.0
157.0
123.0
136.0
127.0
124.0
130.0
126.0
130.0
126.0
123.0
146.0
141.0
124.0
125.0
126.0
129.0
128.0
129.0
120.0
124.0
138.0
136.0
123.0
136.0
127.0
149.0
142.0
139.0
134.0
124.0
136.0
134.0
131.0
132.0
137.0
136.0
124.0
141.0
122.0
130.0
132.0
126.0
130.0
119.0
134.0
132.0
133.0
135.0
128.0
126.0
122.0
136.0
132.0
131.0
130.0
126.0
128.0
132.0
139.0
126.0
121.0
128.0
134.0
121.0
127.0
132.0
144.0
133.0
131.0
131.0
130.0
126.0
132.0
120.0
124.0
130.0
120.0
142.0
136.0
121.0
148.0
122.0
128.0
121.0
132.0
139.0
132.0
121.0
128.0
132.0
138.0
138.0
127.0
139.0
136.0
125.0
126.0
129.0
127.0
138.0
149.0
138.0
137.0
124.0
129.0
160.0
130.0
127.0
143.0
132.0
132.0
132.0
124.0
125.0
131.0
129.0
131.0
126.0
128.0
134.0
140.0
144.0
127.0
125.0
128.0
145.0
141.0
125.0
131.0
132.0
125.0
138.0
133.0
143.0
131.0
135.0
125.0
132.0
126.0
130.0
130.0
121.0
123.0
133.0
140.0
147.0
132.0
126.0
122.0
136.0
127.0
131.0
128.0
120.0
138.0
129.0
125.0
128.0
132.0
121.0
133.0
119.0
130.0
134.0
127.0
143.0
128.0
124.0
131.0
132.0
127.0
124.0
138.0
125.0
123.0
124.0
147.0
134.0
137.0
133.0
132.0
126.0
130.0
134.0
128.0
138.0
124.0
142.0
136.0
137.0
131.0
127.0
124.0
135.0
118.0
142.0
149.0
127.0
135.0
131.0
129.0
126.0
124.0
131.0
135.0
124.0
124.0
146.0
124.0
127.0
136.0
129.0
128.0
136.0
126.0
127.0
120.0
127.0
129.0
141.0
128.0
132.0
119.0
129.0
126.0
125.0
135.0
128.0
123.0
127.0
131.0
133.0
129.0
124.0
130.0
126.0
132.0
135.0
135.0
134.0
140.0
130.0
133.0
135.0
126.0
131.0
125.0
162.0
134.0
122.0
124.0
146.0
127.0
130.0
132.0
132.0
132.0
125.0
129.0
126.0
127.0
128.0
135.0
130.0
133.0
120.0
134.0
127.0
124.0
176.0
126.0
124.0
148.0
131.0
120.0
121.0
129.0
126.0
123.0
129.0
126.0
127.0
126.0
128.0
130.0
128.0
140.0
127.0
123.0
124.0
125.0
125.0
129.0
123.0
136.0
126.0
135.0
132.0
122.0
123.0
135.0
130.0
136.0
131.0
130.0
140.0
126.0
128.0
128.0
126.0
132.0
138.0
138.0
128.0
128.0
146.0
129.0
131.0
123.0
123.0
117.0
125.0
121.0
136.0
126.0
125.0
125.0
128.0
132.0
142.0
138.0
140.0
126.0
126.0
132.0
128.0
129.0
130.0
130.0
130.0
127.0
121.0
127.0
133.0
126.0
127.0
143.0
130.0
141.0
130.0
124.0
173.0
123.0
124.0
125.0
136.0
140.0
128.0
135.0
139.0
126.0
129.0
134.0
124.0
135.0
131.0
124.0
129.0
119.0
123.0
129.0
124.0
124.0
125.0
135.0
153.0
125.0
135.0
137.0
135.0
128.0
127.0
129.0
126.0
144.0
138.0
131.0
125.0
124.0
127.0
123.0
128.0
142.0
122.0
122.0
133.0
125.0
132.0
138.0
135.0
127.0
128.0
117.0
128.0
126.0
129.0
134.0
124.0
138.0
136.0
125.0
140.0
144.0
125.0
