198.0
220.0
187.0
188.0
238.0
201.0
183.0
251.0
178.0
189.0
192.0
224.0
229.0
196.0
215.0
238.0
198.0
235.0
211.0
190.0
246.0
203.0
220.0
194.0
192.0
207.0
189.0
187.0
201.0
198.0
199.0
205.0
267.0
223.0
216.0
211.0
254.0
232.0
217.0
203.0
234.0
195.0
220.0
197.0
224.0
191.0
202.0
191.0
196.0
211.0
196.0
207.0
186.0
198.0
207.0
190.0
190.0
189.0
184.0
205.0
229.0
197.0
194.0
209.0
204.0
194.0
199.0
203.0
195.0
214.0
199.0
203.0
186.0
192.0
181.0
219.0
195.0
198.0
184.0
244.0
200.0
187.0
218.0
198.0
210.0
209.0
199.0
205.0
234.0
213.0
196.0
192.0
214.0
193.0
197.0
212.0
195.0
214.0
184.0
197.0
184.0
220.0
246.0
199.0
214.0
198.0
196.0
188.0
192.0
200.0
191.0
229.0
187.0
191.0
226.0
212.0
195.0
211.0
255.0
193.0
254.0
180.0
239.0
202.0
194.0
193.0
182.0
185.0
212.0
191.0
191.0
227.0
230.0
194.0
211.0
198.0
205.0
207.0
202.0
221.0
194.0
190.0
184.0
201.0
192.0
218.0
243.0
204.0
210.0
206.0
208.0
202.0
204.0
194.0
199.0
213.0
208.0
184.0
207.0
203.0
189.0
210.0
189.0
234.0
201.0
232.0
268.0
206.0
194.0
192.0
188.0
196.0
229.0
205.0
200.0
217.0
236.0
184.0
231.0
209.0
244.0
204.0
221.0
183.0
192.0
193.0
207.0
246.0
188.0
219.0
191.0
188.0
201.0
209.0
197.0
203.0
199.0
201.0
206.0
245.0
184.0
212.0
196.0
205.0
251.0
207.0
232.0
204.0
239.0
196.0
187.0
217.0
184.0
203.0
205.0
213.0
192.0
212.0
196.0
202.0
196.0
219.0
211.0
196.0
215.0
189.0
206.0
197.0
230.0
203.0
207.0
213.0
206.0
190.0
223.0
225.0
183.0
237.0
211.0
208.0
203.0
190.0
191.0
200.0
200.0
198.0
192.0
189.0
205.0
199.0
194.0
191.0
202.0
207.0
202.0
182.0
230.0
222.0
192.0
209.0
199.0
190.0
215.0
189.0
196.0
195.0
192.0
202.0
203.0
188.0
224.0
210.0
198.0
197.0
203.0
220.0
246.0
229.0
194.0
194.0
203.0
190.0
186.0
198.0
194.0
184.0
243.0
186.0
190.0
188.0
197.0
193.0
255.0
192.0
183.0
209.0
188.0
196.0
210.0
265.0
204.0
198.0
201.0
194.0
210.0
196.0
213.0
211.0
196.0
191.0
211.0
191.0
198.0
213.0
227.0
200.0
201.0
265.0
193.0
198.0
200.0
219.0
208.0
205.0
237.0
230.0
212.0
221.0
191.0
188.0
233.0
185.0
200.0
207.0
226.0
200.0
185.0
214.0
196.0
186.0
212.0
205.0
226.0
209.0
235.0
179.0
230.0
229.0
194.0
200.0
197.0
219.0
184.0
188.0
213.0
247.0
197.0
198.0
197.0
197.0
212.0
200.0
192.0
235.0
196.0
193.0
194.0
234.0
191.0
190.0
194.0
196.0
196.0
218.0
271.0
213.0
229.0
191.0
217.0
190.0
192.0
199.0
201.0
192.0
195.0
259.0
222.0
189.0
224.0
206.0
231.0
195.0
194.0
199.0
199.0
205.0
206.0
234.0
201.0
240.0
213.0
203.0
212.0
201.0
200.0
259.0
205.0
215.0
194.0
207.0
212.0
186.0
197.0
183.0
219.0
208.0
201.0
197.0
189.0
226.0
302.0
204.0
232.0
192.0
233.0
192.0
206.0
223.0
202.0
189.0
195.0
205.0
194.0
197.0
229.0
190.0
226.0
199.0
188.0
198.0
203.0
200.0
234.0
192.0
207.0
234.0
205.0
215.0
194.0
205.0
201.0
192.0
237.0
188.0
195.0
208.0
201.0
198.0
187.0
217.0
196.0
202.0
201.0
216.0
188.0
186.0
190.0
198.0
213.0
204.0
223.0
201.0
229.0
195.0
194.0
216.0
242.0
195.0
189.0
211.0
214.0
212.0
199.0
196.0
218.0
202.0
200.0
198.0
198.0
192.0
231.0
204.0
196.0
249.0
193.0
219.0
196.0
193.0
231.0
198.0
