160.0
189.0
194.0
189.0
189.0
164.0
167.0
193.0
182.0
213.0
200.0
168.0
232.0
154.0
200.0
163.0
192.0
268.0
211.0
167.0
217.0
164.0
194.0
217.0
181.0
173.0
191.0
158.0
188.0
178.0
218.0
175.0
179.0
207.0
170.0
205.0
189.0
151.0
214.0
186.0
194.0
206.0
219.0
188.0
211.0
211.0
160.0
218.0
155.0
169.0
155.0
207.0
328.0
205.0
240.0
212.0
166.0
202.0
162.0
229.0
194.0
180.0
204.0
201.0
155.0
173.0
214.0
209.0
230.0
160.0
185.0
154.0
201.0
250.0
174.0
201.0
205.0
218.0
206.0
192.0
224.0
172.0
191.0
188.0
196.0
192.0
178.0
199.0
213.0
207.0
199.0
177.0
205.0
166.0
167.0
181.0
166.0
178.0
191.0
209.0
218.0
159.0
174.0
193.0
216.0
216.0
160.0
213.0
200.0
197.0
152.0
201.0
159.0
198.0
154.0
157.0
232.0
193.0
200.0
178.0
184.0
220.0
218.0
182.0
174.0
193.0
208.0
222.0
154.0
201.0
226.0
190.0
238.0
185.0
164.0
164.0
231.0
159.0
198.0
183.0
148.0
220.0
206.0
177.0
186.0
199.0
167.0
202.0
182.0
207.0
196.0
193.0
184.0
182.0
192.0
200.0
249.0
218.0
157.0
167.0
176.0
166.0
191.0
206.0
182.0
206.0
211.0
200.0
200.0
156.0
163.0
197.0
220.0
184.0
258.0
180.0
182.0
174.0
199.0
175.0
195.0
208.0
156.0
209.0
192.0
201.0
164.0
189.0
187.0
195.0
218.0
157.0
221.0
209.0
201.0
153.0
201.0
199.0
200.0
210.0
204.0
193.0
146.0
192.0
186.0
172.0
193.0
158.0
205.0
186.0
239.0
176.0
159.0
198.0
215.0
178.0
202.0
192.0
190.0
187.0
231.0
217.0
191.0
191.0
198.0
156.0
190.0
214.0
198.0
190.0
188.0
198.0
196.0
211.0
193.0
214.0
202.0
210.0
207.0
207.0
198.0
224.0
152.0
221.0
179.0
194.0
167.0
207.0
190.0
195.0
245.0
191.0
186.0
185.0
158.0
157.0
207.0
181.0
202.0
199.0
203.0
210.0
199.0
183.0
194.0
202.0
182.0
206.0
148.0
187.0
190.0
219.0
241.0
156.0
202.0
203.0
196.0
198.0
148.0
179.0
190.0
181.0
231.0
189.0
197.0
165.0
197.0
203.0
235.0
165.0
190.0
214.0
184.0
146.0
187.0
209.0
207.0
234.0
190.0
179.0
204.0
221.0
155.0
179.0
206.0
183.0
195.0
188.0
208.0
200.0
187.0
199.0
175.0
193.0
196.0
176.0
195.0
170.0
241.0
205.0
178.0
179.0
239.0
187.0
213.0
161.0
179.0
166.0
187.0
182.0
172.0
191.0
215.0
221.0
197.0
175.0
182.0
177.0
163.0
189.0
209.0
185.0
190.0
202.0
171.0
183.0
194.0
203.0
189.0
193.0
199.0
150.0
198.0
195.0
192.0
171.0
203.0
194.0
204.0
190.0
192.0
202.0
233.0
192.0
198.0
174.0
198.0
212.0
187.0
175.0
154.0
186.0
258.0
190.0
185.0
156.0
225.0
201.0
155.0
282.0
187.0
157.0
201.0
208.0
176.0
250.0
194.0
194.0
164.0
201.0
291.0
180.0
186.0
158.0
189.0
201.0
214.0
215.0
203.0
157.0
198.0
198.0
155.0
240.0
193.0
208.0
200.0
173.0
185.0
166.0
159.0
199.0
162.0
306.0
185.0
194.0
168.0
229.0
161.0
208.0
221.0
149.0
158.0
163.0
206.0
177.0
177.0
239.0
173.0
156.0
186.0
156.0
197.0
205.0
163.0
285.0
198.0
192.0
198.0
237.0
181.0
199.0
191.0
201.0
169.0
151.0
202.0
160.0
168.0
200.0
163.0
239.0
153.0
163.0
200.0
141.0
214.0
165.0
183.0
187.0
220.0
185.0
247.0
184.0
209.0
148.0
159.0
197.0
180.0
192.0
190.0
241.0
195.0
210.0
176.0
207.0
227.0
176.0
158.0
226.0
174.0
221.0
201.0
199.0
188.0
170.0
218.0
206.0
157.0
200.0
198.0
163.0
176.0
218.0
182.0
182.0
193.0
190.0
165.0
184.0
