279.0
204.0
188.0
230.0
184.0
226.0
210.0
198.0
206.0
193.0
210.0
204.0
198.0
196.0
212.0
216.0
180.0
213.0
204.0
210.0
257.0
224.0
220.0
208.0
231.0
216.0
219.0
205.0
217.0
243.0
219.0
193.0
214.0
195.0
216.0
222.0
205.0
179.0
233.0
210.0
185.0
220.0
224.0
233.0
248.0
224.0
252.0
214.0
184.0
187.0
220.0
192.0
215.0
236.0
217.0
193.0
231.0
214.0
183.0
287.0
224.0
190.0
219.0
222.0
286.0
188.0
206.0
196.0
187.0
206.0
219.0
183.0
210.0
211.0
201.0
192.0
257.0
228.0
234.0
221.0
233.0
222.0
286.0
202.0
218.0
221.0
208.0
225.0
199.0
254.0
215.0
240.0
281.0
217.0
228.0
191.0
212.0
237.0
209.0
233.0
250.0
180.0
186.0
190.0
203.0
198.0
228.0
189.0
184.0
222.0
243.0
174.0
227.0
175.0
196.0
209.0
220.0
192.0
182.0
227.0
226.0
225.0
213.0
215.0
228.0
207.0
183.0
220.0
182.0
224.0
202.0
183.0
175.0
219.0
229.0
224.0
224.0
247.0
212.0
295.0
208.0
242.0
224.0
192.0
226.0
227.0
190.0
207.0
204.0
228.0
215.0
192.0
225.0
240.0
184.0
167.0
218.0
228.0
191.0
210.0
219.0
180.0
201.0
246.0
212.0
228.0
183.0
202.0
248.0
182.0
172.0
231.0
223.0
230.0
200.0
176.0
212.0
224.0
227.0
227.0
231.0
193.0
212.0
212.0
200.0
182.0
224.0
184.0
246.0
207.0
204.0
184.0
186.0
226.0
224.0
248.0
197.0
217.0
240.0
185.0
225.0
232.0
191.0
230.0
221.0
179.0
214.0
253.0
205.0
191.0
199.0
193.0
207.0
201.0
192.0
273.0
177.0
223.0
216.0
216.0
229.0
230.0
213.0
225.0
173.0
250.0
195.0
180.0
255.0
239.0
241.0
204.0
211.0
196.0
226.0
215.0
225.0
213.0
210.0
233.0
221.0
234.0
245.0
217.0
191.0
200.0
192.0
170.0
200.0
207.0
237.0
193.0
206.0
228.0
225.0
246.0
175.0
211.0
223.0
227.0
204.0
238.0
218.0
180.0
192.0
248.0
211.0
221.0
220.0
214.0
209.0
212.0
169.0
251.0
215.0
179.0
214.0
242.0
215.0
221.0
215.0
235.0
190.0
270.0
195.0
178.0
185.0
217.0
211.0
204.0
223.0
213.0
200.0
181.0
198.0
203.0
204.0
177.0
185.0
234.0
213.0
187.0
214.0
207.0
182.0
250.0
221.0
206.0
193.0
197.0
193.0
216.0
185.0
186.0
272.0
208.0
230.0
185.0
231.0
220.0
205.0
226.0
206.0
182.0
210.0
206.0
214.0
191.0
245.0
239.0
222.0
166.0
174.0
195.0
245.0
179.0
223.0
233.0
189.0
231.0
230.0
228.0
208.0
200.0
229.0
169.0
201.0
213.0
207.0
223.0
210.0
234.0
241.0
213.0
215.0
239.0
221.0
212.0
204.0
211.0
172.0
223.0
253.0
226.0
228.0
224.0
227.0
205.0
218.0
188.0
221.0
173.0
214.0
227.0
199.0
220.0
232.0
262.0
183.0
215.0
189.0
186.0
206.0
200.0
207.0
169.0
224.0
226.0
227.0
199.0
287.0
191.0
181.0
211.0
190.0
207.0
232.0
216.0
237.0
195.0
190.0
229.0
177.0
247.0
231.0
232.0
222.0
233.0
217.0
214.0
177.0
211.0
195.0
220.0
220.0
204.0
190.0
205.0
235.0
219.0
220.0
197.0
240.0
226.0
215.0
204.0
208.0
177.0
209.0
237.0
210.0
210.0
239.0
200.0
222.0
202.0
224.0
218.0
192.0
220.0
215.0
200.0
232.0
197.0
186.0
218.0
212.0
183.0
216.0
180.0
216.0
224.0
236.0
181.0
225.0
197.0
172.0
204.0
219.0
194.0
214.0
221.0
208.0
197.0
169.0
194.0
187.0
200.0
219.0
214.0
175.0
224.0
192.0
277.0
176.0
222.0
349.0
227.0
186.0
237.0
204.0
194.0
257.0
179.0
237.0
208.0
223.0
226.0
213.0
203.0
241.0
190.0
183.0
233.0
229.0
197.0
202.0
238.0
215.0
234.0
