141.0
132.0
148.0
141.0
138.0
132.0
131.0
130.0
133.0
132.0
146.0
129.0
130.0
137.0
138.0
133.0
134.0
133.0
133.0
130.0
149.0
147.0
129.0
136.0
126.0
130.0
131.0
137.0
140.0
131.0
134.0
129.0
134.0
132.0
139.0
141.0
130.0
128.0
137.0
140.0
150.0
132.0
135.0
130.0
133.0
144.0
130.0
130.0
133.0
134.0
132.0
144.0
136.0
129.0
138.0
131.0
131.0
129.0
134.0
129.0
133.0
131.0
129.0
131.0
129.0
132.0
145.0
141.0
137.0
145.0
131.0
133.0
129.0
132.0
128.0
145.0
126.0
130.0
135.0
130.0
127.0
134.0
137.0
133.0
148.0
141.0
130.0
128.0
130.0
147.0
148.0
130.0
133.0
137.0
128.0
128.0
139.0
143.0
133.0
127.0
127.0
149.0
129.0
132.0
127.0
133.0
135.0
134.0
129.0
133.0
135.0
133.0
129.0
147.0
138.0
128.0
135.0
131.0
126.0
133.0
135.0
139.0
129.0
134.0
136.0
136.0
131.0
132.0
134.0
130.0
132.0
150.0
147.0
142.0
154.0
130.0
132.0
128.0
131.0
150.0
134.0
130.0
133.0
150.0
128.0
131.0
130.0
137.0
129.0
131.0
140.0
129.0
129.0
140.0
135.0
127.0
133.0
134.0
127.0
137.0
135.0
148.0
133.0
134.0
137.0
133.0
131.0
131.0
134.0
149.0
150.0
134.0
134.0
133.0
151.0
150.0
139.0
132.0
150.0
138.0
140.0
150.0
155.0
142.0
132.0
149.0
131.0
130.0
149.0
140.0
137.0
129.0
129.0
134.0
150.0
147.0
129.0
136.0
147.0
132.0
132.0
129.0
128.0
141.0
130.0
149.0
138.0
145.0
146.0
150.0
136.0
130.0
139.0
136.0
138.0
143.0
141.0
149.0
134.0
135.0
130.0
147.0
132.0
134.0
136.0
138.0
130.0
140.0
133.0
140.0
136.0
136.0
134.0
128.0
131.0
133.0
127.0
141.0
136.0
146.0
132.0
148.0
135.0
137.0
142.0
129.0
131.0
145.0
132.0
131.0
131.0
147.0
149.0
131.0
137.0
150.0
133.0
145.0
141.0
140.0
150.0
137.0
149.0
134.0
132.0
133.0
143.0
130.0
131.0
142.0
140.0
147.0
134.0
131.0
130.0
129.0
132.0
131.0
133.0
150.0
137.0
146.0
135.0
129.0
133.0
129.0
152.0
147.0
131.0
138.0
137.0
134.0
133.0
129.0
151.0
132.0
148.0
128.0
140.0
149.0
134.0
135.0
134.0
130.0
133.0
137.0
134.0
133.0
134.0
129.0
137.0
133.0
131.0
133.0
141.0
144.0
131.0
129.0
133.0
129.0
152.0
126.0
135.0
125.0
136.0
145.0
127.0
132.0
137.0
135.0
133.0
130.0
130.0
136.0
130.0
133.0
132.0
137.0
127.0
132.0
145.0
133.0
141.0
148.0
134.0
131.0
131.0
146.0
137.0
148.0
127.0
127.0
132.0
132.0
142.0
132.0
132.0
133.0
133.0
139.0
132.0
129.0
150.0
135.0
142.0
126.0
139.0
142.0
131.0
132.0
129.0
136.0
130.0
133.0
135.0
132.0
132.0
129.0
137.0
133.0
133.0
138.0
134.0
149.0
145.0
130.0
130.0
131.0
144.0
133.0
149.0
134.0
150.0
137.0
137.0
129.0
131.0
135.0
132.0
135.0
131.0
144.0
138.0
133.0
138.0
130.0
140.0
130.0
130.0
132.0
130.0
140.0
148.0
148.0
152.0
130.0
133.0
146.0
139.0
127.0
154.0
141.0
136.0
130.0
130.0
131.0
133.0
138.0
132.0
152.0
130.0
135.0
130.0
132.0
145.0
139.0
130.0
127.0
128.0
138.0
136.0
141.0
135.0
134.0
141.0
151.0
141.0
151.0
140.0
136.0
143.0
134.0
135.0
144.0
141.0
129.0
130.0
132.0
139.0
142.0
135.0
132.0
133.0
133.0
140.0
140.0
132.0
133.0
136.0
132.0
135.0
139.0
140.0
139.0
130.0
147.0
131.0
131.0
129.0
134.0
127.0
142.0
130.0
133.0
129.0
129.0
134.0
132.0
130.0
136.0
133.0
133.0
127.0
131.0
140.0
128.0
131.0
136.0
128.0
134.0
