182.0
190.0
183.0
192.0
185.0
168.0
194.0
186.0
189.0
170.0
176.0
201.0
176.0
215.0
192.0
182.0
183.0
224.0
190.0
196.0
178.0
188.0
190.0
187.0
174.0
191.0
206.0
200.0
194.0
175.0
170.0
227.0
201.0
200.0
186.0
181.0
189.0
178.0
213.0
203.0
198.0
221.0
171.0
197.0
166.0
184.0
181.0
191.0
203.0
191.0
177.0
177.0
219.0
172.0
223.0
186.0
188.0
209.0
188.0
167.0
175.0
192.0
180.0
190.0
174.0
243.0
197.0
194.0
184.0
146.0
197.0
197.0
175.0
193.0
202.0
200.0
200.0
180.0
196.0
199.0
168.0
196.0
191.0
192.0
163.0
169.0
182.0
210.0
197.0
183.0
202.0
176.0
168.0
181.0
224.0
189.0
181.0
178.0
200.0
169.0
189.0
190.0
186.0
207.0
176.0
182.0
183.0
192.0
168.0
161.0
181.0
189.0
185.0
208.0
183.0
189.0
206.0
183.0
180.0
187.0
179.0
183.0
172.0
199.0
186.0
201.0
194.0
181.0
202.0
145.0
167.0
198.0
165.0
167.0
177.0
216.0
200.0
279.0
174.0
263.0
189.0
192.0
193.0
208.0
186.0
181.0
178.0
185.0
178.0
181.0
201.0
184.0
183.0
201.0
195.0
181.0
173.0
175.0
231.0
182.0
189.0
179.0
192.0
219.0
189.0
179.0
207.0
193.0
204.0
178.0
198.0
185.0
219.0
192.0
207.0
176.0
201.0
191.0
185.0
181.0
184.0
193.0
210.0
193.0
191.0
197.0
184.0
198.0
179.0
214.0
215.0
190.0
164.0
204.0
192.0
202.0
208.0
198.0
169.0
147.0
201.0
224.0
196.0
181.0
179.0
197.0
180.0
205.0
191.0
191.0
177.0
179.0
196.0
184.0
196.0
159.0
179.0
192.0
172.0
187.0
182.0
184.0
237.0
217.0
185.0
197.0
200.0
190.0
217.0
173.0
203.0
187.0
217.0
179.0
201.0
224.0
200.0
207.0
229.0
189.0
181.0
169.0
206.0
228.0
165.0
246.0
167.0
233.0
186.0
227.0
198.0
173.0
171.0
196.0
180.0
198.0
205.0
189.0
240.0
162.0
185.0
201.0
201.0
189.0
184.0
196.0
198.0
177.0
169.0
173.0
191.0
139.0
216.0
190.0
188.0
203.0
192.0
219.0
214.0
193.0
183.0
197.0
173.0
194.0
210.0
196.0
204.0
192.0
172.0
172.0
211.0
163.0
194.0
177.0
180.0
186.0
180.0
201.0
226.0
184.0
197.0
199.0
195.0
209.0
202.0
177.0
189.0
187.0
234.0
198.0
165.0
193.0
209.0
189.0
199.0
193.0
220.0
176.0
183.0
195.0
186.0
180.0
194.0
179.0
201.0
171.0
186.0
215.0
190.0
181.0
195.0
196.0
204.0
194.0
224.0
176.0
178.0
194.0
192.0
179.0
214.0
174.0
197.0
186.0
215.0
190.0
210.0
201.0
146.0
169.0
204.0
198.0
178.0
183.0
213.0
199.0
192.0
186.0
181.0
185.0
201.0
181.0
202.0
179.0
197.0
181.0
188.0
193.0
166.0
201.0
202.0
178.0
180.0
189.0
162.0
223.0
186.0
203.0
200.0
218.0
170.0
195.0
139.0
200.0
190.0
167.0
180.0
196.0
179.0
199.0
176.0
193.0
171.0
198.0
203.0
165.0
192.0
197.0
193.0
203.0
194.0
188.0
197.0
175.0
193.0
169.0
167.0
192.0
190.0
195.0
162.0
178.0
178.0
193.0
203.0
183.0
218.0
186.0
184.0
194.0
194.0
212.0
201.0
195.0
193.0
193.0
184.0
194.0
204.0
227.0
205.0
206.0
189.0
182.0
163.0
219.0
207.0
189.0
194.0
204.0
163.0
204.0
187.0
180.0
202.0
214.0
223.0
200.0
222.0
190.0
191.0
205.0
172.0
221.0
173.0
194.0
159.0
188.0
211.0
184.0
194.0
207.0
188.0
233.0
169.0
178.0
171.0
196.0
189.0
186.0
192.0
207.0
190.0
198.0
205.0
200.0
187.0
163.0
184.0
167.0
230.0
221.0
184.0
261.0
168.0
179.0
178.0
207.0
184.0
179.0
216.0
186.0
183.0
207.0
202.0
184.0
186.0
200.0
172.0
182.0
