197.0
173.0
198.0
212.0
157.0
226.0
191.0
212.0
197.0
204.0
150.0
144.0
206.0
196.0
148.0
151.0
203.0
182.0
194.0
156.0
151.0
199.0
159.0
148.0
191.0
213.0
224.0
153.0
192.0
191.0
141.0
192.0
204.0
143.0
168.0
168.0
201.0
150.0
180.0
148.0
195.0
206.0
155.0
155.0
226.0
270.0
206.0
149.0
189.0
230.0
251.0
149.0
141.0
185.0
184.0
222.0
236.0
175.0
236.0
177.0
183.0
194.0
198.0
157.0
215.0
186.0
178.0
216.0
160.0
181.0
159.0
152.0
199.0
186.0
224.0
206.0
206.0
176.0
150.0
172.0
192.0
217.0
227.0
154.0
153.0
181.0
153.0
155.0
216.0
171.0
169.0
214.0
217.0
188.0
206.0
212.0
202.0
148.0
193.0
162.0
184.0
208.0
193.0
169.0
196.0
211.0
189.0
193.0
226.0
182.0
161.0
150.0
142.0
163.0
145.0
201.0
171.0
226.0
208.0
191.0
135.0
203.0
160.0
139.0
160.0
198.0
196.0
200.0
229.0
144.0
230.0
204.0
195.0
151.0
208.0
210.0
190.0
159.0
162.0
244.0
217.0
205.0
213.0
203.0
206.0
146.0
181.0
144.0
207.0
207.0
209.0
195.0
211.0
185.0
156.0
187.0
208.0
197.0
216.0
175.0
186.0
204.0
154.0
141.0
196.0
183.0
193.0
230.0
189.0
212.0
202.0
172.0
208.0
150.0
220.0
163.0
155.0
211.0
194.0
188.0
186.0
161.0
187.0
220.0
154.0
221.0
198.0
180.0
194.0
204.0
180.0
209.0
197.0
215.0
183.0
189.0
197.0
195.0
191.0
207.0
219.0
153.0
154.0
169.0
197.0
181.0
214.0
179.0
153.0
186.0
188.0
212.0
197.0
201.0
193.0
204.0
176.0
167.0
216.0
207.0
213.0
197.0
159.0
161.0
214.0
226.0
158.0
208.0
187.0
190.0
152.0
193.0
203.0
219.0
215.0
154.0
196.0
179.0
148.0
173.0
221.0
144.0
156.0
172.0
178.0
154.0
179.0
179.0
178.0
198.0
174.0
222.0
157.0
215.0
137.0
150.0
192.0
208.0
186.0
195.0
146.0
168.0
143.0
194.0
235.0
285.0
239.0
214.0
144.0
185.0
165.0
189.0
157.0
182.0
200.0
193.0
207.0
170.0
210.0
151.0
211.0
252.0
144.0
150.0
145.0
217.0
172.0
208.0
207.0
208.0
157.0
191.0
213.0
198.0
222.0
194.0
207.0
226.0
150.0
204.0
198.0
166.0
213.0
236.0
211.0
168.0
148.0
215.0
182.0
185.0
183.0
244.0
167.0
151.0
197.0
189.0
206.0
188.0
161.0
144.0
143.0
232.0
153.0
222.0
239.0
184.0
146.0
193.0
185.0
181.0
177.0
232.0
185.0
214.0
182.0
199.0
203.0
146.0
230.0
149.0
234.0
154.0
186.0
202.0
264.0
192.0
199.0
199.0
208.0
184.0
180.0
222.0
178.0
218.0
210.0
163.0
231.0
163.0
198.0
211.0
182.0
181.0
198.0
243.0
148.0
184.0
179.0
202.0
187.0
174.0
252.0
177.0
223.0
190.0
233.0
224.0
194.0
175.0
224.0
191.0
160.0
239.0
194.0
181.0
148.0
176.0
154.0
211.0
222.0
271.0
203.0
195.0
176.0
241.0
148.0
218.0
160.0
185.0
160.0
218.0
202.0
149.0
232.0
165.0
200.0
178.0
210.0
198.0
142.0
183.0
209.0
214.0
217.0
204.0
188.0
150.0
178.0
225.0
214.0
211.0
190.0
184.0
185.0
195.0
223.0
191.0
199.0
200.0
211.0
156.0
183.0
181.0
230.0
195.0
153.0
153.0
205.0
150.0
205.0
186.0
225.0
186.0
231.0
190.0
176.0
192.0
142.0
215.0
156.0
208.0
197.0
216.0
177.0
157.0
168.0
185.0
193.0
157.0
210.0
203.0
196.0
228.0
214.0
224.0
146.0
185.0
190.0
227.0
187.0
232.0
158.0
239.0
267.0
234.0
160.0
187.0
182.0
164.0
150.0
216.0
214.0
152.0
180.0
205.0
139.0
242.0
148.0
196.0
205.0
204.0
202.0
219.0
194.0
203.0
189.0
182.0
223.0
140.0
159.0
140.0
