187.0
183.0
181.0
175.0
188.0
188.0
180.0
180.0
180.0
187.0
187.0
186.0
181.0
175.0
185.0
175.0
203.0
181.0
192.0
190.0
185.0
205.0
179.0
202.0
201.0
176.0
181.0
186.0
180.0
183.0
170.0
186.0
186.0
173.0
194.0
187.0
188.0
192.0
166.0
174.0
172.0
184.0
186.0
199.0
178.0
178.0
190.0
171.0
181.0
185.0
173.0
183.0
182.0
194.0
172.0
198.0
186.0
188.0
190.0
186.0
176.0
199.0
176.0
191.0
191.0
182.0
188.0
183.0
169.0
177.0
197.0
177.0
191.0
177.0
176.0
196.0
190.0
171.0
172.0
189.0
188.0
181.0
200.0
181.0
172.0
179.0
184.0
189.0
178.0
189.0
174.0
177.0
169.0
187.0
190.0
183.0
195.0
181.0
176.0
182.0
185.0
170.0
168.0
189.0
186.0
180.0
173.0
198.0
180.0
185.0
175.0
188.0
191.0
193.0
196.0
178.0
188.0
187.0
188.0
170.0
181.0
198.0
175.0
188.0
183.0
196.0
195.0
186.0
183.0
183.0
176.0
182.0
187.0
188.0
176.0
183.0
182.0
173.0
190.0
160.0
188.0
176.0
184.0
179.0
194.0
178.0
189.0
191.0
198.0
190.0
176.0
193.0
183.0
175.0
186.0
185.0
199.0
176.0
185.0
183.0
182.0
174.0
178.0
173.0
198.0
181.0
180.0
188.0
176.0
186.0
182.0
183.0
178.0
196.0
183.0
173.0
177.0
188.0
184.0
185.0
191.0
186.0
177.0
170.0
204.0
181.0
187.0
186.0
193.0
190.0
176.0
189.0
184.0
189.0
179.0
187.0
183.0
185.0
182.0
184.0
195.0
183.0
187.0
203.0
170.0
175.0
182.0
166.0
182.0
182.0
175.0
174.0
53.0
191.0
190.0
183.0
184.0
191.0
176.0
204.0
172.0
178.0
177.0
193.0
183.0
199.0
177.0
192.0
187.0
178.0
184.0
185.0
188.0
187.0
174.0
158.0
177.0
178.0
190.0
187.0
161.0
177.0
171.0
198.0
186.0
179.0
171.0
193.0
179.0
187.0
181.0
195.0
176.0
183.0
186.0
193.0
211.0
176.0
181.0
180.0
194.0
181.0
186.0
177.0
175.0
189.0
179.0
185.0
183.0
181.0
185.0
177.0
185.0
180.0
176.0
190.0
191.0
186.0
179.0
187.0
183.0
179.0
182.0
172.0
176.0
189.0
181.0
189.0
184.0
182.0
189.0
190.0
186.0
196.0
186.0
182.0
191.0
190.0
188.0
215.0
178.0
171.0
178.0
184.0
189.0
164.0
176.0
204.0
183.0
182.0
183.0
179.0
182.0
191.0
173.0
191.0
173.0
183.0
195.0
186.0
169.0
179.0
178.0
187.0
189.0
190.0
184.0
189.0
177.0
179.0
183.0
187.0
180.0
182.0
171.0
178.0
184.0
185.0
186.0
185.0
182.0
186.0
197.0
186.0
176.0
180.0
187.0
181.0
178.0
178.0
181.0
188.0
205.0
185.0
193.0
189.0
176.0
185.0
173.0
180.0
193.0
175.0
177.0
190.0
186.0
185.0
192.0
179.0
180.0
180.0
176.0
186.0
208.0
186.0
182.0
185.0
186.0
193.0
191.0
192.0
179.0
173.0
185.0
201.0
182.0
188.0
190.0
174.0
189.0
168.0
177.0
191.0
191.0
193.0
183.0
177.0
174.0
181.0
195.0
177.0
181.0
173.0
185.0
189.0
185.0
183.0
183.0
186.0
206.0
176.0
185.0
181.0
169.0
177.0
189.0
180.0
187.0
187.0
190.0
182.0
186.0
177.0
179.0
178.0
168.0
193.0
186.0
182.0
189.0
181.0
184.0
180.0
190.0
180.0
177.0
172.0
181.0
188.0
193.0
191.0
182.0
192.0
208.0
195.0
179.0
181.0
172.0
185.0
182.0
183.0
189.0
201.0
177.0
188.0
187.0
174.0
181.0
173.0
175.0
189.0
183.0
191.0
190.0
189.0
185.0
184.0
186.0
189.0
176.0
182.0
185.0
176.0
176.0
192.0
188.0
187.0
173.0
182.0
177.0
190.0
190.0
190.0
179.0
173.0
178.0
188.0
186.0
186.0
176.0
176.0
196.0
214.0
179.0
192.0
178.0
190.0
191.0
175.0
176.0
196.0
