147.0
164.0
146.0
168.0
169.0
158.0
156.0
161.0
162.0
149.0
148.0
160.0
140.0
175.0
141.0
146.0
138.0
162.0
142.0
164.0
142.0
135.0
143.0
147.0
168.0
147.0
170.0
134.0
149.0
154.0
136.0
154.0
152.0
160.0
151.0
137.0
160.0
162.0
130.0
151.0
161.0
136.0
158.0
169.0
154.0
147.0
146.0
149.0
169.0
147.0
145.0
148.0
193.0
163.0
144.0
144.0
191.0
155.0
164.0
152.0
145.0
158.0
147.0
146.0
161.0
198.0
152.0
207.0
160.0
136.0
144.0
152.0
138.0
151.0
144.0
159.0
150.0
157.0
138.0
177.0
168.0
152.0
161.0
136.0
148.0
147.0
153.0
152.0
146.0
183.0
152.0
154.0
166.0
172.0
173.0
117.0
140.0
140.0
148.0
170.0
191.0
161.0
158.0
159.0
155.0
174.0
131.0
141.0
138.0
152.0
137.0
200.0
152.0
152.0
174.0
156.0
148.0
161.0
153.0
139.0
143.0
131.0
158.0
211.0
134.0
144.0
160.0
146.0
175.0
147.0
158.0
157.0
163.0
171.0
176.0
163.0
151.0
126.0
147.0
162.0
140.0
151.0
148.0
173.0
168.0
135.0
183.0
142.0
132.0
155.0
162.0
153.0
154.0
156.0
149.0
126.0
143.0
162.0
171.0
156.0
161.0
144.0
156.0
152.0
132.0
158.0
144.0
143.0
157.0
152.0
162.0
173.0
163.0
150.0
155.0
152.0
136.0
157.0
148.0
134.0
138.0
161.0
168.0
159.0
152.0
156.0
146.0
165.0
161.0
153.0
137.0
165.0
140.0
154.0
148.0
153.0
156.0
166.0
171.0
186.0
163.0
137.0
146.0
142.0
161.0
149.0
143.0
157.0
162.0
150.0
155.0
146.0
162.0
132.0
156.0
217.0
144.0
158.0
145.0
143.0
189.0
175.0
179.0
145.0
156.0
147.0
159.0
146.0
154.0
146.0
161.0
124.0
144.0
150.0
153.0
140.0
147.0
129.0
164.0
138.0
148.0
146.0
145.0
166.0
143.0
148.0
170.0
127.0
164.0
154.0
151.0
142.0
153.0
160.0
145.0
159.0
152.0
162.0
133.0
151.0
164.0
157.0
148.0
151.0
140.0
166.0
175.0
147.0
126.0
156.0
160.0
130.0
144.0
171.0
167.0
121.0
148.0
180.0
173.0
131.0
150.0
141.0
156.0
146.0
154.0
142.0
142.0
150.0
182.0
166.0
173.0
159.0
161.0
142.0
150.0
139.0
169.0
153.0
155.0
144.0
166.0
129.0
164.0
181.0
154.0
151.0
142.0
178.0
166.0
154.0
112.0
146.0
136.0
145.0
133.0
147.0
156.0
134.0
171.0
143.0
158.0
156.0
133.0
148.0
161.0
151.0
133.0
140.0
160.0
137.0
162.0
169.0
141.0
189.0
153.0
136.0
164.0
150.0
143.0
138.0
178.0
151.0
163.0
154.0
144.0
143.0
164.0
175.0
159.0
128.0
169.0
147.0
142.0
165.0
151.0
164.0
158.0
160.0
156.0
173.0
149.0
189.0
153.0
146.0
160.0
159.0
162.0
168.0
130.0
131.0
153.0
149.0
172.0
145.0
150.0
155.0
187.0
126.0
149.0
178.0
160.0
132.0
160.0
151.0
154.0
166.0
177.0
144.0
180.0
143.0
154.0
149.0
149.0
164.0
151.0
136.0
142.0
138.0
134.0
150.0
152.0
157.0
162.0
142.0
153.0
140.0
174.0
140.0
144.0
162.0
134.0
195.0
145.0
160.0
164.0
152.0
152.0
175.0
151.0
177.0
190.0
134.0
135.0
142.0
132.0
176.0
157.0
165.0
176.0
149.0
162.0
167.0
159.0
146.0
146.0
139.0
145.0
139.0
164.0
156.0
136.0
163.0
131.0
149.0
172.0
158.0
146.0
161.0
145.0
140.0
141.0
151.0
181.0
154.0
122.0
148.0
128.0
156.0
160.0
151.0
141.0
130.0
150.0
174.0
149.0
138.0
161.0
207.0
157.0
180.0
140.0
158.0
157.0
153.0
207.0
151.0
172.0
161.0
149.0
142.0
172.0
158.0
148.0
154.0
143.0
165.0
172.0
153.0
190.0
176.0
163.0
154.0
175.0
158.0
165.0
143.0
138.0
144.0
166.0
166.0
