192.0
193.0
181.0
179.0
183.0
257.0
178.0
188.0
181.0
183.0
184.0
183.0
185.0
190.0
227.0
197.0
176.0
190.0
194.0
181.0
184.0
184.0
185.0
178.0
189.0
196.0
184.0
180.0
192.0
184.0
178.0
181.0
192.0
192.0
180.0
191.0
206.0
189.0
186.0
184.0
192.0
184.0
187.0
179.0
176.0
178.0
173.0
187.0
192.0
185.0
181.0
172.0
252.0
201.0
189.0
185.0
181.0
189.0
179.0
194.0
193.0
221.0
208.0
200.0
188.0
176.0
187.0
189.0
191.0
195.0
183.0
178.0
184.0
187.0
192.0
178.0
194.0
183.0
175.0
202.0
177.0
196.0
182.0
190.0
189.0
184.0
192.0
180.0
181.0
184.0
182.0
193.0
171.0
185.0
184.0
202.0
206.0
188.0
173.0
193.0
187.0
179.0
188.0
187.0
192.0
206.0
199.0
179.0
188.0
174.0
182.0
190.0
193.0
212.0
180.0
176.0
212.0
178.0
183.0
186.0
174.0
177.0
177.0
188.0
193.0
182.0
187.0
192.0
215.0
172.0
201.0
185.0
188.0
193.0
188.0
183.0
227.0
192.0
181.0
185.0
180.0
188.0
185.0
179.0
209.0
184.0
182.0
177.0
198.0
187.0
199.0
189.0
179.0
209.0
186.0
206.0
199.0
196.0
184.0
187.0
169.0
196.0
186.0
185.0
187.0
180.0
176.0
190.0
184.0
196.0
186.0
174.0
187.0
193.0
185.0
183.0
183.0
189.0
182.0
184.0
179.0
185.0
192.0
197.0
190.0
178.0
180.0
179.0
188.0
180.0
173.0
192.0
191.0
187.0
206.0
172.0
191.0
191.0
202.0
181.0
191.0
181.0
191.0
185.0
197.0
213.0
197.0
184.0
182.0
192.0
183.0
191.0
174.0
176.0
186.0
199.0
181.0
173.0
189.0
184.0
186.0
186.0
192.0
181.0
181.0
205.0
186.0
184.0
197.0
184.0
183.0
197.0
195.0
207.0
180.0
186.0
187.0
238.0
188.0
183.0
191.0
190.0
179.0
178.0
189.0
185.0
188.0
196.0
178.0
180.0
178.0
193.0
184.0
183.0
220.0
189.0
176.0
191.0
183.0
180.0
181.0
184.0
179.0
183.0
183.0
218.0
194.0
183.0
188.0
186.0
192.0
188.0
179.0
174.0
184.0
180.0
181.0
174.0
184.0
208.0
192.0
184.0
179.0
190.0
193.0
267.0
178.0
194.0
183.0
188.0
175.0
183.0
189.0
177.0
198.0
192.0
181.0
187.0
177.0
175.0
183.0
188.0
181.0
179.0
221.0
178.0
181.0
185.0
177.0
196.0
182.0
190.0
184.0
188.0
180.0
196.0
185.0
179.0
195.0
187.0
189.0
196.0
187.0
192.0
189.0
197.0
179.0
180.0
198.0
178.0
193.0
199.0
182.0
181.0
190.0
192.0
207.0
201.0
176.0
177.0
200.0
184.0
177.0
179.0
179.0
186.0
174.0
192.0
198.0
199.0
184.0
183.0
202.0
190.0
183.0
173.0
190.0
179.0
182.0
242.0
175.0
176.0
192.0
181.0
182.0
182.0
186.0
187.0
179.0
184.0
191.0
183.0
179.0
242.0
184.0
176.0
172.0
294.0
182.0
198.0
181.0
178.0
174.0
189.0
177.0
179.0
182.0
186.0
200.0
208.0
188.0
227.0
190.0
183.0
187.0
207.0
186.0
180.0
185.0
186.0
182.0
177.0
183.0
191.0
171.0
173.0
183.0
209.0
178.0
203.0
180.0
193.0
177.0
189.0
289.0
193.0
174.0
190.0
188.0
228.0
186.0
187.0
195.0
181.0
178.0
184.0
190.0
191.0
204.0
185.0
178.0
180.0
187.0
181.0
189.0
184.0
189.0
172.0
179.0
184.0
193.0
185.0
180.0
195.0
199.0
173.0
186.0
184.0
194.0
201.0
198.0
179.0
184.0
191.0
182.0
189.0
191.0
174.0
186.0
181.0
244.0
189.0
185.0
192.0
181.0
195.0
191.0
190.0
178.0
179.0
178.0
189.0
192.0
192.0
191.0
196.0
183.0
184.0
185.0
180.0
195.0
182.0
186.0
190.0
189.0
181.0
203.0
181.0
193.0
193.0
211.0
191.0
173.0
245.0
186.0
194.0
184.0
198.0
189.0
178.0
