277.0
312.0
245.0
231.0
267.0
291.0
262.0
342.0
308.0
297.0
258.0
279.0
253.0
257.0
316.0
303.0
277.0
343.0
301.0
337.0
225.0
282.0
301.0
288.0
260.0
301.0
342.0
298.0
247.0
262.0
258.0
297.0
249.0
285.0
306.0
254.0
270.0
291.0
231.0
260.0
317.0
265.0
367.0
292.0
311.0
317.0
300.0
304.0
274.0
308.0
245.0
290.0
280.0
298.0
309.0
298.0
289.0
353.0
296.0
273.0
248.0
287.0
259.0
327.0
253.0
343.0
244.0
332.0
231.0
286.0
327.0
312.0
299.0
303.0
251.0
309.0
252.0
233.0
330.0
300.0
274.0
325.0
284.0
291.0
255.0
334.0
337.0
313.0
309.0
292.0
305.0
270.0
244.0
268.0
263.0
279.0
287.0
279.0
288.0
258.0
322.0
237.0
287.0
290.0
251.0
251.0
264.0
340.0
344.0
304.0
305.0
362.0
304.0
287.0
262.0
288.0
306.0
316.0
291.0
234.0
280.0
292.0
272.0
267.0
230.0
300.0
308.0
251.0
230.0
305.0
276.0
297.0
249.0
245.0
296.0
403.0
245.0
315.0
286.0
313.0
283.0
358.0
268.0
307.0
255.0
234.0
384.0
298.0
277.0
241.0
310.0
311.0
326.0
353.0
290.0
275.0
383.0
303.0
225.0
249.0
321.0
370.0
244.0
299.0
294.0
337.0
262.0
246.0
271.0
279.0
270.0
272.0
228.0
261.0
261.0
269.0
297.0
315.0
299.0
345.0
308.0
266.0
249.0
283.0
332.0
300.0
328.0
302.0
231.0
306.0
263.0
305.0
323.0
235.0
312.0
253.0
307.0
293.0
322.0
252.0
243.0
329.0
275.0
287.0
265.0
298.0
291.0
245.0
265.0
354.0
241.0
286.0
282.0
291.0
326.0
322.0
379.0
243.0
253.0
316.0
306.0
250.0
239.0
286.0
330.0
226.0
309.0
243.0
320.0
306.0
228.0
266.0
325.0
272.0
281.0
277.0
307.0
305.0
237.0
314.0
230.0
264.0
269.0
293.0
256.0
244.0
231.0
235.0
287.0
324.0
299.0
247.0
294.0
311.0
314.0
253.0
295.0
277.0
284.0
316.0
295.0
300.0
264.0
275.0
316.0
276.0
329.0
368.0
227.0
292.0
375.0
243.0
339.0
250.0
242.0
280.0
233.0
293.0
321.0
273.0
345.0
292.0
286.0
323.0
278.0
319.0
283.0
295.0
290.0
253.0
292.0
227.0
238.0
216.0
243.0
243.0
327.0
322.0
305.0
345.0
269.0
267.0
246.0
291.0
287.0
240.0
323.0
306.0
294.0
290.0
343.0
248.0
306.0
287.0
242.0
327.0
290.0
319.0
304.0
264.0
328.0
311.0
301.0
304.0
231.0
229.0
340.0
336.0
285.0
267.0
284.0
237.0
311.0
248.0
266.0
260.0
317.0
303.0
260.0
235.0
272.0
234.0
280.0
318.0
258.0
261.0
298.0
255.0
298.0
284.0
338.0
275.0
293.0
301.0
287.0
285.0
285.0
312.0
328.0
241.0
267.0
344.0
351.0
294.0
281.0
353.0
282.0
284.0
320.0
352.0
288.0
315.0
277.0
296.0
230.0
236.0
263.0
395.0
336.0
294.0
328.0
254.0
317.0
290.0
316.0
259.0
249.0
313.0
282.0
331.0
283.0
318.0
347.0
238.0
246.0
297.0
280.0
263.0
294.0
316.0
233.0
321.0
279.0
256.0
315.0
245.0
308.0
236.0
298.0
310.0
271.0
302.0
291.0
233.0
276.0
240.0
281.0
337.0
299.0
260.0
290.0
368.0
262.0
244.0
409.0
227.0
312.0
308.0
357.0
282.0
284.0
284.0
292.0
294.0
314.0
340.0
312.0
327.0
262.0
342.0
248.0
298.0
316.0
288.0
311.0
327.0
275.0
282.0
304.0
299.0
243.0
293.0
306.0
299.0
349.0
288.0
307.0
315.0
270.0
319.0
341.0
343.0
222.0
246.0
283.0
239.0
235.0
313.0
224.0
286.0
231.0
280.0
308.0
340.0
279.0
287.0
225.0
298.0
245.0
259.0
270.0
320.0
281.0
253.0
291.0
260.0
303.0
300.0
259.0
307.0
331.0
238.0
251.0
311.0
233.0
279.0
247.0
337.0
264.0
224.0
