197.0
187.0
174.0
187.0
174.0
165.0
174.0
181.0
197.0
188.0
167.0
172.0
214.0
166.0
189.0
199.0
187.0
198.0
186.0
204.0
171.0
171.0
186.0
182.0
194.0
190.0
170.0
195.0
183.0
177.0
195.0
188.0
221.0
201.0
188.0
190.0
177.0
183.0
236.0
192.0
190.0
194.0
185.0
170.0
175.0
216.0
163.0
205.0
161.0
190.0
196.0
171.0
185.0
176.0
176.0
197.0
189.0
204.0
164.0
182.0
174.0
179.0
195.0
195.0
185.0
189.0
182.0
195.0
170.0
182.0
185.0
184.0
229.0
166.0
181.0
174.0
187.0
181.0
193.0
197.0
189.0
195.0
179.0
182.0
177.0
166.0
137.0
168.0
166.0
208.0
207.0
184.0
186.0
172.0
194.0
194.0
192.0
178.0
166.0
178.0
175.0
207.0
188.0
221.0
205.0
194.0
170.0
181.0
193.0
175.0
191.0
200.0
159.0
175.0
188.0
170.0
159.0
181.0
199.0
169.0
187.0
182.0
189.0
191.0
193.0
188.0
191.0
172.0
195.0
190.0
186.0
166.0
157.0
192.0
215.0
205.0
198.0
179.0
180.0
185.0
185.0
181.0
178.0
199.0
187.0
167.0
185.0
178.0
187.0
191.0
183.0
184.0
186.0
205.0
173.0
199.0
174.0
201.0
191.0
211.0
209.0
176.0
194.0
193.0
214.0
207.0
190.0
190.0
170.0
191.0
195.0
186.0
188.0
191.0
196.0
194.0
173.0
182.0
177.0
175.0
214.0
213.0
190.0
181.0
268.0
191.0
187.0
174.0
175.0
189.0
180.0
168.0
183.0
199.0
196.0
196.0
211.0
198.0
211.0
208.0
196.0
216.0
174.0
202.0
144.0
177.0
172.0
192.0
184.0
190.0
172.0
205.0
169.0
186.0
164.0
191.0
173.0
196.0
185.0
194.0
205.0
187.0
207.0
197.0
185.0
186.0
195.0
193.0
206.0
197.0
193.0
204.0
176.0
173.0
186.0
192.0
160.0
182.0
191.0
250.0
185.0
177.0
157.0
192.0
184.0
202.0
184.0
170.0
201.0
191.0
198.0
176.0
189.0
212.0
189.0
165.0
176.0
135.0
199.0
191.0
214.0
189.0
194.0
189.0
196.0
199.0
204.0
202.0
172.0
191.0
180.0
180.0
193.0
195.0
193.0
189.0
183.0
218.0
210.0
178.0
210.0
197.0
199.0
180.0
168.0
192.0
207.0
219.0
182.0
181.0
191.0
179.0
192.0
191.0
172.0
198.0
214.0
168.0
166.0
185.0
191.0
189.0
212.0
202.0
156.0
201.0
180.0
184.0
200.0
171.0
141.0
167.0
166.0
189.0
196.0
225.0
229.0
219.0
210.0
197.0
182.0
185.0
178.0
170.0
181.0
206.0
177.0
190.0
182.0
179.0
176.0
167.0
189.0
179.0
195.0
179.0
214.0
189.0
180.0
225.0
194.0
199.0
208.0
167.0
188.0
168.0
193.0
211.0
199.0
187.0
181.0
182.0
170.0
203.0
183.0
185.0
184.0
200.0
179.0
186.0
189.0
196.0
177.0
225.0
187.0
194.0
246.0
193.0
180.0
184.0
180.0
168.0
178.0
186.0
174.0
191.0
202.0
179.0
172.0
168.0
192.0
183.0
198.0
181.0
176.0
214.0
192.0
161.0
198.0
193.0
206.0
180.0
177.0
161.0
202.0
191.0
198.0
229.0
188.0
186.0
195.0
201.0
188.0
210.0
192.0
191.0
175.0
198.0
183.0
185.0
176.0
167.0
193.0
214.0
202.0
190.0
176.0
180.0
170.0
165.0
192.0
161.0
162.0
177.0
212.0
162.0
194.0
173.0
202.0
182.0
186.0
180.0
189.0
198.0
184.0
189.0
216.0
166.0
191.0
190.0
200.0
185.0
176.0
184.0
198.0
183.0
170.0
182.0
185.0
197.0
183.0
198.0
188.0
204.0
182.0
170.0
168.0
212.0
189.0
180.0
188.0
176.0
186.0
174.0
193.0
171.0
198.0
174.0
181.0
179.0
196.0
180.0
202.0
252.0
188.0
173.0
190.0
194.0
149.0
194.0
201.0
192.0
221.0
214.0
185.0
172.0
182.0
182.0
178.0
179.0
189.0
177.0
207.0
203.0
198.0
189.0
181.0
195.0
187.0
208.0
