128.0
147.0
138.0
143.0
146.0
152.0
154.0
151.0
151.0
122.0
139.0
145.0
150.0
155.0
147.0
153.0
137.0
151.0
153.0
130.0
144.0
152.0
144.0
145.0
131.0
134.0
149.0
142.0
143.0
122.0
146.0
156.0
135.0
142.0
125.0
147.0
144.0
150.0
122.0
140.0
152.0
144.0
149.0
150.0
128.0
141.0
138.0
139.0
129.0
144.0
150.0
155.0
138.0
134.0
144.0
133.0
144.0
131.0
150.0
144.0
148.0
142.0
149.0
145.0
139.0
157.0
138.0
142.0
137.0
148.0
132.0
126.0
136.0
148.0
136.0
139.0
180.0
136.0
150.0
150.0
143.0
149.0
147.0
124.0
158.0
140.0
130.0
145.0
138.0
138.0
137.0
149.0
133.0
128.0
147.0
122.0
139.0
140.0
145.0
142.0
134.0
145.0
122.0
148.0
144.0
129.0
139.0
145.0
144.0
126.0
147.0
130.0
155.0
122.0
144.0
133.0
139.0
128.0
178.0
149.0
139.0
147.0
137.0
150.0
156.0
145.0
134.0
152.0
155.0
142.0
142.0
147.0
141.0
142.0
142.0
140.0
139.0
144.0
182.0
145.0
145.0
127.0
121.0
133.0
143.0
140.0
133.0
149.0
140.0
147.0
138.0
138.0
145.0
128.0
151.0
172.0
128.0
123.0
125.0
139.0
141.0
148.0
140.0
138.0
156.0
151.0
142.0
149.0
151.0
125.0
145.0
142.0
140.0
157.0
146.0
147.0
145.0
150.0
129.0
137.0
147.0
144.0
156.0
141.0
137.0
145.0
139.0
127.0
137.0
142.0
174.0
145.0
139.0
133.0
138.0
144.0
154.0
143.0
141.0
148.0
163.0
139.0
139.0
140.0
141.0
141.0
139.0
158.0
132.0
132.0
143.0
156.0
140.0
139.0
143.0
141.0
151.0
141.0
147.0
176.0
154.0
138.0
135.0
152.0
147.0
153.0
153.0
159.0
150.0
142.0
138.0
132.0
131.0
152.0
124.0
136.0
132.0
163.0
148.0
138.0
148.0
151.0
136.0
142.0
149.0
164.0
133.0
141.0
139.0
138.0
146.0
151.0
140.0
149.0
122.0
136.0
143.0
136.0
144.0
149.0
144.0
137.0
128.0
129.0
191.0
137.0
145.0
133.0
149.0
152.0
150.0
147.0
137.0
137.0
136.0
149.0
121.0
143.0
158.0
147.0
146.0
159.0
139.0
144.0
153.0
132.0
140.0
142.0
149.0
150.0
141.0
145.0
144.0
197.0
169.0
145.0
137.0
137.0
142.0
153.0
138.0
150.0
133.0
149.0
134.0
154.0
129.0
110.0
155.0
139.0
144.0
147.0
138.0
144.0
145.0
138.0
183.0
139.0
142.0
153.0
165.0
188.0
145.0
154.0
138.0
142.0
137.0
144.0
145.0
155.0
142.0
133.0
147.0
137.0
159.0
137.0
137.0
140.0
125.0
130.0
143.0
154.0
142.0
149.0
151.0
148.0
167.0
122.0
150.0
147.0
137.0
146.0
131.0
143.0
148.0
142.0
144.0
131.0
142.0
132.0
143.0
153.0
153.0
148.0
150.0
165.0
148.0
155.0
144.0
138.0
150.0
138.0
149.0
148.0
145.0
143.0
140.0
103.0
169.0
144.0
146.0
136.0
141.0
155.0
148.0
132.0
147.0
146.0
127.0
133.0
135.0
135.0
147.0
142.0
141.0
161.0
125.0
149.0
170.0
135.0
151.0
138.0
151.0
143.0
138.0
137.0
151.0
136.0
145.0
121.0
124.0
153.0
148.0
191.0
136.0
137.0
133.0
122.0
141.0
145.0
144.0
141.0
145.0
122.0
140.0
137.0
129.0
130.0
154.0
141.0
145.0
130.0
150.0
143.0
122.0
144.0
168.0
155.0
157.0
138.0
148.0
139.0
139.0
130.0
142.0
140.0
147.0
146.0
144.0
131.0
136.0
141.0
149.0
152.0
150.0
158.0
149.0
143.0
141.0
141.0
174.0
139.0
133.0
149.0
124.0
132.0
165.0
141.0
147.0
159.0
119.0
143.0
149.0
135.0
150.0
139.0
138.0
165.0
152.0
144.0
138.0
138.0
143.0
139.0
134.0
141.0
147.0
148.0
136.0
156.0
132.0
131.0
131.0
149.0
154.0
134.0
142.0
145.0
140.0
150.0
