214.0
177.0
175.0
193.0
241.0
208.0
180.0
196.0
246.0
244.0
248.0
173.0
251.0
216.0
183.0
226.0
262.0
189.0
169.0
292.0
168.0
226.0
225.0
225.0
242.0
178.0
205.0
248.0
212.0
247.0
236.0
240.0
217.0
165.0
174.0
272.0
273.0
235.0
205.0
296.0
220.0
166.0
215.0
247.0
194.0
201.0
175.0
274.0
187.0
227.0
161.0
175.0
181.0
190.0
210.0
195.0
215.0
175.0
198.0
168.0
175.0
248.0
221.0
189.0
203.0
168.0
215.0
193.0
266.0
231.0
211.0
204.0
211.0
243.0
205.0
351.0
164.0
169.0
214.0
210.0
169.0
190.0
274.0
242.0
253.0
181.0
169.0
232.0
158.0
188.0
169.0
162.0
154.0
230.0
243.0
166.0
207.0
220.0
239.0
163.0
261.0
222.0
186.0
211.0
166.0
225.0
256.0
240.0
220.0
199.0
214.0
254.0
221.0
221.0
253.0
174.0
227.0
237.0
223.0
219.0
229.0
251.0
314.0
241.0
215.0
172.0
172.0
232.0
219.0
194.0
161.0
275.0
201.0
236.0
179.0
176.0
174.0
186.0
189.0
173.0
228.0
271.0
206.0
186.0
200.0
271.0
167.0
224.0
230.0
204.0
242.0
180.0
220.0
183.0
209.0
220.0
231.0
200.0
220.0
226.0
293.0
187.0
223.0
226.0
223.0
235.0
226.0
217.0
166.0
228.0
166.0
154.0
188.0
225.0
273.0
228.0
172.0
164.0
198.0
207.0
238.0
214.0
210.0
212.0
253.0
216.0
164.0
262.0
200.0
160.0
218.0
170.0
255.0
227.0
235.0
209.0
198.0
262.0
226.0
200.0
245.0
259.0
192.0
201.0
218.0
223.0
204.0
235.0
230.0
236.0
222.0
161.0
219.0
171.0
225.0
243.0
230.0
236.0
200.0
174.0
239.0
219.0
213.0
196.0
166.0
184.0
207.0
188.0
202.0
177.0
189.0
191.0
232.0
210.0
225.0
237.0
266.0
230.0
167.0
188.0
164.0
200.0
229.0
234.0
227.0
169.0
190.0
185.0
226.0
213.0
189.0
165.0
198.0
170.0
272.0
216.0
209.0
174.0
175.0
184.0
213.0
239.0
180.0
200.0
223.0
275.0
192.0
189.0
208.0
165.0
224.0
160.0
200.0
193.0
272.0
182.0
158.0
173.0
226.0
237.0
220.0
252.0
177.0
219.0
175.0
223.0
179.0
170.0
245.0
209.0
208.0
227.0
194.0
210.0
191.0
211.0
201.0
207.0
224.0
152.0
224.0
227.0
232.0
230.0
281.0
192.0
235.0
225.0
182.0
195.0
175.0
252.0
164.0
213.0
265.0
234.0
253.0
202.0
228.0
197.0
231.0
238.0
208.0
193.0
183.0
253.0
208.0
247.0
203.0
278.0
195.0
196.0
212.0
221.0
196.0
208.0
223.0
256.0
241.0
231.0
224.0
206.0
210.0
216.0
209.0
197.0
220.0
212.0
185.0
171.0
176.0
182.0
174.0
227.0
246.0
237.0
227.0
176.0
202.0
215.0
203.0
211.0
209.0
177.0
174.0
176.0
191.0
247.0
194.0
165.0
253.0
217.0
231.0
220.0
225.0
177.0
207.0
232.0
206.0
233.0
219.0
230.0
206.0
200.0
288.0
204.0
174.0
221.0
260.0
243.0
180.0
243.0
248.0
207.0
235.0
240.0
232.0
174.0
238.0
216.0
177.0
238.0
211.0
240.0
176.0
242.0
185.0
222.0
228.0
207.0
216.0
180.0
214.0
240.0
242.0
217.0
245.0
160.0
217.0
246.0
227.0
220.0
250.0
169.0
229.0
217.0
200.0
233.0
235.0
177.0
227.0
168.0
176.0
241.0
276.0
288.0
237.0
230.0
187.0
213.0
180.0
222.0
221.0
156.0
229.0
260.0
230.0
203.0
196.0
166.0
268.0
194.0
208.0
208.0
217.0
280.0
218.0
213.0
263.0
186.0
258.0
197.0
189.0
178.0
222.0
207.0
172.0
231.0
218.0
155.0
162.0
223.0
191.0
221.0
219.0
236.0
272.0
166.0
255.0
175.0
228.0
174.0
195.0
211.0
158.0
206.0
245.0
237.0
253.0
207.0
217.0
215.0
234.0
288.0
175.0
225.0
233.0
198.0
179.0
237.0
