234.0
241.0
235.0
240.0
300.0
309.0
234.0
286.0
284.0
212.0
240.0
259.0
253.0
232.0
235.0
265.0
332.0
248.0
373.0
280.0
283.0
310.0
325.0
226.0
315.0
258.0
214.0
314.0
284.0
273.0
223.0
302.0
228.0
311.0
330.0
308.0
371.0
281.0
267.0
271.0
320.0
288.0
235.0
311.0
279.0
300.0
339.0
222.0
226.0
255.0
224.0
305.0
297.0
272.0
321.0
226.0
303.0
236.0
293.0
241.0
278.0
247.0
263.0
336.0
266.0
333.0
245.0
308.0
286.0
208.0
271.0
273.0
230.0
259.0
303.0
294.0
259.0
373.0
290.0
312.0
330.0
293.0
323.0
244.0
342.0
277.0
278.0
252.0
266.0
232.0
293.0
392.0
293.0
254.0
328.0
267.0
225.0
213.0
332.0
257.0
242.0
287.0
274.0
268.0
320.0
281.0
365.0
327.0
220.0
245.0
261.0
208.0
272.0
244.0
234.0
256.0
278.0
236.0
267.0
280.0
261.0
223.0
291.0
267.0
264.0
289.0
257.0
320.0
286.0
279.0
284.0
311.0
282.0
244.0
302.0
302.0
299.0
270.0
294.0
301.0
281.0
271.0
292.0
280.0
228.0
254.0
305.0
283.0
231.0
300.0
344.0
270.0
246.0
300.0
223.0
284.0
226.0
276.0
263.0
269.0
236.0
331.0
241.0
285.0
300.0
295.0
285.0
275.0
294.0
269.0
284.0
355.0
223.0
246.0
230.0
298.0
337.0
221.0
308.0
245.0
329.0
234.0
322.0
258.0
253.0
296.0
223.0
274.0
247.0
257.0
253.0
258.0
285.0
242.0
281.0
256.0
282.0
228.0
233.0
321.0
285.0
252.0
289.0
231.0
266.0
284.0
334.0
333.0
319.0
263.0
294.0
232.0
273.0
236.0
290.0
310.0
233.0
238.0
289.0
278.0
252.0
316.0
303.0
292.0
228.0
272.0
289.0
314.0
318.0
317.0
233.0
265.0
252.0
221.0
306.0
349.0
297.0
233.0
287.0
297.0
288.0
268.0
270.0
373.0
309.0
239.0
287.0
342.0
265.0
324.0
226.0
300.0
288.0
290.0
311.0
204.0
279.0
213.0
261.0
249.0
309.0
270.0
220.0
327.0
267.0
238.0
344.0
259.0
293.0
323.0
249.0
318.0
264.0
328.0
292.0
256.0
281.0
298.0
309.0
302.0
255.0
218.0
251.0
327.0
243.0
222.0
309.0
258.0
266.0
272.0
229.0
290.0
301.0
278.0
325.0
229.0
248.0
228.0
248.0
277.0
257.0
281.0
329.0
280.0
332.0
270.0
273.0
294.0
311.0
228.0
259.0
315.0
264.0
294.0
307.0
269.0
282.0
263.0
252.0
264.0
275.0
308.0
265.0
302.0
297.0
264.0
305.0
266.0
210.0
288.0
290.0
257.0
309.0
266.0
274.0
272.0
242.0
258.0
260.0
230.0
335.0
283.0
266.0
223.0
299.0
297.0
242.0
244.0
274.0
297.0
257.0
228.0
238.0
238.0
285.0
255.0
295.0
289.0
234.0
274.0
253.0
334.0
226.0
295.0
298.0
332.0
230.0
268.0
206.0
278.0
261.0
271.0
302.0
331.0
284.0
228.0
280.0
407.0
217.0
274.0
229.0
314.0
230.0
317.0
257.0
304.0
256.0
320.0
302.0
271.0
280.0
250.0
331.0
222.0
274.0
283.0
289.0
297.0
291.0
286.0
288.0
284.0
292.0
245.0
263.0
268.0
284.0
273.0
225.0
289.0
281.0
297.0
222.0
301.0
271.0
333.0
265.0
319.0
284.0
295.0
286.0
248.0
222.0
277.0
251.0
263.0
310.0
258.0
296.0
298.0
253.0
302.0
267.0
313.0
223.0
286.0
355.0
279.0
234.0
305.0
334.0
358.0
310.0
283.0
261.0
252.0
290.0
278.0
275.0
294.0
275.0
296.0
256.0
230.0
296.0
281.0
353.0
318.0
286.0
237.0
239.0
310.0
322.0
290.0
321.0
269.0
262.0
229.0
293.0
313.0
329.0
305.0
302.0
278.0
259.0
285.0
247.0
306.0
290.0
239.0
311.0
249.0
286.0
230.0
239.0
279.0
326.0
304.0
286.0
221.0
252.0
282.0
237.0
311.0
268.0
234.0
268.0
220.0
274.0
353.0
