355.0
295.0
238.0
293.0
261.0
260.0
359.0
260.0
243.0
252.0
328.0
302.0
305.0
288.0
297.0
286.0
339.0
278.0
301.0
263.0
349.0
279.0
287.0
328.0
290.0
295.0
292.0
275.0
242.0
353.0
323.0
267.0
296.0
232.0
275.0
298.0
253.0
290.0
292.0
243.0
241.0
275.0
348.0
228.0
310.0
272.0
283.0
283.0
226.0
242.0
297.0
283.0
237.0
276.0
298.0
281.0
331.0
238.0
305.0
328.0
241.0
342.0
302.0
302.0
283.0
315.0
251.0
318.0
318.0
239.0
302.0
346.0
258.0
282.0
314.0
265.0
292.0
265.0
287.0
270.0
262.0
368.0
261.0
344.0
292.0
328.0
223.0
288.0
259.0
255.0
291.0
265.0
251.0
240.0
296.0
262.0
333.0
247.0
405.0
285.0
238.0
254.0
306.0
256.0
296.0
236.0
262.0
255.0
265.0
225.0
233.0
311.0
241.0
310.0
317.0
352.0
278.0
308.0
318.0
277.0
302.0
255.0
227.0
278.0
329.0
282.0
411.0
228.0
296.0
272.0
300.0
220.0
274.0
364.0
310.0
242.0
275.0
284.0
325.0
297.0
223.0
235.0
318.0
242.0
328.0
310.0
241.0
293.0
285.0
248.0
301.0
293.0
228.0
293.0
309.0
305.0
324.0
332.0
292.0
247.0
339.0
296.0
302.0
277.0
299.0
294.0
354.0
299.0
275.0
231.0
311.0
360.0
321.0
358.0
291.0
309.0
297.0
276.0
298.0
284.0
239.0
254.0
305.0
313.0
297.0
263.0
226.0
307.0
321.0
278.0
337.0
293.0
272.0
313.0
253.0
275.0
324.0
288.0
255.0
307.0
272.0
296.0
239.0
261.0
300.0
250.0
294.0
311.0
300.0
256.0
294.0
271.0
303.0
273.0
280.0
238.0
249.0
278.0
366.0
314.0
251.0
216.0
285.0
247.0
285.0
246.0
275.0
352.0
293.0
234.0
234.0
290.0
321.0
233.0
227.0
325.0
273.0
281.0
262.0
286.0
279.0
303.0
345.0
242.0
264.0
292.0
278.0
325.0
222.0
239.0
279.0
302.0
290.0
248.0
321.0
314.0
321.0
296.0
265.0
263.0
331.0
266.0
258.0
328.0
316.0
241.0
287.0
243.0
305.0
249.0
284.0
283.0
269.0
238.0
311.0
287.0
290.0
274.0
252.0
290.0
247.0
250.0
243.0
297.0
330.0
257.0
312.0
311.0
272.0
247.0
232.0
346.0
276.0
271.0
231.0
295.0
296.0
240.0
296.0
331.0
286.0
267.0
329.0
242.0
299.0
236.0
303.0
311.0
290.0
227.0
314.0
339.0
291.0
263.0
294.0
307.0
262.0
278.0
238.0
251.0
308.0
277.0
271.0
292.0
304.0
236.0
293.0
291.0
341.0
253.0
303.0
237.0
280.0
283.0
297.0
301.0
249.0
296.0
254.0
246.0
353.0
243.0
249.0
263.0
302.0
338.0
288.0
272.0
295.0
249.0
322.0
243.0
285.0
284.0
299.0
249.0
289.0
270.0
280.0
334.0
240.0
287.0
361.0
264.0
263.0
330.0
278.0
250.0
244.0
296.0
329.0
290.0
260.0
269.0
306.0
288.0
324.0
356.0
290.0
323.0
281.0
254.0
289.0
271.0
283.0
308.0
276.0
273.0
275.0
289.0
254.0
239.0
240.0
263.0
274.0
305.0
274.0
305.0
257.0
277.0
285.0
253.0
316.0
313.0
238.0
304.0
229.0
407.0
230.0
280.0
270.0
237.0
285.0
283.0
314.0
297.0
245.0
273.0
280.0
312.0
336.0
275.0
249.0
338.0
298.0
288.0
246.0
319.0
277.0
286.0
241.0
250.0
306.0
338.0
294.0
285.0
261.0
288.0
287.0
263.0
287.0
254.0
311.0
299.0
244.0
332.0
241.0
349.0
243.0
309.0
288.0
312.0
293.0
253.0
262.0
280.0
301.0
227.0
249.0
233.0
308.0
238.0
299.0
252.0
272.0
286.0
226.0
244.0
300.0
270.0
304.0
326.0
279.0
251.0
312.0
269.0
300.0
262.0
263.0
310.0
292.0
266.0
243.0
316.0
321.0
235.0
241.0
266.0
357.0
234.0
303.0
232.0
331.0
225.0
314.0
246.0
309.0
305.0
283.0
314.0
