144.0
147.0
145.0
146.0
137.0
147.0
154.0
143.0
148.0
148.0
143.0
139.0
144.0
143.0
147.0
141.0
159.0
147.0
147.0
131.0
144.0
144.0
153.0
154.0
144.0
143.0
144.0
144.0
153.0
157.0
141.0
142.0
150.0
143.0
152.0
144.0
154.0
147.0
151.0
135.0
143.0
146.0
150.0
144.0
141.0
154.0
150.0
142.0
146.0
164.0
149.0
159.0
140.0
145.0
145.0
150.0
147.0
142.0
155.0
150.0
148.0
145.0
150.0
147.0
143.0
147.0
161.0
147.0
139.0
145.0
140.0
141.0
151.0
150.0
140.0
149.0
141.0
158.0
145.0
140.0
144.0
148.0
144.0
147.0
144.0
148.0
147.0
148.0
148.0
145.0
142.0
146.0
149.0
149.0
145.0
145.0
150.0
144.0
144.0
142.0
147.0
162.0
143.0
142.0
144.0
148.0
147.0
151.0
144.0
136.0
148.0
145.0
149.0
146.0
143.0
146.0
155.0
141.0
153.0
143.0
148.0
159.0
144.0
147.0
145.0
140.0
146.0
149.0
149.0
142.0
141.0
143.0
154.0
142.0
146.0
144.0
151.0
149.0
143.0
147.0
143.0
148.0
151.0
145.0
147.0
147.0
147.0
146.0
145.0
137.0
160.0
146.0
150.0
143.0
151.0
145.0
144.0
143.0
154.0
152.0
153.0
149.0
144.0
143.0
153.0
149.0
155.0
137.0
143.0
144.0
155.0
145.0
144.0
145.0
143.0
149.0
148.0
155.0
146.0
140.0
150.0
173.0
142.0
143.0
155.0
143.0
158.0
146.0
141.0
142.0
149.0
142.0
149.0
148.0
143.0
147.0
147.0
150.0
146.0
148.0
148.0
142.0
151.0
153.0
147.0
140.0
151.0
146.0
159.0
140.0
147.0
143.0
145.0
150.0
147.0
165.0
146.0
152.0
146.0
155.0
147.0
145.0
138.0
143.0
141.0
145.0
147.0
152.0
152.0
152.0
144.0
150.0
149.0
151.0
150.0
143.0
147.0
141.0
146.0
144.0
145.0
147.0
177.0
145.0
142.0
145.0
148.0
145.0
143.0
143.0
161.0
137.0
143.0
140.0
148.0
160.0
148.0
155.0
145.0
144.0
148.0
154.0
150.0
143.0
140.0
145.0
146.0
143.0
157.0
149.0
140.0
146.0
146.0
153.0
149.0
140.0
147.0
146.0
142.0
146.0
159.0
146.0
143.0
151.0
146.0
152.0
148.0
146.0
144.0
145.0
144.0
143.0
145.0
143.0
146.0
145.0
141.0
142.0
153.0
144.0
146.0
146.0
149.0
141.0
148.0
147.0
147.0
144.0
146.0
144.0
143.0
148.0
148.0
145.0
147.0
143.0
144.0
150.0
146.0
144.0
146.0
146.0
146.0
143.0
145.0
148.0
146.0
143.0
143.0
149.0
157.0
140.0
147.0
140.0
142.0
143.0
144.0
143.0
147.0
159.0
144.0
139.0
146.0
140.0
141.0
146.0
147.0
158.0
152.0
149.0
152.0
140.0
145.0
148.0
145.0
147.0
155.0
142.0
146.0
151.0
145.0
144.0
146.0
142.0
153.0
149.0
147.0
147.0
155.0
155.0
153.0
146.0
153.0
154.0
145.0
147.0
142.0
146.0
145.0
150.0
146.0
145.0
152.0
140.0
157.0
143.0
143.0
141.0
145.0
154.0
146.0
144.0
149.0
144.0
144.0
152.0
143.0
172.0
143.0
145.0
143.0
146.0
148.0
146.0
146.0
144.0
148.0
153.0
136.0
143.0
147.0
144.0
154.0
139.0
139.0
149.0
145.0
149.0
147.0
157.0
158.0
142.0
140.0
144.0
144.0
141.0
155.0
149.0
145.0
150.0
139.0
149.0
148.0
149.0
141.0
142.0
139.0
144.0
147.0
146.0
144.0
154.0
147.0
150.0
147.0
148.0
143.0
145.0
149.0
157.0
143.0
145.0
143.0
148.0
147.0
151.0
145.0
149.0
140.0
156.0
150.0
140.0
143.0
146.0
142.0
146.0
152.0
150.0
147.0
150.0
150.0
143.0
146.0
154.0
147.0
142.0
147.0
144.0
142.0
159.0
146.0
142.0
154.0
148.0
137.0
140.0
149.0
143.0
144.0
150.0
144.0
159.0
154.0
143.0
145.0
139.0
145.0
142.0
149.0
140.0
