184.0
229.0
177.0
185.0
241.0
201.0
245.0
227.0
305.0
290.0
202.0
219.0
168.0
230.0
267.0
249.0
237.0
172.0
207.0
206.0
231.0
251.0
217.0
209.0
254.0
319.0
232.0
221.0
219.0
230.0
222.0
313.0
284.0
261.0
183.0
227.0
196.0
224.0
184.0
288.0
220.0
275.0
185.0
204.0
194.0
163.0
195.0
198.0
206.0
182.0
214.0
259.0
265.0
290.0
223.0
288.0
212.0
200.0
260.0
190.0
211.0
244.0
213.0
238.0
210.0
217.0
211.0
214.0
225.0
243.0
194.0
231.0
239.0
210.0
166.0
198.0
213.0
233.0
202.0
183.0
187.0
240.0
307.0
230.0
196.0
186.0
220.0
224.0
232.0
194.0
247.0
216.0
215.0
205.0
194.0
253.0
213.0
178.0
263.0
162.0
176.0
209.0
269.0
178.0
208.0
177.0
197.0
328.0
243.0
241.0
241.0
241.0
240.0
187.0
274.0
217.0
183.0
255.0
263.0
156.0
224.0
180.0
237.0
175.0
256.0
251.0
191.0
188.0
224.0
253.0
191.0
219.0
201.0
200.0
235.0
245.0
247.0
194.0
182.0
232.0
221.0
205.0
230.0
204.0
242.0
230.0
268.0
174.0
224.0
225.0
218.0
213.0
257.0
278.0
225.0
211.0
182.0
235.0
214.0
210.0
228.0
226.0
211.0
180.0
205.0
197.0
216.0
174.0
176.0
254.0
319.0
173.0
170.0
247.0
223.0
269.0
177.0
181.0
271.0
195.0
242.0
264.0
198.0
222.0
210.0
231.0
232.0
219.0
265.0
280.0
242.0
246.0
214.0
237.0
231.0
203.0
219.0
216.0
213.0
237.0
181.0
286.0
236.0
195.0
221.0
216.0
234.0
180.0
240.0
216.0
198.0
198.0
310.0
175.0
193.0
261.0
223.0
247.0
195.0
226.0
251.0
218.0
186.0
258.0
272.0
183.0
187.0
176.0
183.0
243.0
228.0
233.0
214.0
293.0
214.0
203.0
232.0
191.0
219.0
200.0
217.0
192.0
224.0
220.0
176.0
230.0
265.0
240.0
179.0
214.0
258.0
290.0
186.0
174.0
230.0
251.0
234.0
318.0
175.0
271.0
234.0
231.0
191.0
205.0
264.0
219.0
255.0
169.0
211.0
230.0
233.0
172.0
263.0
211.0
183.0
249.0
266.0
173.0
249.0
190.0
225.0
206.0
210.0
181.0
293.0
256.0
187.0
186.0
234.0
157.0
332.0
186.0
272.0
192.0
253.0
290.0
228.0
177.0
240.0
185.0
226.0
178.0
215.0
242.0
185.0
239.0
176.0
233.0
253.0
263.0
237.0
224.0
282.0
241.0
220.0
254.0
243.0
274.0
213.0
186.0
182.0
216.0
207.0
222.0
191.0
221.0
218.0
176.0
244.0
242.0
272.0
240.0
285.0
247.0
175.0
201.0
183.0
193.0
228.0
217.0
181.0
228.0
177.0
255.0
238.0
167.0
219.0
183.0
177.0
204.0
186.0
193.0
221.0
221.0
160.0
241.0
194.0
217.0
254.0
243.0
195.0
214.0
279.0
216.0
209.0
180.0
246.0
259.0
226.0
162.0
298.0
272.0
176.0
220.0
233.0
205.0
182.0
226.0
170.0
222.0
278.0
242.0
193.0
263.0
247.0
209.0
176.0
220.0
259.0
192.0
249.0
176.0
251.0
197.0
226.0
247.0
248.0
196.0
197.0
269.0
186.0
234.0
229.0
260.0
189.0
227.0
259.0
203.0
212.0
257.0
203.0
188.0
215.0
224.0
298.0
223.0
223.0
211.0
270.0
173.0
228.0
266.0
234.0
232.0
284.0
253.0
238.0
207.0
234.0
226.0
304.0
236.0
243.0
222.0
284.0
202.0
180.0
251.0
201.0
226.0
235.0
240.0
180.0
234.0
211.0
245.0
242.0
174.0
193.0
196.0
250.0
215.0
273.0
190.0
165.0
222.0
247.0
171.0
205.0
237.0
214.0
276.0
221.0
205.0
209.0
295.0
206.0
170.0
175.0
205.0
253.0
216.0
269.0
188.0
208.0
183.0
261.0
179.0
258.0
209.0
241.0
170.0
251.0
262.0
179.0
251.0
240.0
268.0
250.0
283.0
270.0
260.0
215.0
211.0
233.0
263.0
249.0
244.0
206.0
290.0
