257.0
334.0
266.0
218.0
281.0
273.0
248.0
290.0
279.0
214.0
321.0
301.0
303.0
226.0
310.0
273.0
256.0
264.0
235.0
275.0
295.0
272.0
291.0
265.0
363.0
196.0
254.0
306.0
275.0
291.0
294.0
237.0
283.0
267.0
318.0
280.0
261.0
301.0
241.0
291.0
222.0
280.0
277.0
258.0
339.0
252.0
265.0
224.0
322.0
269.0
204.0
258.0
270.0
309.0
242.0
269.0
332.0
232.0
222.0
257.0
225.0
247.0
223.0
240.0
322.0
296.0
227.0
222.0
326.0
278.0
271.0
328.0
270.0
300.0
273.0
221.0
238.0
247.0
281.0
267.0
265.0
294.0
222.0
231.0
263.0
314.0
238.0
283.0
212.0
218.0
229.0
277.0
289.0
285.0
236.0
266.0
307.0
264.0
219.0
318.0
282.0
267.0
305.0
238.0
290.0
258.0
274.0
270.0
304.0
300.0
278.0
270.0
247.0
236.0
275.0
315.0
265.0
299.0
270.0
261.0
230.0
275.0
221.0
286.0
215.0
215.0
320.0
260.0
213.0
222.0
256.0
257.0
233.0
327.0
255.0
269.0
265.0
237.0
227.0
281.0
267.0
212.0
263.0
262.0
266.0
283.0
282.0
233.0
275.0
278.0
207.0
254.0
297.0
262.0
290.0
220.0
244.0
272.0
222.0
320.0
298.0
278.0
283.0
216.0
251.0
242.0
260.0
288.0
214.0
374.0
240.0
229.0
295.0
315.0
246.0
260.0
330.0
217.0
261.0
245.0
261.0
264.0
275.0
220.0
265.0
230.0
306.0
258.0
215.0
291.0
263.0
263.0
316.0
250.0
370.0
297.0
271.0
252.0
260.0
225.0
280.0
247.0
256.0
300.0
220.0
361.0
241.0
270.0
268.0
230.0
295.0
330.0
253.0
269.0
266.0
311.0
281.0
242.0
230.0
289.0
268.0
280.0
332.0
254.0
256.0
300.0
270.0
260.0
310.0
226.0
237.0
256.0
286.0
206.0
216.0
216.0
267.0
232.0
326.0
300.0
254.0
303.0
342.0
292.0
263.0
276.0
225.0
261.0
259.0
290.0
231.0
229.0
218.0
230.0
310.0
205.0
278.0
209.0
261.0
313.0
207.0
229.0
292.0
305.0
281.0
233.0
219.0
268.0
274.0
210.0
270.0
317.0
284.0
227.0
311.0
236.0
270.0
241.0
252.0
261.0
246.0
249.0
251.0
258.0
268.0
336.0
226.0
236.0
225.0
293.0
239.0
212.0
304.0
218.0
216.0
256.0
284.0
253.0
250.0
269.0
258.0
253.0
291.0
276.0
268.0
304.0
254.0
335.0
274.0
308.0
279.0
356.0
282.0
275.0
266.0
242.0
226.0
270.0
218.0
214.0
210.0
206.0
255.0
257.0
229.0
299.0
291.0
335.0
308.0
263.0
327.0
251.0
285.0
289.0
264.0
265.0
240.0
307.0
286.0
249.0
268.0
256.0
289.0
214.0
267.0
227.0
269.0
303.0
249.0
227.0
292.0
300.0
290.0
266.0
255.0
283.0
248.0
288.0
241.0
231.0
267.0
296.0
250.0
289.0
314.0
216.0
265.0
229.0
213.0
294.0
268.0
334.0
213.0
305.0
225.0
339.0
215.0
210.0
297.0
250.0
244.0
288.0
237.0
303.0
263.0
290.0
218.0
310.0
275.0
252.0
264.0
288.0
313.0
276.0
248.0
230.0
260.0
268.0
277.0
237.0
253.0
254.0
307.0
270.0
265.0
224.0
365.0
238.0
296.0
266.0
253.0
283.0
292.0
285.0
261.0
313.0
228.0
281.0
287.0
246.0
203.0
266.0
251.0
285.0
262.0
227.0
283.0
293.0
315.0
225.0
315.0
220.0
225.0
286.0
248.0
224.0
265.0
243.0
327.0
251.0
315.0
298.0
272.0
283.0
278.0
240.0
291.0
238.0
321.0
308.0
277.0
295.0
311.0
239.0
266.0
363.0
339.0
372.0
226.0
265.0
280.0
242.0
294.0
297.0
259.0
260.0
336.0
250.0
263.0
320.0
288.0
224.0
260.0
301.0
251.0
349.0
296.0
264.0
247.0
305.0
254.0
266.0
365.0
283.0
251.0
281.0
250.0
253.0
279.0
222.0
271.0
281.0
270.0
286.0
274.0
206.0
284.0
230.0
242.0
311.0
