307.0
311.0
265.0
239.0
246.0
269.0
250.0
235.0
276.0
302.0
228.0
258.0
235.0
231.0
228.0
246.0
263.0
344.0
338.0
239.0
284.0
282.0
288.0
280.0
240.0
285.0
268.0
304.0
268.0
338.0
319.0
235.0
290.0
270.0
324.0
240.0
288.0
258.0
242.0
306.0
248.0
244.0
297.0
230.0
243.0
298.0
246.0
299.0
220.0
266.0
242.0
291.0
274.0
289.0
311.0
286.0
218.0
292.0
267.0
318.0
251.0
273.0
297.0
268.0
309.0
232.0
295.0
293.0
303.0
287.0
291.0
303.0
300.0
305.0
284.0
302.0
289.0
268.0
223.0
251.0
240.0
235.0
239.0
319.0
255.0
225.0
233.0
274.0
297.0
274.0
338.0
265.0
297.0
241.0
282.0
224.0
287.0
280.0
231.0
325.0
285.0
281.0
225.0
309.0
233.0
234.0
228.0
293.0
282.0
269.0
230.0
246.0
267.0
302.0
347.0
293.0
246.0
245.0
270.0
252.0
223.0
296.0
279.0
232.0
288.0
330.0
256.0
319.0
283.0
347.0
231.0
292.0
247.0
265.0
245.0
320.0
250.0
287.0
259.0
333.0
321.0
256.0
298.0
292.0
344.0
260.0
236.0
329.0
291.0
294.0
240.0
292.0
313.0
223.0
297.0
330.0
257.0
266.0
313.0
253.0
299.0
241.0
283.0
269.0
286.0
256.0
323.0
307.0
315.0
258.0
299.0
362.0
233.0
294.0
215.0
259.0
226.0
208.0
300.0
343.0
268.0
270.0
265.0
296.0
361.0
275.0
299.0
318.0
268.0
241.0
258.0
324.0
310.0
284.0
245.0
313.0
250.0
265.0
274.0
311.0
281.0
269.0
250.0
230.0
294.0
285.0
273.0
221.0
294.0
294.0
259.0
267.0
312.0
276.0
315.0
271.0
305.0
243.0
217.0
266.0
276.0
323.0
219.0
321.0
305.0
214.0
322.0
222.0
295.0
285.0
292.0
267.0
249.0
301.0
296.0
252.0
258.0
287.0
221.0
230.0
289.0
296.0
223.0
292.0
255.0
264.0
245.0
245.0
219.0
316.0
280.0
231.0
347.0
248.0
250.0
318.0
282.0
232.0
286.0
296.0
290.0
282.0
285.0
301.0
227.0
288.0
226.0
232.0
256.0
331.0
240.0
278.0
317.0
243.0
250.0
225.0
328.0
239.0
291.0
294.0
312.0
292.0
228.0
230.0
304.0
233.0
310.0
248.0
267.0
235.0
322.0
303.0
238.0
320.0
338.0
305.0
223.0
298.0
348.0
274.0
255.0
299.0
307.0
322.0
254.0
251.0
287.0
290.0
284.0
248.0
307.0
256.0
231.0
289.0
228.0
322.0
300.0
333.0
276.0
352.0
254.0
358.0
283.0
263.0
298.0
232.0
284.0
255.0
231.0
259.0
392.0
290.0
330.0
334.0
295.0
279.0
286.0
293.0
260.0
276.0
328.0
252.0
285.0
289.0
314.0
238.0
316.0
264.0
353.0
330.0
308.0
278.0
246.0
281.0
290.0
262.0
308.0
310.0
302.0
243.0
228.0
270.0
238.0
291.0
320.0
315.0
281.0
278.0
247.0
230.0
287.0
226.0
284.0
228.0
227.0
305.0
296.0
269.0
282.0
285.0
221.0
291.0
292.0
220.0
319.0
309.0
303.0
266.0
247.0
258.0
250.0
310.0
347.0
285.0
242.0
276.0
282.0
232.0
262.0
276.0
229.0
284.0
302.0
254.0
277.0
292.0
243.0
262.0
257.0
324.0
309.0
308.0
277.0
282.0
256.0
217.0
247.0
226.0
242.0
338.0
272.0
287.0
271.0
211.0
235.0
291.0
242.0
307.0
257.0
254.0
241.0
309.0
334.0
297.0
239.0
268.0
287.0
346.0
269.0
292.0
303.0
299.0
332.0
281.0
270.0
273.0
240.0
232.0
239.0
303.0
272.0
251.0
286.0
276.0
280.0
262.0
268.0
346.0
246.0
359.0
272.0
316.0
242.0
211.0
336.0
262.0
291.0
241.0
247.0
267.0
266.0
229.0
266.0
280.0
322.0
238.0
336.0
309.0
233.0
230.0
297.0
302.0
261.0
288.0
283.0
287.0
223.0
327.0
287.0
315.0
217.0
271.0
287.0
326.0
271.0
295.0
227.0
234.0
266.0
226.0
