230.0
223.0
227.0
242.0
205.0
218.0
329.0
199.0
241.0
236.0
222.0
195.0
211.0
213.0
230.0
215.0
272.0
226.0
222.0
224.0
224.0
199.0
68.0
202.0
60.0
240.0
84.0
221.0
232.0
169.0
261.0
227.0
221.0
184.0
253.0
234.0
206.0
253.0
262.0
226.0
254.0
207.0
225.0
213.0
204.0
232.0
250.0
221.0
234.0
215.0
223.0
224.0
227.0
188.0
209.0
224.0
232.0
237.0
241.0
209.0
190.0
246.0
239.0
206.0
214.0
239.0
231.0
220.0
222.0
178.0
211.0
232.0
217.0
218.0
201.0
198.0
219.0
209.0
202.0
234.0
210.0
221.0
224.0
214.0
213.0
225.0
240.0
245.0
215.0
227.0
215.0
237.0
246.0
248.0
217.0
215.0
61.0
193.0
73.0
200.0
227.0
260.0
228.0
213.0
243.0
210.0
218.0
240.0
240.0
220.0
245.0
218.0
223.0
200.0
210.0
206.0
250.0
221.0
190.0
248.0
207.0
218.0
222.0
245.0
222.0
212.0
232.0
245.0
196.0
211.0
226.0
206.0
203.0
220.0
226.0
236.0
218.0
204.0
237.0
232.0
208.0
229.0
236.0
212.0
243.0
215.0
226.0
238.0
195.0
248.0
224.0
213.0
212.0
219.0
223.0
203.0
191.0
213.0
234.0
216.0
234.0
214.0
209.0
207.0
235.0
226.0
247.0
222.0
242.0
53.0
218.0
207.0
236.0
226.0
237.0
234.0
248.0
218.0
218.0
193.0
204.0
200.0
247.0
224.0
233.0
222.0
207.0
232.0
220.0
211.0
228.0
198.0
187.0
226.0
259.0
235.0
262.0
214.0
205.0
289.0
229.0
225.0
213.0
202.0
220.0
217.0
226.0
198.0
181.0
227.0
255.0
230.0
224.0
233.0
269.0
304.0
207.0
224.0
199.0
242.0
248.0
229.0
221.0
223.0
247.0
214.0
226.0
183.0
217.0
208.0
193.0
213.0
248.0
217.0
209.0
241.0
209.0
195.0
245.0
244.0
205.0
229.0
231.0
216.0
220.0
247.0
219.0
249.0
215.0
223.0
226.0
216.0
231.0
228.0
209.0
234.0
228.0
238.0
218.0
177.0
238.0
215.0
221.0
201.0
220.0
185.0
270.0
188.0
209.0
231.0
240.0
202.0
236.0
217.0
206.0
264.0
222.0
246.0
160.0
228.0
193.0
204.0
235.0
226.0
254.0
216.0
193.0
196.0
215.0
187.0
226.0
211.0
163.0
178.0
237.0
207.0
209.0
213.0
281.0
194.0
206.0
192.0
265.0
224.0
233.0
225.0
193.0
195.0
232.0
220.0
190.0
234.0
288.0
240.0
203.0
88.0
255.0
219.0
216.0
205.0
213.0
252.0
190.0
210.0
224.0
196.0
213.0
226.0
228.0
277.0
224.0
186.0
250.0
211.0
258.0
236.0
210.0
243.0
209.0
184.0
222.0
232.0
254.0
212.0
243.0
258.0
227.0
247.0
222.0
210.0
229.0
225.0
217.0
199.0
236.0
214.0
240.0
249.0
232.0
207.0
197.0
195.0
226.0
252.0
212.0
254.0
214.0
212.0
273.0
241.0
226.0
220.0
225.0
230.0
235.0
224.0
211.0
205.0
60.0
197.0
234.0
233.0
244.0
232.0
233.0
205.0
214.0
239.0
248.0
240.0
240.0
225.0
198.0
250.0
251.0
243.0
246.0
242.0
214.0
230.0
213.0
224.0
209.0
227.0
205.0
220.0
204.0
266.0
231.0
223.0
263.0
205.0
233.0
277.0
205.0
236.0
216.0
213.0
206.0
225.0
221.0
206.0
206.0
232.0
241.0
204.0
227.0
216.0
204.0
238.0
279.0
241.0
263.0
246.0
243.0
223.0
226.0
222.0
207.0
240.0
217.0
210.0
204.0
216.0
222.0
240.0
249.0
217.0
230.0
213.0
221.0
224.0
72.0
210.0
198.0
207.0
231.0
224.0
215.0
212.0
190.0
193.0
215.0
252.0
220.0
225.0
209.0
224.0
241.0
217.0
236.0
237.0
222.0
233.0
192.0
272.0
191.0
219.0
232.0
222.0
218.0
244.0
206.0
224.0
245.0
212.0
231.0
280.0
212.0
217.0
215.0
241.0
242.0
250.0
261.0
192.0
259.0
76.0
69.0
226.0
