202.0
194.0
202.0
173.0
208.0
182.0
175.0
187.0
183.0
184.0
199.0
181.0
221.0
201.0
176.0
182.0
164.0
187.0
190.0
179.0
230.0
186.0
224.0
183.0
186.0
196.0
182.0
179.0
183.0
215.0
197.0
186.0
175.0
172.0
197.0
180.0
187.0
180.0
179.0
183.0
185.0
189.0
197.0
209.0
169.0
173.0
177.0
174.0
177.0
181.0
187.0
202.0
192.0
171.0
172.0
198.0
182.0
188.0
214.0
177.0
203.0
187.0
196.0
174.0
185.0
189.0
184.0
171.0
178.0
221.0
188.0
181.0
201.0
172.0
239.0
232.0
180.0
189.0
204.0
205.0
206.0
186.0
201.0
224.0
178.0
183.0
217.0
200.0
181.0
163.0
176.0
210.0
201.0
181.0
183.0
198.0
196.0
191.0
173.0
171.0
174.0
181.0
172.0
177.0
182.0
193.0
186.0
167.0
190.0
185.0
180.0
170.0
185.0
185.0
212.0
212.0
178.0
188.0
189.0
175.0
191.0
181.0
180.0
175.0
185.0
193.0
178.0
173.0
185.0
187.0
187.0
254.0
223.0
194.0
174.0
193.0
197.0
186.0
182.0
189.0
203.0
190.0
185.0
185.0
187.0
182.0
179.0
177.0
184.0
230.0
189.0
175.0
192.0
171.0
203.0
178.0
206.0
202.0
184.0
186.0
189.0
169.0
173.0
197.0
165.0
209.0
194.0
200.0
208.0
189.0
185.0
186.0
184.0
183.0
186.0
208.0
209.0
196.0
188.0
198.0
206.0
207.0
202.0
186.0
206.0
182.0
186.0
199.0
191.0
182.0
194.0
171.0
198.0
177.0
169.0
190.0
183.0
215.0
176.0
182.0
173.0
163.0
213.0
173.0
175.0
194.0
185.0
191.0
205.0
191.0
185.0
179.0
176.0
179.0
184.0
175.0
182.0
191.0
200.0
185.0
166.0
206.0
184.0
223.0
180.0
177.0
168.0
183.0
176.0
184.0
181.0
181.0
195.0
194.0
207.0
178.0
200.0
216.0
169.0
214.0
218.0
213.0
178.0
181.0
183.0
186.0
212.0
187.0
212.0
184.0
177.0
193.0
205.0
187.0
195.0
201.0
167.0
199.0
189.0
167.0
231.0
173.0
171.0
183.0
198.0
178.0
201.0
179.0
175.0
186.0
192.0
168.0
194.0
189.0
212.0
198.0
175.0
186.0
186.0
185.0
247.0
175.0
182.0
201.0
181.0
187.0
196.0
175.0
184.0
184.0
218.0
176.0
194.0
180.0
208.0
164.0
214.0
202.0
200.0
173.0
173.0
200.0
195.0
183.0
197.0
197.0
205.0
193.0
215.0
205.0
176.0
178.0
188.0
179.0
193.0
204.0
181.0
179.0
191.0
168.0
181.0
178.0
254.0
193.0
184.0
175.0
177.0
201.0
196.0
191.0
205.0
186.0
192.0
196.0
186.0
178.0
184.0
173.0
175.0
220.0
187.0
184.0
213.0
187.0
188.0
192.0
191.0
195.0
172.0
175.0
195.0
163.0
180.0
218.0
183.0
191.0
213.0
174.0
228.0
168.0
201.0
192.0
185.0
179.0
174.0
191.0
187.0
166.0
180.0
192.0
191.0
180.0
175.0
182.0
184.0
196.0
196.0
180.0
187.0
173.0
215.0
218.0
177.0
185.0
204.0
190.0
175.0
174.0
171.0
196.0
251.0
223.0
186.0
214.0
175.0
200.0
182.0
190.0
169.0
209.0
206.0
186.0
178.0
170.0
222.0
205.0
174.0
170.0
185.0
169.0
191.0
188.0
172.0
181.0
208.0
184.0
187.0
196.0
190.0
195.0
197.0
182.0
184.0
179.0
181.0
205.0
185.0
186.0
182.0
184.0
187.0
173.0
185.0
180.0
224.0
186.0
177.0
182.0
194.0
201.0
201.0
209.0
192.0
191.0
183.0
210.0
177.0
196.0
186.0
193.0
200.0
183.0
186.0
181.0
177.0
191.0
191.0
184.0
200.0
187.0
186.0
186.0
185.0
208.0
207.0
186.0
184.0
173.0
233.0
182.0
185.0
182.0
179.0
193.0
177.0
184.0
186.0
168.0
213.0
174.0
181.0
201.0
194.0
196.0
192.0
178.0
176.0
180.0
199.0
185.0
199.0
182.0
176.0
197.0
188.0
205.0
198.0
184.0
185.0
185.0
