42.0
55.0
45.0
52.0
273.0
53.0
58.0
50.0
45.0
60.0
41.0
46.0
45.0
55.0
47.0
47.0
53.0
59.0
41.0
43.0
46.0
46.0
53.0
54.0
46.0
49.0
278.0
57.0
44.0
52.0
47.0
48.0
43.0
50.0
53.0
45.0
42.0
56.0
68.0
46.0
63.0
48.0
36.0
54.0
83.0
50.0
58.0
69.0
39.0
49.0
52.0
70.0
46.0
54.0
45.0
52.0
60.0
283.0
277.0
255.0
47.0
42.0
49.0
45.0
44.0
40.0
51.0
48.0
65.0
94.0
59.0
46.0
41.0
61.0
53.0
47.0
257.0
53.0
42.0
53.0
50.0
52.0
60.0
51.0
52.0
56.0
45.0
54.0
53.0
44.0
59.0
52.0
41.0
40.0
60.0
42.0
55.0
267.0
46.0
51.0
49.0
51.0
76.0
44.0
46.0
237.0
50.0
53.0
47.0
49.0
57.0
54.0
47.0
40.0
40.0
47.0
49.0
45.0
48.0
60.0
46.0
53.0
60.0
48.0
50.0
49.0
48.0
53.0
65.0
48.0
57.0
45.0
52.0
45.0
62.0
47.0
53.0
49.0
52.0
86.0
46.0
40.0
55.0
47.0
40.0
55.0
46.0
42.0
48.0
68.0
54.0
60.0
43.0
58.0
53.0
46.0
48.0
47.0
76.0
59.0
45.0
64.0
41.0
44.0
51.0
52.0
40.0
55.0
45.0
50.0
56.0
41.0
52.0
67.0
77.0
47.0
49.0
54.0
51.0
58.0
40.0
51.0
57.0
54.0
45.0
40.0
53.0
50.0
49.0
45.0
49.0
55.0
52.0
47.0
47.0
54.0
52.0
45.0
37.0
58.0
81.0
39.0
49.0
54.0
54.0
41.0
46.0
51.0
69.0
53.0
50.0
38.0
76.0
57.0
49.0
46.0
53.0
48.0
68.0
71.0
39.0
45.0
55.0
47.0
52.0
40.0
40.0
47.0
73.0
51.0
41.0
51.0
48.0
59.0
45.0
54.0
51.0
54.0
46.0
47.0
46.0
44.0
42.0
49.0
48.0
40.0
74.0
73.0
64.0
47.0
44.0
49.0
42.0
53.0
41.0
51.0
67.0
54.0
61.0
45.0
41.0
53.0
53.0
51.0
52.0
55.0
43.0
53.0
60.0
50.0
73.0
44.0
38.0
54.0
40.0
50.0
42.0
46.0
42.0
46.0
51.0
47.0
42.0
50.0
47.0
52.0
41.0
96.0
50.0
55.0
51.0
46.0
45.0
45.0
46.0
46.0
47.0
52.0
263.0
50.0
41.0
98.0
62.0
59.0
50.0
57.0
48.0
43.0
50.0
55.0
45.0
61.0
52.0
46.0
67.0
44.0
50.0
53.0
44.0
47.0
52.0
45.0
89.0
66.0
50.0
47.0
63.0
46.0
51.0
68.0
54.0
51.0
52.0
47.0
53.0
46.0
288.0
279.0
79.0
41.0
40.0
54.0
47.0
47.0
53.0
74.0
43.0
47.0
42.0
41.0
54.0
57.0
46.0
46.0
46.0
49.0
62.0
38.0
47.0
43.0
69.0
40.0
39.0
60.0
50.0
50.0
69.0
52.0
36.0
279.0
58.0
52.0
65.0
45.0
59.0
46.0
50.0
42.0
80.0
38.0
42.0
50.0
43.0
43.0
75.0
47.0
56.0
53.0
52.0
42.0
51.0
53.0
44.0
53.0
38.0
51.0
49.0
55.0
48.0
61.0
56.0
56.0
55.0
46.0
39.0
48.0
57.0
46.0
46.0
43.0
38.0
40.0
62.0
59.0
53.0
45.0
55.0
46.0
48.0
47.0
39.0
304.0
45.0
260.0
52.0
56.0
48.0
51.0
39.0
101.0
48.0
49.0
54.0
46.0
56.0
50.0
53.0
54.0
66.0
41.0
48.0
49.0
59.0
48.0
38.0
50.0
43.0
45.0
51.0
58.0
45.0
44.0
43.0
41.0
41.0
69.0
56.0
47.0
60.0
45.0
41.0
48.0
37.0
271.0
71.0
44.0
49.0
56.0
64.0
58.0
296.0
46.0
51.0
48.0
51.0
47.0
60.0
66.0
60.0
46.0
49.0
45.0
47.0
48.0
43.0
53.0
44.0
54.0
47.0
43.0
51.0
50.0
52.0
58.0
51.0
52.0
54.0
53.0
56.0
47.0
