307.0
206.0
224.0
285.0
273.0
219.0
214.0
271.0
260.0
266.0
275.0
225.0
276.0
207.0
196.0
252.0
259.0
317.0
297.0
247.0
228.0
287.0
339.0
225.0
230.0
280.0
257.0
250.0
240.0
295.0
343.0
211.0
210.0
213.0
218.0
257.0
214.0
220.0
264.0
257.0
221.0
248.0
226.0
212.0
263.0
256.0
226.0
220.0
241.0
238.0
244.0
217.0
221.0
211.0
280.0
274.0
228.0
254.0
289.0
238.0
199.0
220.0
300.0
198.0
226.0
198.0
205.0
212.0
213.0
260.0
302.0
266.0
244.0
253.0
251.0
276.0
218.0
202.0
307.0
305.0
270.0
233.0
265.0
234.0
257.0
234.0
250.0
287.0
238.0
316.0
269.0
250.0
280.0
288.0
256.0
240.0
255.0
299.0
318.0
216.0
260.0
251.0
266.0
251.0
250.0
216.0
201.0
180.0
255.0
216.0
217.0
194.0
248.0
239.0
252.0
279.0
291.0
230.0
264.0
251.0
214.0
239.0
265.0
275.0
258.0
194.0
206.0
279.0
260.0
231.0
288.0
322.0
222.0
234.0
244.0
239.0
270.0
251.0
206.0
214.0
259.0
245.0
252.0
206.0
255.0
198.0
249.0
285.0
334.0
240.0
221.0
234.0
299.0
247.0
275.0
276.0
202.0
241.0
266.0
240.0
205.0
276.0
233.0
230.0
320.0
202.0
243.0
284.0
273.0
227.0
264.0
187.0
252.0
304.0
239.0
283.0
233.0
245.0
226.0
226.0
268.0
207.0
201.0
237.0
272.0
188.0
253.0
262.0
352.0
272.0
211.0
303.0
199.0
218.0
233.0
335.0
198.0
240.0
204.0
241.0
202.0
258.0
307.0
264.0
196.0
195.0
247.0
259.0
306.0
284.0
279.0
260.0
197.0
259.0
288.0
236.0
269.0
240.0
188.0
282.0
192.0
259.0
291.0
252.0
222.0
276.0
267.0
211.0
197.0
296.0
272.0
257.0
270.0
295.0
249.0
286.0
213.0
222.0
235.0
233.0
207.0
288.0
231.0
253.0
278.0
291.0
230.0
271.0
224.0
200.0
268.0
279.0
214.0
242.0
204.0
213.0
291.0
234.0
209.0
260.0
260.0
242.0
243.0
272.0
262.0
194.0
197.0
204.0
216.0
243.0
303.0
242.0
264.0
246.0
199.0
249.0
231.0
208.0
223.0
190.0
238.0
254.0
198.0
211.0
325.0
257.0
292.0
294.0
228.0
224.0
298.0
277.0
234.0
193.0
205.0
261.0
289.0
248.0
252.0
254.0
321.0
222.0
252.0
309.0
302.0
223.0
251.0
203.0
187.0
231.0
347.0
316.0
250.0
281.0
240.0
270.0
267.0
295.0
241.0
279.0
303.0
223.0
239.0
272.0
263.0
311.0
250.0
198.0
261.0
247.0
278.0
264.0
218.0
260.0
226.0
199.0
211.0
280.0
202.0
213.0
323.0
197.0
206.0
273.0
209.0
239.0
262.0
198.0
236.0
257.0
204.0
208.0
196.0
341.0
276.0
222.0
287.0
240.0
212.0
256.0
203.0
240.0
220.0
219.0
268.0
282.0
253.0
279.0
218.0
269.0
276.0
250.0
200.0
184.0
222.0
220.0
203.0
263.0
204.0
228.0
283.0
263.0
301.0
238.0
266.0
229.0
239.0
244.0
248.0
232.0
302.0
211.0
260.0
292.0
281.0
208.0
261.0
279.0
259.0
292.0
261.0
280.0
242.0
218.0
230.0
214.0
232.0
240.0
249.0
258.0
286.0
296.0
250.0
273.0
247.0
230.0
274.0
237.0
299.0
239.0
276.0
224.0
237.0
264.0
280.0
245.0
259.0
314.0
264.0
201.0
331.0
313.0
245.0
248.0
272.0
221.0
273.0
252.0
251.0
239.0
231.0
345.0
229.0
280.0
219.0
256.0
279.0
247.0
216.0
228.0
243.0
247.0
253.0
259.0
242.0
202.0
242.0
232.0
206.0
268.0
272.0
283.0
255.0
264.0
190.0
200.0
267.0
234.0
245.0
228.0
192.0
292.0
286.0
249.0
209.0
256.0
283.0
213.0
236.0
215.0
226.0
291.0
216.0
194.0
229.0
261.0
260.0
244.0
281.0
253.0
226.0
186.0
209.0
247.0
257.0
209.0
244.0
257.0
215.0
306.0
