162.0
161.0
169.0
187.0
179.0
162.0
174.0
155.0
189.0
170.0
162.0
166.0
176.0
163.0
160.0
176.0
190.0
155.0
183.0
166.0
181.0
164.0
166.0
181.0
194.0
201.0
150.0
166.0
164.0
152.0
170.0
167.0
212.0
163.0
201.0
169.0
250.0
165.0
173.0
167.0
167.0
174.0
213.0
174.0
161.0
174.0
179.0
200.0
181.0
167.0
176.0
201.0
227.0
188.0
166.0
180.0
157.0
164.0
156.0
210.0
158.0
160.0
162.0
171.0
185.0
156.0
182.0
176.0
186.0
207.0
159.0
189.0
188.0
172.0
177.0
198.0
167.0
177.0
168.0
164.0
193.0
185.0
196.0
154.0
176.0
153.0
185.0
194.0
170.0
192.0
191.0
157.0
167.0
195.0
161.0
161.0
168.0
163.0
181.0
158.0
160.0
165.0
172.0
167.0
160.0
177.0
196.0
167.0
167.0
181.0
201.0
165.0
170.0
172.0
157.0
172.0
192.0
192.0
174.0
162.0
162.0
172.0
184.0
154.0
158.0
192.0
174.0
210.0
166.0
173.0
156.0
186.0
155.0
181.0
160.0
219.0
164.0
183.0
157.0
194.0
184.0
175.0
208.0
192.0
173.0
167.0
164.0
203.0
160.0
193.0
179.0
166.0
165.0
179.0
177.0
159.0
180.0
181.0
196.0
165.0
158.0
208.0
160.0
174.0
160.0
157.0
160.0
159.0
160.0
173.0
177.0
175.0
160.0
163.0
175.0
153.0
167.0
181.0
160.0
174.0
175.0
166.0
164.0
153.0
201.0
167.0
173.0
166.0
158.0
166.0
168.0
165.0
172.0
201.0
188.0
182.0
178.0
171.0
170.0
184.0
161.0
212.0
162.0
174.0
187.0
189.0
160.0
177.0
170.0
191.0
180.0
163.0
170.0
164.0
176.0
170.0
177.0
157.0
160.0
160.0
180.0
181.0
165.0
162.0
162.0
174.0
154.0
156.0
185.0
162.0
186.0
188.0
157.0
150.0
157.0
153.0
171.0
169.0
154.0
163.0
153.0
169.0
163.0
179.0
196.0
170.0
171.0
155.0
176.0
166.0
156.0
175.0
182.0
177.0
211.0
151.0
185.0
175.0
179.0
169.0
189.0
154.0
187.0
149.0
158.0
172.0
214.0
160.0
192.0
178.0
166.0
162.0
166.0
172.0
179.0
168.0
174.0
199.0
170.0
153.0
160.0
171.0
188.0
156.0
180.0
175.0
166.0
158.0
171.0
171.0
172.0
176.0
177.0
185.0
191.0
182.0
165.0
172.0
202.0
183.0
167.0
173.0
191.0
163.0
171.0
167.0
165.0
172.0
181.0
161.0
161.0
158.0
173.0
176.0
156.0
168.0
170.0
178.0
166.0
153.0
171.0
175.0
186.0
185.0
181.0
149.0
183.0
200.0
181.0
178.0
153.0
174.0
166.0
170.0
166.0
160.0
173.0
173.0
161.0
166.0
158.0
166.0
164.0
181.0
173.0
174.0
166.0
168.0
178.0
180.0
164.0
168.0
160.0
164.0
174.0
171.0
165.0
174.0
176.0
164.0
186.0
170.0
174.0
166.0
163.0
172.0
180.0
159.0
152.0
193.0
169.0
178.0
164.0
164.0
161.0
167.0
168.0
168.0
159.0
175.0
168.0
159.0
168.0
174.0
159.0
193.0
187.0
179.0
161.0
172.0
224.0
176.0
203.0
160.0
163.0
202.0
175.0
196.0
162.0
215.0
169.0
156.0
170.0
157.0
169.0
175.0
172.0
177.0
158.0
172.0
183.0
159.0
176.0
161.0
166.0
178.0
150.0
159.0
160.0
179.0
196.0
171.0
201.0
162.0
200.0
171.0
203.0
176.0
164.0
167.0
171.0
191.0
157.0
171.0
158.0
170.0
162.0
169.0
168.0
170.0
173.0
185.0
206.0
171.0
161.0
152.0
163.0
166.0
172.0
160.0
167.0
165.0
179.0
155.0
156.0
160.0
180.0
160.0
163.0
173.0
190.0
164.0
163.0
184.0
189.0
180.0
169.0
186.0
179.0
174.0
154.0
178.0
182.0
179.0
171.0
178.0
181.0
190.0
176.0
154.0
170.0
176.0
159.0
180.0
174.0
185.0
175.0
200.0
167.0
180.0
172.0
184.0
169.0
187.0
172.0
183.0
175.0
166.0
186.0
178.0
