85.0
99.0
85.0
92.0
111.0
108.0
107.0
82.0
107.0
94.0
84.0
88.0
63.0
80.0
90.0
74.0
110.0
92.0
15.0
103.0
92.0
89.0
111.0
107.0
102.0
118.0
123.0
74.0
97.0
92.0
61.0
81.0
88.0
77.0
72.0
127.0
93.0
100.0
85.0
63.0
15.0
92.0
89.0
84.0
84.0
71.0
80.0
91.0
81.0
87.0
94.0
98.0
89.0
74.0
74.0
94.0
114.0
102.0
92.0
105.0
100.0
83.0
106.0
27.0
118.0
114.0
107.0
101.0
84.0
114.0
90.0
82.0
112.0
85.0
15.0
67.0
117.0
81.0
70.0
65.0
105.0
120.0
102.0
93.0
132.0
62.0
105.0
98.0
94.0
152.0
64.0
89.0
81.0
95.0
82.0
92.0
110.0
82.0
80.0
103.0
122.0
107.0
104.0
123.0
84.0
91.0
103.0
122.0
115.0
88.0
93.0
69.0
120.0
78.0
93.0
142.0
123.0
87.0
74.0
110.0
93.0
85.0
93.0
86.0
101.0
87.0
93.0
109.0
92.0
113.0
67.0
98.0
135.0
111.0
116.0
109.0
98.0
96.0
120.0
99.0
93.0
85.0
76.0
113.0
81.0
92.0
84.0
77.0
87.0
118.0
97.0
130.0
101.0
78.0
86.0
139.0
124.0
91.0
72.0
102.0
75.0
99.0
78.0
111.0
64.0
108.0
92.0
97.0
91.0
73.0
74.0
77.0
157.0
127.0
77.0
108.0
114.0
73.0
111.0
133.0
104.0
122.0
130.0
77.0
97.0
98.0
106.0
125.0
103.0
77.0
147.0
69.0
129.0
110.0
127.0
130.0
93.0
98.0
63.0
71.0
98.0
98.0
163.0
116.0
63.0
62.0
125.0
98.0
111.0
96.0
90.0
80.0
72.0
62.0
133.0
112.0
77.0
110.0
83.0
90.0
15.0
76.0
110.0
84.0
88.0
104.0
113.0
107.0
117.0
111.0
104.0
121.0
101.0
131.0
73.0
93.0
101.0
114.0
87.0
88.0
66.0
108.0
76.0
70.0
114.0
68.0
73.0
117.0
94.0
85.0
73.0
80.0
110.0
115.0
94.0
77.0
76.0
93.0
81.0
98.0
101.0
114.0
83.0
41.0
105.0
24.0
90.0
102.0
96.0
83.0
94.0
68.0
91.0
85.0
119.0
84.0
81.0
90.0
93.0
107.0
112.0
117.0
110.0
80.0
123.0
94.0
110.0
90.0
144.0
15.0
121.0
63.0
82.0
73.0
89.0
142.0
28.0
79.0
78.0
78.0
113.0
82.0
100.0
72.0
78.0
93.0
95.0
74.0
112.0
86.0
102.0
89.0
99.0
87.0
89.0
66.0
69.0
124.0
88.0
87.0
66.0
58.0
98.0
118.0
102.0
106.0
107.0
134.0
130.0
81.0
92.0
128.0
103.0
101.0
137.0
90.0
100.0
102.0
81.0
89.0
139.0
104.0
86.0
87.0
113.0
125.0
100.0
107.0
82.0
96.0
86.0
112.0
68.0
89.0
117.0
101.0
83.0
80.0
74.0
83.0
85.0
82.0
95.0
77.0
112.0
76.0
99.0
106.0
72.0
74.0
93.0
93.0
112.0
94.0
15.0
76.0
73.0
91.0
144.0
93.0
101.0
151.0
70.0
98.0
81.0
111.0
133.0
139.0
87.0
66.0
110.0
93.0
85.0
81.0
106.0
75.0
95.0
94.0
79.0
86.0
79.0
102.0
99.0
93.0
86.0
121.0
86.0
98.0
84.0
62.0
75.0
114.0
113.0
131.0
93.0
85.0
104.0
122.0
87.0
74.0
67.0
83.0
103.0
105.0
101.0
86.0
46.0
110.0
82.0
81.0
100.0
82.0
95.0
77.0
84.0
118.0
163.0
80.0
78.0
100.0
99.0
104.0
91.0
111.0
87.0
118.0
101.0
87.0
108.0
73.0
71.0
111.0
82.0
92.0
101.0
81.0
91.0
70.0
96.0
66.0
78.0
77.0
92.0
113.0
15.0
105.0
122.0
71.0
96.0
77.0
81.0
80.0
34.0
71.0
15.0
95.0
102.0
81.0
91.0
85.0
94.0
93.0
85.0
78.0
99.0
93.0
85.0
94.0
107.0
73.0
106.0
74.0
105.0
93.0
101.0
89.0
72.0
121.0
111.0
150.0
