134.0
157.0
196.0
156.0
150.0
156.0
165.0
151.0
155.0
161.0
151.0
159.0
134.0
146.0
205.0
180.0
160.0
155.0
133.0
157.0
151.0
143.0
156.0
134.0
131.0
169.0
147.0
133.0
156.0
138.0
145.0
145.0
146.0
156.0
144.0
155.0
164.0
160.0
168.0
150.0
138.0
151.0
163.0
162.0
156.0
165.0
180.0
143.0
139.0
134.0
158.0
139.0
197.0
138.0
151.0
174.0
148.0
138.0
143.0
143.0
156.0
154.0
162.0
146.0
153.0
145.0
145.0
166.0
143.0
163.0
130.0
138.0
160.0
157.0
163.0
160.0
152.0
141.0
172.0
135.0
184.0
139.0
148.0
134.0
161.0
137.0
148.0
151.0
153.0
158.0
144.0
139.0
162.0
148.0
137.0
155.0
154.0
152.0
153.0
154.0
170.0
146.0
144.0
161.0
153.0
141.0
162.0
161.0
158.0
147.0
135.0
169.0
174.0
162.0
137.0
160.0
147.0
182.0
152.0
139.0
145.0
165.0
153.0
158.0
170.0
153.0
151.0
172.0
148.0
141.0
149.0
163.0
146.0
154.0
145.0
144.0
151.0
151.0
156.0
156.0
152.0
172.0
132.0
160.0
193.0
140.0
130.0
130.0
160.0
174.0
142.0
176.0
167.0
149.0
135.0
159.0
136.0
159.0
157.0
154.0
138.0
140.0
143.0
169.0
155.0
146.0
179.0
159.0
144.0
127.0
154.0
144.0
140.0
201.0
166.0
143.0
150.0
162.0
150.0
154.0
167.0
171.0
135.0
141.0
198.0
151.0
201.0
172.0
219.0
138.0
137.0
139.0
178.0
154.0
143.0
186.0
161.0
162.0
135.0
149.0
139.0
157.0
154.0
147.0
158.0
147.0
153.0
158.0
171.0
169.0
132.0
171.0
224.0
149.0
169.0
155.0
148.0
158.0
140.0
156.0
175.0
168.0
152.0
165.0
147.0
157.0
138.0
147.0
142.0
178.0
166.0
158.0
157.0
148.0
170.0
144.0
149.0
161.0
133.0
140.0
150.0
150.0
147.0
182.0
152.0
142.0
162.0
145.0
168.0
139.0
237.0
169.0
166.0
155.0
162.0
148.0
153.0
147.0
147.0
153.0
136.0
159.0
161.0
144.0
158.0
144.0
184.0
178.0
149.0
190.0
152.0
136.0
148.0
147.0
160.0
151.0
139.0
129.0
149.0
172.0
130.0
147.0
153.0
188.0
152.0
153.0
152.0
134.0
145.0
159.0
174.0
150.0
141.0
167.0
165.0
167.0
150.0
142.0
163.0
164.0
134.0
159.0
154.0
139.0
134.0
148.0
143.0
140.0
144.0
143.0
150.0
145.0
140.0
158.0
150.0
133.0
163.0
150.0
147.0
138.0
149.0
158.0
142.0
209.0
153.0
146.0
146.0
187.0
162.0
182.0
147.0
163.0
144.0
154.0
157.0
153.0
176.0
141.0
134.0
153.0
155.0
147.0
168.0
184.0
209.0
179.0
150.0
156.0
155.0
167.0
150.0
145.0
145.0
159.0
153.0
164.0
147.0
140.0
165.0
160.0
139.0
152.0
175.0
163.0
156.0
162.0
179.0
161.0
139.0
162.0
169.0
162.0
162.0
145.0
137.0
167.0
163.0
145.0
143.0
129.0
157.0
154.0
146.0
150.0
148.0
140.0
142.0
169.0
153.0
134.0
139.0
193.0
172.0
157.0
139.0
147.0
135.0
178.0
153.0
139.0
151.0
141.0
158.0
169.0
155.0
135.0
198.0
175.0
166.0
161.0
146.0
160.0
156.0
132.0
173.0
136.0
155.0
184.0
147.0
142.0
144.0
164.0
171.0
149.0
156.0
142.0
163.0
145.0
166.0
142.0
154.0
145.0
148.0
152.0
157.0
143.0
147.0
154.0
150.0
136.0
136.0
156.0
170.0
144.0
149.0
161.0
147.0
159.0
137.0
136.0
156.0
198.0
170.0
145.0
136.0
152.0
156.0
154.0
151.0
153.0
149.0
148.0
153.0
139.0
153.0
170.0
156.0
144.0
142.0
169.0
162.0
166.0
157.0
131.0
143.0
143.0
158.0
143.0
166.0
137.0
138.0
165.0
142.0
143.0
159.0
165.0
145.0
163.0
139.0
161.0
163.0
144.0
142.0
199.0
155.0
147.0
137.0
141.0
152.0
149.0
