151.0
162.0
128.0
124.0
158.0
184.0
155.0
165.0
145.0
157.0
139.0
153.0
156.0
155.0
146.0
153.0
126.0
139.0
129.0
150.0
141.0
157.0
133.0
131.0
120.0
146.0
142.0
142.0
124.0
159.0
166.0
142.0
138.0
143.0
169.0
173.0
122.0
166.0
142.0
142.0
143.0
158.0
160.0
157.0
145.0
152.0
144.0
147.0
143.0
141.0
151.0
146.0
138.0
155.0
131.0
155.0
146.0
141.0
156.0
154.0
159.0
157.0
137.0
154.0
142.0
140.0
147.0
172.0
225.0
146.0
142.0
158.0
152.0
141.0
160.0
143.0
137.0
142.0
157.0
145.0
144.0
144.0
127.0
140.0
158.0
158.0
138.0
140.0
149.0
164.0
138.0
139.0
129.0
150.0
139.0
144.0
164.0
149.0
142.0
150.0
136.0
145.0
169.0
153.0
140.0
158.0
168.0
139.0
150.0
154.0
155.0
147.0
128.0
144.0
190.0
157.0
130.0
167.0
161.0
131.0
138.0
116.0
144.0
130.0
127.0
146.0
178.0
150.0
142.0
146.0
147.0
154.0
146.0
158.0
150.0
138.0
150.0
165.0
144.0
140.0
164.0
144.0
145.0
146.0
145.0
161.0
171.0
171.0
167.0
146.0
152.0
140.0
139.0
150.0
148.0
139.0
133.0
148.0
145.0
150.0
142.0
133.0
164.0
143.0
137.0
145.0
148.0
142.0
183.0
134.0
141.0
153.0
143.0
169.0
145.0
152.0
153.0
152.0
152.0
156.0
152.0
136.0
161.0
147.0
139.0
150.0
135.0
144.0
149.0
154.0
148.0
127.0
144.0
146.0
144.0
170.0
171.0
148.0
151.0
143.0
160.0
170.0
132.0
161.0
149.0
142.0
163.0
151.0
164.0
143.0
146.0
135.0
157.0
172.0
134.0
159.0
142.0
140.0
153.0
137.0
163.0
186.0
123.0
150.0
181.0
159.0
157.0
134.0
143.0
145.0
147.0
147.0
112.0
157.0
156.0
162.0
144.0
138.0
148.0
144.0
137.0
149.0
109.0
149.0
123.0
159.0
165.0
148.0
160.0
144.0
138.0
164.0
129.0
139.0
132.0
142.0
127.0
132.0
143.0
165.0
145.0
155.0
143.0
166.0
133.0
155.0
158.0
123.0
138.0
135.0
159.0
173.0
156.0
146.0
147.0
147.0
202.0
151.0
152.0
169.0
138.0
158.0
172.0
172.0
164.0
140.0
140.0
150.0
134.0
174.0
144.0
146.0
143.0
137.0
141.0
130.0
153.0
152.0
147.0
136.0
185.0
162.0
145.0
167.0
156.0
152.0
229.0
140.0
133.0
155.0
149.0
167.0
161.0
143.0
149.0
157.0
153.0
148.0
125.0
142.0
146.0
140.0
143.0
145.0
147.0
172.0
133.0
180.0
146.0
140.0
145.0
158.0
143.0
150.0
159.0
133.0
143.0
136.0
151.0
130.0
142.0
150.0
151.0
124.0
148.0
138.0
158.0
127.0
162.0
144.0
152.0
156.0
153.0
152.0
161.0
139.0
143.0
134.0
147.0
139.0
133.0
149.0
161.0
145.0
132.0
139.0
168.0
143.0
141.0
151.0
187.0
145.0
128.0
154.0
169.0
158.0
137.0
139.0
139.0
157.0
138.0
197.0
143.0
156.0
157.0
137.0
150.0
135.0
154.0
145.0
148.0
139.0
144.0
186.0
150.0
146.0
147.0
150.0
163.0
196.0
151.0
152.0
144.0
152.0
153.0
139.0
153.0
140.0
144.0
187.0
121.0
125.0
148.0
140.0
177.0
148.0
122.0
142.0
146.0
147.0
134.0
131.0
153.0
116.0
152.0
151.0
138.0
133.0
155.0
153.0
130.0
129.0
138.0
139.0
141.0
135.0
162.0
143.0
149.0
151.0
172.0
147.0
143.0
144.0
119.0
146.0
141.0
134.0
151.0
142.0
169.0
153.0
142.0
142.0
165.0
156.0
155.0
138.0
159.0
144.0
148.0
175.0
174.0
158.0
135.0
151.0
145.0
141.0
148.0
131.0
143.0
125.0
153.0
126.0
149.0
178.0
148.0
154.0
160.0
132.0
133.0
144.0
137.0
164.0
134.0
138.0
139.0
154.0
136.0
148.0
143.0
126.0
162.0
151.0
138.0
153.0
144.0
211.0
158.0
137.0
