141.0
134.0
134.0
136.0
135.0
152.0
134.0
130.0
138.0
134.0
131.0
133.0
155.0
136.0
137.0
140.0
135.0
137.0
141.0
137.0
152.0
141.0
144.0
140.0
146.0
138.0
134.0
131.0
134.0
134.0
143.0
137.0
134.0
136.0
137.0
156.0
136.0
135.0
139.0
149.0
146.0
148.0
134.0
137.0
135.0
136.0
128.0
148.0
151.0
148.0
150.0
132.0
139.0
140.0
151.0
145.0
136.0
139.0
142.0
145.0
135.0
154.0
152.0
140.0
137.0
136.0
150.0
136.0
139.0
139.0
150.0
137.0
133.0
141.0
134.0
153.0
133.0
135.0
131.0
137.0
145.0
136.0
143.0
130.0
145.0
147.0
133.0
139.0
137.0
138.0
134.0
136.0
133.0
134.0
134.0
135.0
145.0
152.0
135.0
133.0
135.0
130.0
137.0
133.0
131.0
136.0
135.0
133.0
131.0
141.0
145.0
144.0
140.0
152.0
146.0
140.0
134.0
138.0
136.0
133.0
136.0
137.0
133.0
153.0
130.0
136.0
134.0
134.0
136.0
148.0
133.0
135.0
141.0
147.0
130.0
140.0
137.0
138.0
137.0
148.0
135.0
130.0
133.0
142.0
148.0
140.0
139.0
151.0
139.0
139.0
137.0
140.0
140.0
133.0
134.0
143.0
135.0
134.0
136.0
132.0
138.0
152.0
140.0
138.0
135.0
130.0
146.0
136.0
135.0
157.0
143.0
138.0
134.0
134.0
132.0
134.0
148.0
137.0
133.0
136.0
148.0
134.0
139.0
135.0
140.0
141.0
136.0
137.0
137.0
135.0
134.0
142.0
139.0
134.0
145.0
137.0
155.0
130.0
133.0
136.0
151.0
131.0
150.0
132.0
137.0
135.0
137.0
148.0
131.0
133.0
143.0
139.0
133.0
146.0
139.0
148.0
135.0
148.0
149.0
138.0
133.0
152.0
152.0
158.0
136.0
139.0
131.0
141.0
135.0
131.0
134.0
135.0
136.0
135.0
140.0
143.0
147.0
134.0
141.0
141.0
132.0
141.0
135.0
138.0
133.0
136.0
136.0
134.0
133.0
138.0
132.0
142.0
131.0
133.0
153.0
133.0
132.0
152.0
152.0
134.0
134.0
148.0
133.0
134.0
131.0
133.0
134.0
142.0
137.0
135.0
136.0
133.0
148.0
135.0
140.0
140.0
132.0
149.0
143.0
141.0
140.0
138.0
140.0
135.0
142.0
135.0
132.0
135.0
130.0
134.0
136.0
135.0
139.0
134.0
131.0
133.0
138.0
148.0
139.0
134.0
138.0
132.0
134.0
148.0
135.0
133.0
152.0
134.0
129.0
150.0
136.0
152.0
135.0
133.0
135.0
141.0
133.0
149.0
134.0
148.0
139.0
132.0
133.0
137.0
142.0
137.0
136.0
138.0
128.0
142.0
132.0
134.0
135.0
133.0
137.0
134.0
132.0
136.0
140.0
131.0
148.0
137.0
135.0
134.0
134.0
142.0
131.0
133.0
142.0
135.0
140.0
134.0
153.0
142.0
137.0
134.0
142.0
136.0
144.0
140.0
132.0
151.0
134.0
132.0
134.0
134.0
152.0
134.0
132.0
135.0
148.0
137.0
132.0
144.0
140.0
148.0
147.0
141.0
135.0
129.0
134.0
132.0
133.0
142.0
150.0
136.0
130.0
135.0
134.0
138.0
135.0
149.0
144.0
146.0
133.0
135.0
132.0
132.0
133.0
132.0
135.0
152.0
132.0
137.0
132.0
141.0
132.0
137.0
140.0
139.0
137.0
134.0
129.0
131.0
141.0
151.0
141.0
132.0
134.0
139.0
137.0
139.0
138.0
145.0
133.0
141.0
149.0
140.0
133.0
133.0
135.0
142.0
140.0
134.0
136.0
135.0
140.0
137.0
151.0
136.0
135.0
149.0
138.0
134.0
135.0
132.0
145.0
136.0
134.0
136.0
138.0
137.0
138.0
139.0
132.0
133.0
145.0
161.0
141.0
129.0
139.0
141.0
137.0
133.0
151.0
133.0
138.0
128.0
134.0
133.0
138.0
140.0
140.0
134.0
133.0
132.0
150.0
133.0
140.0
147.0
137.0
135.0
143.0
140.0
133.0
135.0
137.0
144.0
131.0
150.0
133.0
149.0
149.0
135.0
136.0
135.0
149.0
135.0
143.0
134.0
