155.0
187.0
171.0
184.0
162.0
157.0
165.0
153.0
175.0
197.0
165.0
157.0
217.0
147.0
182.0
174.0
222.0
170.0
166.0
162.0
175.0
167.0
172.0
153.0
174.0
153.0
173.0
175.0
183.0
170.0
200.0
205.0
193.0
168.0
172.0
194.0
185.0
169.0
174.0
149.0
169.0
184.0
146.0
162.0
166.0
157.0
164.0
166.0
173.0
188.0
173.0
164.0
220.0
164.0
185.0
146.0
195.0
170.0
174.0
167.0
156.0
174.0
174.0
202.0
171.0
181.0
162.0
168.0
155.0
152.0
177.0
163.0
163.0
171.0
155.0
211.0
169.0
169.0
197.0
177.0
187.0
206.0
169.0
162.0
174.0
166.0
176.0
176.0
174.0
172.0
158.0
162.0
174.0
166.0
154.0
174.0
167.0
172.0
150.0
188.0
164.0
149.0
180.0
168.0
173.0
156.0
171.0
158.0
159.0
164.0
163.0
163.0
147.0
159.0
169.0
177.0
170.0
181.0
161.0
204.0
163.0
165.0
178.0
154.0
164.0
208.0
164.0
164.0
170.0
158.0
158.0
166.0
176.0
176.0
199.0
173.0
189.0
168.0
173.0
177.0
164.0
162.0
198.0
159.0
171.0
177.0
186.0
194.0
175.0
193.0
160.0
163.0
170.0
164.0
196.0
167.0
162.0
153.0
204.0
165.0
176.0
191.0
148.0
184.0
209.0
159.0
178.0
160.0
175.0
162.0
173.0
156.0
163.0
169.0
197.0
167.0
170.0
181.0
164.0
176.0
184.0
183.0
181.0
177.0
163.0
202.0
164.0
159.0
164.0
184.0
152.0
185.0
165.0
166.0
159.0
154.0
178.0
178.0
171.0
175.0
156.0
161.0
169.0
154.0
163.0
153.0
155.0
182.0
174.0
160.0
173.0
239.0
157.0
178.0
205.0
167.0
167.0
173.0
176.0
149.0
164.0
205.0
159.0
153.0
166.0
182.0
214.0
146.0
171.0
182.0
160.0
180.0
176.0
151.0
169.0
165.0
156.0
165.0
161.0
197.0
148.0
185.0
151.0
173.0
229.0
174.0
166.0
158.0
177.0
178.0
172.0
163.0
194.0
169.0
153.0
164.0
158.0
167.0
160.0
149.0
158.0
180.0
184.0
151.0
177.0
151.0
167.0
153.0
183.0
179.0
170.0
164.0
222.0
162.0
167.0
163.0
208.0
150.0
162.0
169.0
169.0
158.0
165.0
191.0
155.0
169.0
163.0
149.0
163.0
181.0
171.0
156.0
177.0
162.0
169.0
157.0
182.0
165.0
169.0
172.0
164.0
163.0
188.0
190.0
192.0
174.0
152.0
181.0
186.0
175.0
155.0
192.0
146.0
174.0
173.0
189.0
176.0
171.0
167.0
164.0
157.0
164.0
167.0
158.0
164.0
171.0
159.0
177.0
156.0
164.0
180.0
201.0
195.0
201.0
174.0
177.0
152.0
152.0
163.0
164.0
182.0
162.0
168.0
169.0
174.0
167.0
216.0
164.0
206.0
163.0
157.0
163.0
204.0
168.0
171.0
179.0
176.0
162.0
169.0
165.0
186.0
170.0
186.0
163.0
175.0
176.0
169.0
170.0
184.0
196.0
185.0
225.0
155.0
155.0
159.0
182.0
166.0
189.0
187.0
181.0
165.0
167.0
165.0
172.0
187.0
168.0
161.0
159.0
164.0
159.0
191.0
165.0
163.0
191.0
167.0
178.0
162.0
169.0
208.0
163.0
175.0
178.0
168.0
193.0
181.0
186.0
166.0
171.0
155.0
202.0
158.0
155.0
206.0
167.0
156.0
184.0
159.0
169.0
162.0
171.0
195.0
154.0
168.0
151.0
167.0
178.0
144.0
195.0
203.0
214.0
167.0
166.0
182.0
192.0
189.0
178.0
177.0
184.0
168.0
158.0
222.0
161.0
164.0
189.0
190.0
166.0
167.0
188.0
153.0
155.0
153.0
177.0
195.0
165.0
167.0
163.0
165.0
175.0
151.0
175.0
158.0
179.0
174.0
170.0
167.0
163.0
208.0
164.0
191.0
169.0
171.0
152.0
185.0
179.0
204.0
174.0
154.0
162.0
182.0
166.0
167.0
160.0
184.0
163.0
169.0
158.0
170.0
162.0
168.0
171.0
167.0
176.0
159.0
165.0
154.0
188.0
164.0
150.0
160.0
184.0
