148.0
164.0
121.0
154.0
150.0
146.0
160.0
151.0
146.0
115.0
150.0
161.0
160.0
160.0
148.0
173.0
153.0
110.0
157.0
167.0
157.0
148.0
122.0
145.0
158.0
156.0
118.0
139.0
168.0
167.0
155.0
115.0
152.0
153.0
139.0
160.0
149.0
145.0
119.0
118.0
115.0
151.0
119.0
137.0
148.0
120.0
148.0
151.0
132.0
165.0
120.0
154.0
149.0
152.0
117.0
116.0
153.0
156.0
118.0
166.0
114.0
112.0
165.0
112.0
136.0
164.0
151.0
122.0
113.0
154.0
158.0
153.0
116.0
161.0
132.0
157.0
154.0
123.0
122.0
160.0
149.0
161.0
154.0
154.0
115.0
151.0
149.0
149.0
153.0
164.0
143.0
157.0
146.0
162.0
148.0
153.0
117.0
140.0
152.0
121.0
147.0
116.0
153.0
156.0
158.0
111.0
155.0
117.0
153.0
158.0
149.0
147.0
117.0
110.0
115.0
117.0
118.0
159.0
158.0
116.0
155.0
157.0
147.0
152.0
155.0
124.0
150.0
113.0
148.0
157.0
151.0
154.0
118.0
116.0
112.0
144.0
137.0
167.0
123.0
112.0
154.0
130.0
114.0
118.0
112.0
127.0
114.0
155.0
122.0
154.0
153.0
145.0
154.0
150.0
157.0
149.0
146.0
173.0
149.0
148.0
141.0
142.0
115.0
152.0
127.0
165.0
154.0
161.0
152.0
152.0
159.0
115.0
110.0
166.0
120.0
115.0
152.0
157.0
152.0
121.0
168.0
154.0
159.0
144.0
151.0
155.0
124.0
116.0
153.0
122.0
149.0
115.0
117.0
114.0
151.0
123.0
154.0
156.0
154.0
152.0
159.0
120.0
155.0
145.0
152.0
163.0
128.0
117.0
151.0
157.0
149.0
159.0
154.0
113.0
146.0
150.0
142.0
153.0
151.0
157.0
159.0
114.0
162.0
146.0
118.0
165.0
153.0
149.0
122.0
145.0
157.0
143.0
118.0
150.0
154.0
146.0
158.0
114.0
154.0
109.0
144.0
151.0
154.0
151.0
153.0
152.0
113.0
154.0
150.0
112.0
157.0
153.0
156.0
128.0
152.0
156.0
108.0
143.0
158.0
116.0
132.0
117.0
156.0
110.0
143.0
116.0
133.0
114.0
122.0
110.0
107.0
152.0
147.0
148.0
150.0
148.0
152.0
120.0
160.0
155.0
126.0
152.0
151.0
149.0
165.0
114.0
111.0
149.0
155.0
149.0
151.0
156.0
154.0
119.0
155.0
154.0
149.0
118.0
138.0
156.0
158.0
160.0
148.0
129.0
145.0
113.0
145.0
150.0
118.0
144.0
120.0
112.0
112.0
161.0
142.0
122.0
115.0
152.0
118.0
152.0
155.0
157.0
128.0
159.0
117.0
125.0
150.0
152.0
157.0
155.0
151.0
120.0
152.0
150.0
148.0
163.0
115.0
147.0
146.0
108.0
128.0
154.0
114.0
155.0
150.0
142.0
137.0
151.0
112.0
154.0
148.0
115.0
154.0
118.0
145.0
151.0
158.0
160.0
112.0
153.0
113.0
164.0
114.0
156.0
113.0
121.0
114.0
114.0
162.0
160.0
148.0
158.0
163.0
144.0
128.0
152.0
122.0
150.0
123.0
151.0
155.0
144.0
110.0
152.0
111.0
149.0
151.0
117.0
161.0
157.0
123.0
153.0
146.0
152.0
156.0
115.0
155.0
156.0
157.0
158.0
120.0
156.0
122.0
164.0
164.0
153.0
148.0
128.0
156.0
157.0
162.0
160.0
161.0
153.0
147.0
154.0
144.0
153.0
155.0
156.0
115.0
163.0
152.0
124.0
155.0
146.0
144.0
148.0
117.0
150.0
151.0
157.0
118.0
115.0
128.0
156.0
118.0
161.0
128.0
151.0
116.0
151.0
155.0
119.0
159.0
157.0
116.0
132.0
159.0
120.0
159.0
151.0
114.0
112.0
118.0
146.0
164.0
148.0
161.0
117.0
141.0
126.0
151.0
151.0
115.0
146.0
147.0
113.0
149.0
116.0
119.0
128.0
146.0
152.0
110.0
153.0
115.0
150.0
159.0
150.0
108.0
157.0
157.0
155.0
120.0
151.0
152.0
152.0
159.0
117.0
151.0
116.0
159.0
111.0
117.0
121.0
149.0
157.0
159.0
115.0
