166.0
153.0
161.0
158.0
167.0
192.0
172.0
153.0
174.0
154.0
161.0
184.0
186.0
161.0
173.0
160.0
171.0
162.0
168.0
166.0
189.0
171.0
166.0
168.0
150.0
156.0
175.0
162.0
184.0
161.0
153.0
161.0
145.0
164.0
160.0
167.0
167.0
156.0
164.0
203.0
158.0
173.0
189.0
164.0
188.0
159.0
172.0
161.0
152.0
189.0
152.0
159.0
188.0
154.0
180.0
159.0
167.0
179.0
157.0
173.0
159.0
170.0
162.0
190.0
171.0
163.0
171.0
192.0
160.0
178.0
161.0
156.0
181.0
174.0
149.0
168.0
158.0
161.0
170.0
156.0
164.0
188.0
165.0
158.0
159.0
164.0
196.0
172.0
156.0
163.0
153.0
155.0
167.0
192.0
155.0
173.0
192.0
184.0
160.0
170.0
156.0
165.0
179.0
161.0
173.0
152.0
169.0
178.0
166.0
190.0
164.0
154.0
153.0
159.0
164.0
181.0
151.0
153.0
186.0
172.0
166.0
168.0
166.0
168.0
163.0
159.0
281.0
186.0
159.0
193.0
159.0
165.0
163.0
158.0
173.0
169.0
169.0
152.0
196.0
171.0
157.0
156.0
165.0
153.0
178.0
151.0
164.0
175.0
153.0
170.0
181.0
176.0
197.0
153.0
195.0
164.0
172.0
166.0
161.0
154.0
155.0
173.0
168.0
164.0
167.0
165.0
180.0
181.0
166.0
164.0
179.0
160.0
160.0
190.0
166.0
178.0
153.0
148.0
153.0
172.0
185.0
162.0
167.0
175.0
163.0
152.0
160.0
172.0
154.0
193.0
160.0
161.0
215.0
166.0
174.0
181.0
171.0
153.0
161.0
154.0
151.0
152.0
172.0
158.0
155.0
170.0
155.0
165.0
157.0
150.0
168.0
160.0
149.0
171.0
159.0
155.0
153.0
162.0
172.0
168.0
177.0
192.0
183.0
158.0
150.0
170.0
165.0
154.0
152.0
154.0
184.0
196.0
193.0
165.0
191.0
164.0
161.0
158.0
152.0
204.0
150.0
172.0
161.0
154.0
183.0
182.0
193.0
165.0
164.0
167.0
153.0
181.0
178.0
174.0
154.0
178.0
159.0
172.0
180.0
152.0
158.0
178.0
164.0
200.0
182.0
169.0
172.0
165.0
187.0
155.0
170.0
153.0
179.0
153.0
203.0
153.0
164.0
191.0
169.0
156.0
174.0
167.0
161.0
171.0
166.0
168.0
173.0
167.0
155.0
176.0
178.0
169.0
182.0
166.0
162.0
158.0
194.0
158.0
160.0
169.0
156.0
164.0
169.0
172.0
160.0
159.0
192.0
153.0
145.0
156.0
152.0
161.0
168.0
168.0
157.0
193.0
184.0
163.0
167.0
175.0
181.0
201.0
152.0
183.0
166.0
156.0
155.0
180.0
166.0
188.0
197.0
171.0
203.0
170.0
191.0
181.0
155.0
161.0
183.0
173.0
156.0
184.0
149.0
162.0
158.0
179.0
166.0
154.0
174.0
192.0
160.0
150.0
172.0
148.0
163.0
171.0
160.0
164.0
166.0
179.0
183.0
160.0
203.0
155.0
173.0
154.0
164.0
175.0
159.0
174.0
169.0
174.0
165.0
166.0
157.0
213.0
153.0
162.0
160.0
167.0
169.0
173.0
181.0
170.0
162.0
150.0
168.0
168.0
183.0
159.0
172.0
160.0
179.0
159.0
189.0
156.0
164.0
153.0
152.0
154.0
171.0
178.0
176.0
186.0
155.0
159.0
167.0
183.0
159.0
201.0
156.0
182.0
174.0
151.0
166.0
172.0
153.0
202.0
161.0
154.0
161.0
182.0
149.0
159.0
166.0
167.0
157.0
157.0
169.0
158.0
150.0
158.0
168.0
161.0
163.0
182.0
158.0
159.0
171.0
186.0
169.0
176.0
173.0
151.0
198.0
183.0
171.0
153.0
180.0
162.0
174.0
169.0
173.0
175.0
178.0
149.0
175.0
167.0
163.0
174.0
185.0
170.0
151.0
157.0
156.0
150.0
166.0
166.0
189.0
151.0
159.0
159.0
185.0
167.0
173.0
158.0
198.0
170.0
157.0
192.0
182.0
174.0
165.0
164.0
175.0
176.0
183.0
177.0
155.0
162.0
159.0
150.0
166.0
165.0
179.0
160.0
173.0
162.0
162.0
162.0
