197.0
188.0
157.0
183.0
150.0
183.0
183.0
199.0
185.0
190.0
192.0
190.0
151.0
185.0
148.0
184.0
185.0
181.0
193.0
164.0
187.0
187.0
183.0
187.0
148.0
185.0
152.0
184.0
183.0
193.0
180.0
150.0
204.0
188.0
182.0
185.0
194.0
188.0
153.0
196.0
150.0
182.0
150.0
197.0
182.0
183.0
185.0
182.0
185.0
162.0
183.0
188.0
191.0
183.0
151.0
154.0
188.0
151.0
186.0
188.0
146.0
153.0
151.0
200.0
186.0
185.0
176.0
154.0
187.0
184.0
183.0
196.0
151.0
194.0
189.0
157.0
192.0
150.0
163.0
191.0
194.0
188.0
147.0
197.0
191.0
194.0
189.0
185.0
184.0
151.0
187.0
192.0
185.0
167.0
151.0
189.0
188.0
151.0
189.0
180.0
187.0
190.0
157.0
178.0
189.0
154.0
148.0
152.0
189.0
194.0
162.0
193.0
152.0
186.0
191.0
152.0
190.0
150.0
190.0
190.0
185.0
149.0
158.0
144.0
152.0
184.0
150.0
180.0
173.0
145.0
186.0
188.0
181.0
186.0
165.0
181.0
142.0
186.0
152.0
188.0
192.0
191.0
153.0
180.0
185.0
175.0
153.0
189.0
187.0
186.0
160.0
147.0
179.0
151.0
149.0
152.0
185.0
191.0
151.0
185.0
177.0
200.0
189.0
150.0
147.0
153.0
185.0
189.0
184.0
187.0
188.0
187.0
183.0
187.0
190.0
155.0
153.0
186.0
194.0
155.0
202.0
193.0
190.0
185.0
155.0
198.0
184.0
185.0
198.0
153.0
182.0
194.0
150.0
175.0
190.0
177.0
192.0
194.0
148.0
185.0
188.0
191.0
153.0
150.0
145.0
187.0
193.0
183.0
152.0
187.0
183.0
183.0
184.0
187.0
188.0
185.0
190.0
200.0
162.0
186.0
197.0
190.0
188.0
194.0
189.0
186.0
186.0
154.0
150.0
185.0
191.0
189.0
185.0
153.0
185.0
152.0
190.0
197.0
190.0
191.0
149.0
152.0
184.0
186.0
159.0
188.0
197.0
184.0
139.0
193.0
170.0
191.0
194.0
185.0
191.0
164.0
181.0
188.0
186.0
149.0
192.0
185.0
160.0
192.0
179.0
188.0
155.0
159.0
189.0
195.0
145.0
151.0
179.0
187.0
190.0
152.0
183.0
183.0
193.0
212.0
185.0
185.0
190.0
197.0
182.0
181.0
190.0
189.0
146.0
193.0
185.0
175.0
183.0
195.0
189.0
189.0
184.0
183.0
190.0
163.0
188.0
184.0
188.0
154.0
156.0
187.0
152.0
184.0
191.0
189.0
149.0
150.0
170.0
184.0
186.0
186.0
181.0
185.0
192.0
183.0
188.0
147.0
154.0
179.0
192.0
182.0
191.0
183.0
188.0
181.0
177.0
190.0
187.0
150.0
186.0
185.0
188.0
182.0
183.0
191.0
185.0
179.0
143.0
190.0
144.0
190.0
193.0
188.0
140.0
145.0
196.0
162.0
195.0
156.0
176.0
183.0
191.0
193.0
185.0
154.0
186.0
151.0
189.0
150.0
161.0
182.0
187.0
191.0
184.0
160.0
188.0
191.0
185.0
158.0
184.0
149.0
185.0
187.0
188.0
153.0
191.0
189.0
195.0
154.0
188.0
150.0
180.0
185.0
192.0
185.0
187.0
190.0
192.0
190.0
197.0
191.0
184.0
154.0
190.0
186.0
189.0
189.0
191.0
180.0
189.0
175.0
193.0
163.0
184.0
195.0
188.0
154.0
185.0
187.0
160.0
159.0
186.0
144.0
150.0
152.0
207.0
183.0
197.0
188.0
152.0
191.0
185.0
182.0
189.0
188.0
152.0
193.0
185.0
186.0
185.0
189.0
187.0
179.0
192.0
188.0
194.0
185.0
192.0
184.0
190.0
155.0
195.0
190.0
188.0
191.0
185.0
186.0
186.0
192.0
151.0
188.0
192.0
151.0
194.0
149.0
156.0
190.0
188.0
149.0
149.0
189.0
160.0
161.0
148.0
204.0
183.0
184.0
203.0
182.0
149.0
150.0
195.0
175.0
189.0
176.0
175.0
188.0
146.0
188.0
177.0
193.0
183.0
146.0
182.0
147.0
149.0
192.0
180.0
149.0
192.0
156.0
196.0
188.0
152.0
150.0
