156.0
155.0
184.0
164.0
170.0
165.0
156.0
211.0
155.0
171.0
158.0
167.0
150.0
158.0
200.0
169.0
153.0
160.0
191.0
159.0
171.0
165.0
174.0
170.0
169.0
156.0
167.0
170.0
162.0
162.0
159.0
163.0
156.0
163.0
155.0
150.0
154.0
165.0
154.0
162.0
159.0
164.0
160.0
162.0
153.0
167.0
161.0
171.0
174.0
153.0
157.0
159.0
169.0
169.0
153.0
164.0
152.0
161.0
181.0
163.0
165.0
197.0
159.0
166.0
173.0
164.0
155.0
159.0
161.0
158.0
161.0
163.0
153.0
210.0
157.0
168.0
173.0
184.0
160.0
158.0
165.0
159.0
183.0
159.0
154.0
160.0
154.0
157.0
168.0
159.0
155.0
161.0
156.0
153.0
155.0
150.0
168.0
160.0
168.0
155.0
200.0
170.0
163.0
155.0
154.0
161.0
172.0
153.0
165.0
154.0
175.0
166.0
155.0
161.0
159.0
170.0
152.0
150.0
157.0
168.0
168.0
160.0
157.0
170.0
185.0
151.0
158.0
157.0
175.0
170.0
163.0
151.0
166.0
179.0
156.0
182.0
166.0
162.0
170.0
150.0
149.0
164.0
159.0
161.0
156.0
168.0
162.0
159.0
164.0
158.0
158.0
159.0
146.0
165.0
154.0
158.0
148.0
178.0
162.0
152.0
158.0
161.0
162.0
169.0
161.0
154.0
160.0
179.0
156.0
183.0
162.0
171.0
160.0
163.0
172.0
152.0
157.0
152.0
173.0
207.0
164.0
181.0
161.0
159.0
163.0
157.0
155.0
169.0
153.0
161.0
172.0
155.0
152.0
159.0
163.0
162.0
158.0
158.0
166.0
161.0
166.0
153.0
164.0
161.0
151.0
163.0
158.0
162.0
154.0
172.0
164.0
155.0
202.0
150.0
164.0
160.0
155.0
147.0
162.0
177.0
160.0
161.0
161.0
164.0
151.0
175.0
264.0
158.0
156.0
158.0
155.0
153.0
151.0
158.0
159.0
161.0
167.0
166.0
158.0
146.0
156.0
159.0
176.0
174.0
153.0
189.0
166.0
165.0
168.0
160.0
156.0
165.0
160.0
149.0
162.0
166.0
153.0
156.0
158.0
155.0
151.0
156.0
154.0
169.0
160.0
166.0
267.0
150.0
154.0
177.0
165.0
155.0
157.0
166.0
166.0
165.0
163.0
151.0
166.0
156.0
164.0
170.0
166.0
151.0
165.0
159.0
160.0
157.0
225.0
164.0
159.0
160.0
163.0
150.0
161.0
162.0
152.0
156.0
160.0
175.0
165.0
158.0
163.0
157.0
155.0
217.0
160.0
163.0
168.0
162.0
160.0
159.0
230.0
160.0
169.0
174.0
174.0
151.0
158.0
158.0
157.0
151.0
161.0
166.0
170.0
160.0
159.0
159.0
163.0
160.0
262.0
158.0
156.0
161.0
160.0
163.0
165.0
187.0
159.0
169.0
157.0
150.0
154.0
172.0
161.0
160.0
160.0
202.0
160.0
159.0
157.0
154.0
160.0
175.0
153.0
171.0
163.0
152.0
156.0
168.0
166.0
151.0
208.0
148.0
152.0
178.0
153.0
158.0
155.0
165.0
163.0
165.0
165.0
153.0
194.0
163.0
155.0
161.0
162.0
152.0
163.0
163.0
157.0
171.0
193.0
163.0
172.0
168.0
166.0
261.0
174.0
166.0
156.0
155.0
158.0
158.0
159.0
164.0
162.0
156.0
158.0
149.0
160.0
163.0
190.0
152.0
157.0
161.0
161.0
161.0
176.0
152.0
159.0
156.0
164.0
162.0
150.0
162.0
166.0
162.0
156.0
162.0
183.0
164.0
161.0
165.0
151.0
160.0
160.0
172.0
161.0
156.0
171.0
149.0
168.0
156.0
156.0
159.0
159.0
158.0
157.0
155.0
161.0
171.0
156.0
176.0
158.0
158.0
159.0
162.0
162.0
165.0
152.0
175.0
157.0
168.0
161.0
162.0
150.0
150.0
168.0
161.0
156.0
159.0
150.0
170.0
160.0
183.0
165.0
156.0
157.0
172.0
159.0
166.0
154.0
176.0
166.0
152.0
155.0
172.0
153.0
156.0
164.0
167.0
148.0
162.0
165.0
162.0
246.0
156.0
212.0
155.0
163.0
163.0
156.0
150.0
162.0
164.0
158.0
161.0
