174.0
158.0
168.0
157.0
166.0
164.0
158.0
157.0
192.0
155.0
159.0
197.0
164.0
161.0
167.0
139.0
152.0
159.0
161.0
149.0
164.0
172.0
147.0
153.0
164.0
154.0
146.0
158.0
164.0
169.0
149.0
168.0
145.0
165.0
160.0
182.0
163.0
160.0
148.0
159.0
159.0
154.0
154.0
180.0
147.0
158.0
164.0
161.0
207.0
161.0
145.0
146.0
161.0
157.0
156.0
157.0
155.0
160.0
160.0
160.0
172.0
152.0
164.0
158.0
153.0
159.0
163.0
163.0
157.0
157.0
154.0
166.0
164.0
164.0
151.0
156.0
171.0
158.0
165.0
173.0
162.0
152.0
173.0
168.0
166.0
160.0
169.0
144.0
160.0
168.0
160.0
176.0
163.0
155.0
157.0
174.0
151.0
170.0
158.0
163.0
161.0
161.0
158.0
172.0
167.0
159.0
152.0
155.0
166.0
165.0
157.0
165.0
164.0
153.0
156.0
150.0
165.0
160.0
163.0
149.0
166.0
162.0
150.0
159.0
151.0
169.0
166.0
153.0
153.0
157.0
160.0
157.0
162.0
163.0
164.0
171.0
168.0
160.0
150.0
163.0
160.0
169.0
141.0
165.0
166.0
158.0
140.0
177.0
144.0
160.0
155.0
149.0
147.0
167.0
161.0
158.0
154.0
145.0
175.0
167.0
140.0
169.0
172.0
162.0
155.0
165.0
151.0
139.0
162.0
170.0
166.0
165.0
157.0
158.0
154.0
153.0
164.0
160.0
147.0
161.0
175.0
148.0
156.0
158.0
168.0
142.0
158.0
173.0
159.0
147.0
147.0
156.0
167.0
161.0
196.0
158.0
162.0
165.0
168.0
166.0
163.0
145.0
159.0
169.0
148.0
159.0
167.0
159.0
158.0
154.0
155.0
163.0
147.0
166.0
169.0
166.0
161.0
165.0
162.0
163.0
158.0
167.0
199.0
155.0
144.0
157.0
161.0
165.0
166.0
171.0
158.0
179.0
167.0
160.0
173.0
146.0
156.0
154.0
137.0
170.0
160.0
147.0
166.0
164.0
159.0
164.0
157.0
163.0
158.0
166.0
153.0
164.0
145.0
167.0
135.0
156.0
158.0
165.0
155.0
153.0
159.0
169.0
151.0
145.0
164.0
161.0
166.0
172.0
165.0
159.0
152.0
161.0
158.0
165.0
156.0
159.0
168.0
163.0
169.0
166.0
166.0
161.0
161.0
148.0
161.0
157.0
160.0
151.0
152.0
144.0
161.0
173.0
172.0
164.0
182.0
146.0
149.0
144.0
147.0
165.0
158.0
175.0
142.0
163.0
156.0
170.0
158.0
168.0
145.0
156.0
163.0
160.0
165.0
159.0
169.0
148.0
162.0
153.0
155.0
164.0
149.0
137.0
164.0
161.0
163.0
155.0
172.0
159.0
153.0
159.0
161.0
165.0
159.0
154.0
149.0
165.0
159.0
165.0
149.0
163.0
160.0
165.0
153.0
161.0
158.0
164.0
165.0
154.0
151.0
150.0
145.0
151.0
168.0
144.0
165.0
143.0
147.0
154.0
157.0
154.0
153.0
158.0
158.0
152.0
156.0
165.0
170.0
142.0
162.0
150.0
141.0
168.0
170.0
158.0
170.0
163.0
166.0
166.0
165.0
166.0
176.0
158.0
164.0
149.0
145.0
161.0
160.0
173.0
183.0
175.0
165.0
158.0
175.0
159.0
180.0
165.0
167.0
145.0
170.0
162.0
163.0
140.0
159.0
143.0
167.0
145.0
162.0
202.0
162.0
158.0
159.0
155.0
168.0
163.0
153.0
160.0
167.0
162.0
165.0
154.0
160.0
152.0
169.0
161.0
159.0
162.0
146.0
166.0
162.0
157.0
158.0
141.0
146.0
169.0
158.0
161.0
165.0
142.0
165.0
165.0
160.0
160.0
167.0
163.0
166.0
162.0
147.0
162.0
160.0
170.0
171.0
182.0
154.0
169.0
187.0
161.0
168.0
163.0
157.0
180.0
156.0
152.0
162.0
172.0
168.0
157.0
157.0
155.0
160.0
164.0
167.0
163.0
154.0
155.0
159.0
158.0
161.0
170.0
162.0
158.0
154.0
152.0
173.0
160.0
152.0
158.0
159.0
160.0
159.0
152.0
157.0
168.0
148.0
164.0
150.0
159.0
164.0
151.0
140.0
162.0
