166.0
159.0
140.0
142.0
137.0
161.0
148.0
156.0
168.0
165.0
161.0
154.0
174.0
148.0
140.0
195.0
155.0
161.0
140.0
161.0
143.0
130.0
133.0
137.0
129.0
162.0
156.0
134.0
171.0
150.0
151.0
157.0
156.0
163.0
158.0
151.0
125.0
219.0
162.0
147.0
137.0
163.0
146.0
208.0
138.0
152.0
151.0
154.0
166.0
150.0
162.0
174.0
161.0
182.0
164.0
162.0
165.0
163.0
114.0
154.0
148.0
158.0
157.0
157.0
152.0
147.0
148.0
159.0
152.0
162.0
152.0
167.0
137.0
148.0
141.0
162.0
142.0
154.0
135.0
159.0
181.0
151.0
164.0
167.0
206.0
146.0
137.0
168.0
161.0
149.0
138.0
180.0
146.0
151.0
155.0
166.0
146.0
175.0
147.0
132.0
152.0
145.0
163.0
185.0
136.0
160.0
151.0
134.0
152.0
143.0
134.0
159.0
165.0
158.0
153.0
148.0
140.0
147.0
197.0
143.0
141.0
146.0
139.0
149.0
146.0
139.0
186.0
134.0
148.0
131.0
152.0
150.0
146.0
145.0
165.0
178.0
129.0
113.0
159.0
148.0
156.0
142.0
153.0
154.0
170.0
148.0
130.0
158.0
144.0
141.0
135.0
145.0
145.0
145.0
151.0
195.0
201.0
144.0
168.0
176.0
147.0
147.0
148.0
169.0
131.0
141.0
172.0
151.0
166.0
168.0
147.0
146.0
167.0
153.0
154.0
147.0
185.0
187.0
147.0
154.0
141.0
167.0
146.0
142.0
149.0
155.0
134.0
173.0
149.0
145.0
138.0
181.0
140.0
153.0
156.0
152.0
164.0
156.0
143.0
159.0
160.0
147.0
159.0
150.0
129.0
137.0
163.0
156.0
152.0
152.0
139.0
162.0
154.0
137.0
186.0
153.0
140.0
160.0
164.0
159.0
139.0
170.0
163.0
158.0
164.0
154.0
145.0
157.0
139.0
143.0
135.0
178.0
144.0
137.0
173.0
154.0
179.0
177.0
134.0
206.0
197.0
143.0
145.0
144.0
148.0
189.0
157.0
146.0
166.0
134.0
132.0
154.0
152.0
156.0
143.0
155.0
138.0
165.0
156.0
144.0
151.0
142.0
149.0
171.0
162.0
146.0
151.0
132.0
129.0
145.0
143.0
155.0
146.0
164.0
140.0
174.0
123.0
161.0
170.0
186.0
144.0
144.0
151.0
161.0
200.0
152.0
144.0
143.0
162.0
161.0
159.0
151.0
140.0
150.0
168.0
154.0
170.0
168.0
167.0
146.0
159.0
143.0
173.0
169.0
158.0
139.0
151.0
162.0
155.0
132.0
151.0
167.0
153.0
157.0
152.0
144.0
181.0
167.0
149.0
155.0
151.0
153.0
143.0
158.0
166.0
178.0
160.0
162.0
149.0
146.0
144.0
132.0
157.0
152.0
173.0
148.0
158.0
155.0
146.0
138.0
152.0
170.0
150.0
145.0
150.0
146.0
169.0
198.0
128.0
134.0
191.0
154.0
202.0
138.0
143.0
164.0
137.0
152.0
199.0
161.0
174.0
163.0
155.0
154.0
138.0
145.0
163.0
159.0
175.0
166.0
143.0
148.0
167.0
140.0
156.0
149.0
169.0
170.0
159.0
153.0
129.0
175.0
170.0
148.0
164.0
149.0
157.0
169.0
146.0
144.0
176.0
146.0
147.0
145.0
147.0
158.0
189.0
159.0
121.0
147.0
171.0
161.0
167.0
157.0
146.0
175.0
129.0
169.0
181.0
132.0
136.0
153.0
119.0
116.0
150.0
161.0
147.0
187.0
150.0
139.0
156.0
135.0
154.0
131.0
159.0
160.0
170.0
174.0
184.0
140.0
165.0
145.0
133.0
130.0
190.0
175.0
164.0
150.0
140.0
152.0
144.0
165.0
148.0
150.0
229.0
153.0
154.0
146.0
159.0
146.0
168.0
167.0
143.0
153.0
156.0
133.0
139.0
135.0
173.0
169.0
150.0
144.0
142.0
168.0
143.0
173.0
178.0
148.0
143.0
137.0
171.0
138.0
157.0
140.0
143.0
125.0
129.0
155.0
138.0
169.0
173.0
146.0
187.0
146.0
139.0
133.0
157.0
161.0
140.0
151.0
174.0
150.0
148.0
131.0
149.0
141.0
168.0
153.0
150.0
142.0
