226.0
155.0
185.0
157.0
229.0
211.0
150.0
165.0
178.0
176.0
143.0
209.0
167.0
161.0
199.0
238.0
198.0
199.0
223.0
162.0
150.0
224.0
140.0
194.0
203.0
201.0
242.0
213.0
212.0
152.0
228.0
208.0
153.0
196.0
150.0
150.0
152.0
161.0
198.0
231.0
186.0
156.0
156.0
220.0
207.0
249.0
205.0
201.0
221.0
157.0
222.0
152.0
172.0
197.0
169.0
227.0
196.0
222.0
200.0
210.0
193.0
191.0
212.0
197.0
181.0
178.0
209.0
229.0
203.0
192.0
193.0
199.0
145.0
183.0
238.0
221.0
144.0
168.0
197.0
206.0
195.0
192.0
230.0
189.0
238.0
189.0
221.0
151.0
199.0
217.0
196.0
161.0
215.0
206.0
245.0
146.0
199.0
201.0
219.0
144.0
176.0
191.0
239.0
233.0
196.0
235.0
220.0
211.0
175.0
175.0
184.0
223.0
236.0
234.0
204.0
157.0
163.0
226.0
186.0
221.0
190.0
197.0
189.0
200.0
168.0
164.0
188.0
252.0
205.0
186.0
207.0
209.0
193.0
200.0
201.0
202.0
200.0
158.0
199.0
176.0
218.0
216.0
152.0
247.0
243.0
148.0
207.0
146.0
155.0
220.0
200.0
195.0
189.0
199.0
162.0
163.0
195.0
151.0
220.0
208.0
218.0
202.0
145.0
199.0
203.0
159.0
151.0
191.0
248.0
221.0
211.0
230.0
194.0
199.0
206.0
155.0
204.0
166.0
184.0
221.0
188.0
169.0
199.0
209.0
185.0
149.0
222.0
210.0
288.0
200.0
224.0
179.0
173.0
193.0
212.0
199.0
168.0
199.0
221.0
185.0
210.0
166.0
232.0
152.0
198.0
208.0
203.0
199.0
217.0
159.0
217.0
198.0
191.0
157.0
209.0
168.0
182.0
200.0
231.0
206.0
223.0
242.0
148.0
158.0
202.0
196.0
181.0
244.0
161.0
217.0
168.0
200.0
172.0
245.0
224.0
228.0
205.0
152.0
195.0
177.0
222.0
155.0
165.0
136.0
219.0
195.0
159.0
200.0
212.0
212.0
153.0
204.0
145.0
255.0
204.0
196.0
180.0
209.0
193.0
147.0
145.0
243.0
194.0
177.0
199.0
182.0
194.0
145.0
143.0
161.0
224.0
162.0
196.0
164.0
195.0
139.0
208.0
229.0
213.0
191.0
160.0
207.0
195.0
152.0
211.0
224.0
158.0
157.0
193.0
226.0
253.0
195.0
158.0
151.0
203.0
241.0
197.0
221.0
224.0
246.0
245.0
193.0
167.0
179.0
191.0
139.0
192.0
228.0
197.0
188.0
151.0
222.0
228.0
248.0
204.0
168.0
201.0
244.0
149.0
228.0
147.0
224.0
148.0
226.0
149.0
171.0
222.0
200.0
217.0
190.0
222.0
218.0
205.0
204.0
165.0
157.0
219.0
181.0
204.0
195.0
227.0
210.0
158.0
145.0
194.0
203.0
230.0
200.0
208.0
216.0
175.0
166.0
209.0
207.0
196.0
231.0
200.0
179.0
142.0
215.0
223.0
226.0
220.0
199.0
165.0
188.0
214.0
246.0
204.0
211.0
210.0
159.0
210.0
193.0
152.0
199.0
224.0
194.0
246.0
171.0
227.0
132.0
204.0
218.0
208.0
184.0
203.0
206.0
216.0
184.0
161.0
226.0
193.0
202.0
165.0
147.0
225.0
197.0
148.0
184.0
196.0
163.0
248.0
145.0
215.0
209.0
227.0
219.0
203.0
255.0
206.0
214.0
190.0
171.0
195.0
212.0
192.0
212.0
177.0
208.0
222.0
187.0
176.0
164.0
196.0
190.0
211.0
195.0
205.0
200.0
157.0
209.0
240.0
206.0
176.0
146.0
240.0
218.0
190.0
270.0
234.0
181.0
237.0
181.0
173.0
253.0
163.0
170.0
211.0
225.0
222.0
208.0
208.0
189.0
199.0
205.0
207.0
194.0
148.0
248.0
188.0
158.0
156.0
199.0
195.0
210.0
152.0
186.0
146.0
238.0
148.0
194.0
202.0
179.0
190.0
208.0
200.0
222.0
215.0
212.0
189.0
232.0
234.0
239.0
176.0
210.0
158.0
165.0
200.0
201.0
200.0
204.0
217.0
215.0
152.0
201.0
175.0
138.0
196.0
156.0
