205.0
234.0
198.0
208.0
202.0
218.0
220.0
208.0
206.0
199.0
205.0
216.0
250.0
245.0
207.0
212.0
212.0
201.0
219.0
212.0
193.0
197.0
199.0
220.0
206.0
208.0
194.0
242.0
203.0
190.0
213.0
190.0
205.0
200.0
224.0
199.0
212.0
234.0
193.0
201.0
193.0
210.0
236.0
210.0
205.0
204.0
207.0
198.0
214.0
202.0
177.0
187.0
219.0
206.0
215.0
200.0
209.0
207.0
227.0
203.0
214.0
226.0
222.0
222.0
214.0
223.0
210.0
218.0
203.0
208.0
213.0
187.0
187.0
198.0
195.0
210.0
219.0
181.0
195.0
219.0
208.0
212.0
218.0
261.0
214.0
199.0
209.0
206.0
200.0
236.0
181.0
191.0
219.0
197.0
193.0
218.0
221.0
197.0
204.0
207.0
202.0
188.0
184.0
206.0
191.0
209.0
219.0
189.0
186.0
220.0
183.0
201.0
231.0
202.0
205.0
192.0
205.0
223.0
209.0
196.0
209.0
208.0
229.0
209.0
197.0
241.0
201.0
207.0
238.0
212.0
193.0
213.0
200.0
209.0
257.0
204.0
195.0
230.0
212.0
191.0
232.0
208.0
199.0
205.0
265.0
202.0
215.0
208.0
211.0
207.0
209.0
201.0
200.0
199.0
217.0
206.0
204.0
213.0
210.0
194.0
218.0
188.0
198.0
197.0
195.0
222.0
195.0
182.0
208.0
214.0
195.0
251.0
191.0
194.0
242.0
232.0
206.0
200.0
207.0
201.0
198.0
205.0
213.0
204.0
207.0
237.0
231.0
209.0
203.0
218.0
202.0
217.0
219.0
194.0
187.0
203.0
225.0
238.0
196.0
203.0
222.0
210.0
185.0
187.0
226.0
203.0
202.0
206.0
233.0
235.0
189.0
208.0
197.0
227.0
208.0
266.0
219.0
214.0
205.0
204.0
193.0
191.0
222.0
216.0
223.0
201.0
213.0
231.0
205.0
200.0
205.0
217.0
217.0
206.0
195.0
200.0
203.0
212.0
174.0
226.0
204.0
234.0
191.0
220.0
208.0
218.0
185.0
204.0
203.0
210.0
201.0
230.0
224.0
232.0
201.0
230.0
226.0
197.0
206.0
242.0
208.0
234.0
218.0
207.0
201.0
200.0
206.0
213.0
194.0
195.0
205.0
203.0
215.0
199.0
191.0
204.0
198.0
201.0
198.0
213.0
238.0
194.0
186.0
181.0
206.0
205.0
204.0
202.0
188.0
213.0
232.0
211.0
228.0
202.0
214.0
195.0
207.0
212.0
194.0
198.0
193.0
190.0
220.0
236.0
187.0
186.0
227.0
218.0
211.0
215.0
198.0
190.0
213.0
198.0
204.0
230.0
191.0
192.0
196.0
196.0
184.0
191.0
210.0
215.0
203.0
202.0
203.0
175.0
217.0
194.0
239.0
221.0
199.0
202.0
189.0
201.0
219.0
190.0
214.0
230.0
195.0
217.0
200.0
206.0
184.0
217.0
203.0
239.0
200.0
244.0
210.0
247.0
203.0
200.0
207.0
213.0
188.0
206.0
196.0
195.0
216.0
226.0
203.0
195.0
205.0
182.0
196.0
211.0
204.0
213.0
209.0
228.0
207.0
236.0
195.0
214.0
203.0
219.0
226.0
213.0
250.0
202.0
198.0
194.0
229.0
207.0
204.0
188.0
204.0
202.0
192.0
216.0
210.0
191.0
210.0
258.0
200.0
208.0
226.0
206.0
212.0
182.0
229.0
211.0
195.0
220.0
203.0
209.0
225.0
215.0
226.0
203.0
228.0
193.0
212.0
190.0
220.0
231.0
190.0
191.0
198.0
200.0
208.0
200.0
214.0
229.0
231.0
221.0
220.0
241.0
203.0
203.0
225.0
222.0
223.0
180.0
228.0
218.0
238.0
206.0
221.0
201.0
222.0
193.0
189.0
208.0
230.0
195.0
193.0
212.0
196.0
196.0
199.0
228.0
190.0
199.0
212.0
211.0
206.0
195.0
205.0
210.0
192.0
200.0
198.0
206.0
222.0
203.0
217.0
198.0
211.0
190.0
194.0
237.0
208.0
217.0
205.0
214.0
186.0
195.0
212.0
202.0
200.0
185.0
192.0
206.0
222.0
218.0
199.0
212.0
218.0
202.0
222.0
214.0
203.0
198.0
204.0
224.0
222.0
202.0
